2	1.0: [312.000, 367.000, 1.000, 708.000, 106.000, 466.000, 619.000, 654.000, 634.000, 606.000]
2	1.0: [287.000, 158.000, 3.000, 716.000, 164.000, 588.000, 623.000, 672.000, 650.000, 274.000]
2	1.0: [399.000, 149.000, 1.000, 714.000, 144.000, 752.000, 621.000, 630.000, 758.000, 524.000]
2	1.0: [473.000, 148.000, 84.000, 701.000, 53.000, 553.000, 628.000, 645.000, 635.000, 295.000]
2	1.0: [405.000, 64.000, 154.000, 719.000, 127.000, 403.000, 626.000, 616.000, 727.000, 499.000]
2	1.0: [237.000, 139.000, 70.000, 723.000, 39.000, 597.000, 624.000, 693.000, 657.000, 498.000]
2	1.0: [336.000, 282.000, 117.000, 673.000, 1.000, 662.000, 613.000, 672.000, 697.000, 528.000]
2	1.0: [380.000, 179.000, 150.000, 728.000, 39.000, 652.000, 626.000, 655.000, 684.000, 530.000]
2	1.0: [324.000, 97.000, 84.000, 690.000, 408.000, 605.000, 625.000, 677.000, 669.000, 463.000]
2	1.0: [213.000, 165.000, 1.000, 685.000, 107.000, 762.000, 626.000, 593.000, 677.000, 443.000]
2	1.0: [400.000, 221.000, 53.000, 657.000, 129.000, 497.000, 630.000, 661.000, 582.000, 740.000]
2	1.0: [330.000, 149.000, 161.000, 725.000, 258.000, 601.000, 629.000, 611.000, 561.000, 701.000]
2	1.0: [549.000, 211.000, 39.000, 690.000, 223.000, 603.000, 623.000, 603.000, 713.000, 603.000]
2	1.0: [390.000, 256.000, 1.000, 671.000, 22.000, 651.000, 610.000, 605.000, 655.000, 530.000]
2	1.0: [490.000, 297.000, 95.000, 706.000, 1.000, 779.000, 627.000, 669.000, 690.000, 379.000]
2	1.0: [216.000, 196.000, 1.000, 673.000, 39.000, 674.000, 619.000, 603.000, 735.000, 476.000]
2	1.0: [175.000, 1.000, 46.000, 721.000, 182.000, 699.000, 616.000, 650.000, 580.000, 590.000]
2	1.0: [404.000, 22.000, 14.000, 674.000, 133.000, 671.000, 625.000, 653.000, 737.000, 435.000]
2	1.0: [515.000, 118.000, 1.000, 706.000, 1.000, 535.000, 612.000, 586.000, 579.000, 484.000]
2	1.0: [237.000, 30.000, 14.000, 711.000, 86.000, 836.000, 623.000, 685.000, 725.000, 492.000]
2	1.0: [421.000, 1.000, 1.000, 706.000, 214.000, 572.000, 626.000, 627.000, 733.000, 436.000]
2	1.0: [295.000, 144.000, 1.000, 717.000, 84.000, 788.000, 621.000, 627.000, 675.000, 470.000]
2	1.0: [316.000, 89.000, 270.000, 718.000, 5.000, 692.000, 615.000, 634.000, 766.000, 474.000]
2	1.0: [261.000, 253.000, 1.000, 707.000, 149.000, 660.000, 622.000, 670.000, 707.000, 461.000]
2	1.0: [257.000, 20.000, 69.000, 714.000, 21.000, 617.000, 627.000, 672.000, 754.000, 354.000]
2	1.0: [322.000, 73.000, 31.000, 714.000, 63.000, 649.000, 616.000, 705.000, 687.000, 661.000]
2	1.0: [220.000, 252.000, 1.000, 710.000, 260.000, 802.000, 627.000, 648.000, 733.000, 557.000]
2	1.0: [366.000, 129.000, 1.000, 671.000, 139.000, 774.000, 621.000, 701.000, 574.000, 444.000]
2	1.0: [386.000, 318.000, 1.000, 689.000, 1.000, 708.000, 617.000, 611.000, 666.000, 556.000]
2	1.0: [400.000, 199.000, 1.000, 704.000, 1.000, 646.000, 619.000, 668.000, 711.000, 617.000]
2	1.0: [336.000, 1.000, 1.000, 717.000, 22.000, 649.000, 627.000, 612.000, 633.000, 459.000]
2	1.0: [500.000, 190.000, 1.000, 725.000, 7.000, 740.000, 618.000, 608.000, 602.000, 612.000]
2	1.0: [321.000, 1.000, 1.000, 718.000, 173.000, 553.000, 619.000, 618.000, 675.000, 569.000]
2	1.0: [505.000, 215.000, 1.000, 730.000, 61.000, 575.000, 633.000, 641.000, 606.000, 363.000]
2	1.0: [247.000, 232.000, 1.000, 729.000, 187.000, 638.000, 622.000, 667.000, 669.000, 395.000]
2	1.0: [512.000, 1.000, 1.000, 719.000, 172.000, 907.000, 625.000, 586.000, 766.000, 386.000]
2	1.0: [424.000, 384.000, 1.000, 743.000, 1.000, 664.000, 623.000, 677.000, 711.000, 582.000]
2	1.0: [216.000, 278.000, 104.000, 695.000, 357.000, 682.000, 624.000, 632.000, 658.000, 598.000]
2	1.0: [185.000, 290.000, 43.000, 722.000, 20.000, 811.000, 630.000, 649.000, 796.000, 502.000]
2	1.0: [349.000, 69.000, 1.000, 708.000, 199.000, 716.000, 635.000, 672.000, 714.000, 422.000]
2	1.0: [442.000, 327.000, 173.000, 712.000, 158.000, 738.000, 627.000, 618.000, 670.000, 347.000]
2	1.0: [175.000, 1.000, 162.000, 708.000, 70.000, 686.000, 621.000, 657.000, 511.000, 437.000]
2	1.0: [343.000, 357.000, 64.000, 710.000, 190.000, 548.000, 623.000, 700.000, 720.000, 633.000]
2	1.0: [297.000, 257.000, 20.000, 724.000, 96.000, 681.000, 625.000, 590.000, 672.000, 527.000]
2	1.0: [320.000, 89.000, 65.000, 703.000, 10.000, 636.000, 624.000, 650.000, 673.000, 638.000]
2	1.0: [322.000, 267.000, 3.000, 710.000, 30.000, 671.000, 620.000, 618.000, 712.000, 297.000]
2	1.0: [285.000, 444.000, 1.000, 724.000, 26.000, 546.000, 618.000, 628.000, 666.000, 600.000]
2	1.0: [191.000, 347.000, 1.000, 726.000, 136.000, 540.000, 628.000, 607.000, 618.000, 489.000]
2	1.0: [237.000, 282.000, 1.000, 707.000, 194.000, 698.000, 625.000, 691.000, 676.000, 551.000]
2	1.0: [215.000, 27.000, 1.000, 692.000, 267.000, 632.000, 623.000, 608.000, 738.000, 434.000]
2	1.0: [463.000, 423.000, 1.000, 752.000, 213.000, 734.000, 625.000, 712.000, 669.000, 552.000]
2	1.0: [363.000, 148.000, 1.000, 713.000, 90.000, 592.000, 624.000, 660.000, 643.000, 526.000]
2	1.0: [212.000, 138.000, 176.000, 710.000, 176.000, 819.000, 628.000, 636.000, 671.000, 458.000]
2	1.0: [463.000, 1.000, 156.000, 683.000, 278.000, 677.000, 627.000, 687.000, 703.000, 488.000]
2	1.0: [355.000, 1.000, 1.000, 730.000, 188.000, 797.000, 626.000, 602.000, 659.000, 592.000]
2	1.0: [460.000, 147.000, 1.000, 700.000, 101.000, 549.000, 627.000, 642.000, 740.000, 658.000]
2	1.0: [384.000, 50.000, 1.000, 685.000, 1.000, 688.000, 623.000, 651.000, 762.000, 583.000]
2	1.0: [283.000, 246.000, 1.000, 695.000, 136.000, 700.000, 626.000, 694.000, 697.000, 426.000]
2	1.0: [339.000, 134.000, 1.000, 713.000, 87.000, 585.000, 627.000, 664.000, 706.000, 353.000]
2	1.0: [294.000, 1.000, 18.000, 707.000, 215.000, 588.000, 623.000, 603.000, 612.000, 386.000]
2	1.0: [393.000, 44.000, 110.000, 694.000, 212.000, 679.000, 626.000, 700.000, 677.000, 430.000]
2	1.0: [305.000, 41.000, 159.000, 721.000, 116.000, 777.000, 627.000, 694.000, 698.000, 665.000]
2	1.0: [204.000, 143.000, 1.000, 692.000, 125.000, 772.000, 632.000, 620.000, 712.000, 264.000]
2	1.0: [349.000, 6.000, 1.000, 709.000, 234.000, 857.000, 626.000, 669.000, 714.000, 497.000]
2	1.0: [159.000, 1.000, 226.000, 709.000, 279.000, 749.000, 627.000, 642.000, 631.000, 550.000]
2	1.0: [418.000, 43.000, 127.000, 677.000, 195.000, 566.000, 629.000, 576.000, 718.000, 519.000]
2	1.0: [567.000, 110.000, 198.000, 696.000, 68.000, 665.000, 631.000, 623.000, 658.000, 481.000]
2	1.0: [453.000, 526.000, 97.000, 715.000, 6.000, 687.000, 630.000, 628.000, 877.000, 417.000]
2	1.0: [193.000, 1.000, 1.000, 706.000, 82.000, 800.000, 626.000, 662.000, 618.000, 583.000]
2	1.0: [143.000, 114.000, 1.000, 701.000, 113.000, 789.000, 622.000, 646.000, 675.000, 576.000]
2	1.0: [185.000, 447.000, 41.000, 703.000, 15.000, 655.000, 619.000, 669.000, 634.000, 620.000]
2	1.0: [254.000, 97.000, 77.000, 714.000, 224.000, 593.000, 622.000, 699.000, 700.000, 633.000]
2	1.0: [390.000, 1.000, 135.000, 759.000, 140.000, 649.000, 627.000, 649.000, 634.000, 444.000]
2	1.0: [169.000, 398.000, 63.000, 716.000, 156.000, 693.000, 620.000, 635.000, 727.000, 711.000]
2	1.0: [328.000, 208.000, 131.000, 723.000, 103.000, 591.000, 621.000, 609.000, 715.000, 495.000]
2	1.0: [453.000, 1.000, 1.000, 708.000, 171.000, 624.000, 620.000, 651.000, 635.000, 404.000]
2	1.0: [263.000, 11.000, 25.000, 703.000, 1.000, 702.000, 631.000, 654.000, 687.000, 465.000]
2	1.0: [482.000, 162.000, 87.000, 715.000, 148.000, 565.000, 624.000, 596.000, 732.000, 526.000]
2	1.0: [370.000, 120.000, 68.000, 725.000, 198.000, 926.000, 632.000, 593.000, 657.000, 538.000]
2	1.0: [294.000, 3.000, 21.000, 691.000, 92.000, 592.000, 619.000, 690.000, 645.000, 632.000]
2	1.0: [329.000, 1.000, 54.000, 742.000, 120.000, 580.000, 620.000, 652.000, 677.000, 512.000]
2	1.0: [328.000, 1.000, 95.000, 725.000, 154.000, 641.000, 621.000, 631.000, 677.000, 457.000]
2	1.0: [358.000, 1.000, 1.000, 718.000, 139.000, 586.000, 628.000, 669.000, 668.000, 616.000]
2	1.0: [326.000, 45.000, 48.000, 727.000, 284.000, 623.000, 623.000, 659.000, 753.000, 608.000]
2	1.0: [332.000, 153.000, 1.000, 710.000, 45.000, 869.000, 625.000, 665.000, 704.000, 573.000]
2	1.0: [174.000, 292.000, 1.000, 731.000, 100.000, 699.000, 621.000, 736.000, 717.000, 494.000]
2	1.0: [409.000, 5.000, 14.000, 711.000, 125.000, 750.000, 633.000, 634.000, 619.000, 453.000]
2	1.0: [400.000, 309.000, 1.000, 670.000, 84.000, 703.000, 615.000, 696.000, 665.000, 531.000]
2	1.0: [394.000, 1.000, 137.000, 693.000, 28.000, 690.000, 624.000, 655.000, 686.000, 531.000]
2	1.0: [512.000, 38.000, 22.000, 713.000, 291.000, 628.000, 629.000, 697.000, 674.000, 341.000]
2	1.0: [108.000, 136.000, 74.000, 750.000, 62.000, 692.000, 618.000, 676.000, 686.000, 692.000]
2	1.0: [363.000, 58.000, 92.000, 702.000, 145.000, 613.000, 622.000, 677.000, 756.000, 408.000]
2	1.0: [395.000, 120.000, 1.000, 723.000, 157.000, 708.000, 622.000, 548.000, 627.000, 556.000]
2	1.0: [403.000, 154.000, 8.000, 693.000, 1.000, 661.000, 618.000, 662.000, 639.000, 504.000]
2	1.0: [364.000, 1.000, 1.000, 733.000, 20.000, 716.000, 619.000, 631.000, 574.000, 333.000]
2	1.0: [361.000, 86.000, 111.000, 688.000, 166.000, 784.000, 618.000, 628.000, 694.000, 611.000]
2	1.0: [346.000, 138.000, 1.000, 693.000, 33.000, 814.000, 620.000, 665.000, 609.000, 624.000]
2	1.0: [370.000, 445.000, 1.000, 715.000, 85.000, 744.000, 621.000, 689.000, 721.000, 422.000]
2	1.0: [489.000, 126.000, 141.000, 702.000, 1.000, 694.000, 620.000, 698.000, 728.000, 514.000]
2	1.0: [393.000, 270.000, 2.000, 711.000, 92.000, 531.000, 621.000, 615.000, 754.000, 496.000]
