1	1.0: [702.000, 136.000, 347.000, 618.000, 1.000, 129.000, 594.000, 60.000, 315.000, 659.000]
1	1.0: [706.000, 88.000, 457.000, 684.000, 1.000, 354.000, 784.000, 279.000, 431.000, 664.000]
1	1.0: [753.000, 170.000, 336.000, 709.000, 1.000, 235.000, 853.000, 201.000, 505.000, 662.000]
1	1.0: [741.000, 137.000, 369.000, 728.000, 1.000, 81.000, 522.000, 147.000, 498.000, 700.000]
1	1.0: [752.000, 165.000, 356.000, 406.000, 1.000, 1.000, 619.000, 82.000, 364.000, 772.000]
1	1.0: [733.000, 160.000, 382.000, 559.000, 1.000, 204.000, 425.000, 70.000, 495.000, 679.000]
1	1.0: [701.000, 120.000, 239.000, 651.000, 96.000, 1.000, 783.000, 1.000, 491.000, 843.000]
1	1.0: [752.000, 138.000, 491.000, 702.000, 1.000, 129.000, 976.000, 118.000, 497.000, 690.000]
1	1.0: [733.000, 187.000, 254.000, 637.000, 1.000, 78.000, 309.000, 107.000, 555.000, 710.000]
1	1.0: [722.000, 137.000, 352.000, 584.000, 1.000, 202.000, 531.000, 204.000, 544.000, 618.000]
1	1.0: [700.000, 296.000, 261.000, 430.000, 28.000, 12.000, 637.000, 261.000, 499.000, 687.000]
1	1.0: [729.000, 190.000, 453.000, 710.000, 253.000, 103.000, 748.000, 27.000, 441.000, 571.000]
1	1.0: [739.000, 31.000, 209.000, 533.000, 8.000, 116.000, 701.000, 71.000, 242.000, 739.000]
1	1.0: [732.000, 188.000, 243.000, 486.000, 1.000, 155.000, 530.000, 189.000, 278.000, 546.000]
1	1.0: [764.000, 173.000, 406.000, 886.000, 97.000, 130.000, 500.000, 270.000, 322.000, 553.000]
1	1.0: [748.000, 239.000, 256.000, 552.000, 1.000, 75.000, 397.000, 320.000, 456.000, 546.000]
1	1.0: [740.000, 152.000, 340.000, 656.000, 1.000, 108.000, 701.000, 1.000, 502.000, 575.000]
1	1.0: [808.000, 161.000, 403.000, 490.000, 177.000, 1.000, 828.000, 127.000, 439.000, 659.000]
1	1.0: [721.000, 199.000, 185.000, 429.000, 74.000, 107.000, 704.000, 180.000, 176.000, 869.000]
1	1.0: [791.000, 80.000, 478.000, 627.000, 17.000, 36.000, 691.000, 1.000, 358.000, 643.000]
1	1.0: [740.000, 141.000, 269.000, 419.000, 1.000, 265.000, 601.000, 177.000, 329.000, 554.000]
1	1.0: [731.000, 127.000, 373.000, 680.000, 161.000, 282.000, 424.000, 165.000, 467.000, 714.000]
1	1.0: [783.000, 152.000, 517.000, 547.000, 14.000, 119.000, 857.000, 311.000, 346.000, 629.000]
1	1.0: [745.000, 253.000, 457.000, 809.000, 102.000, 329.000, 315.000, 141.000, 420.000, 566.000]
1	1.0: [739.000, 216.000, 446.000, 564.000, 1.000, 267.000, 643.000, 238.000, 522.000, 507.000]
1	1.0: [763.000, 221.000, 349.000, 601.000, 7.000, 91.000, 741.000, 81.000, 449.000, 681.000]
1	1.0: [756.000, 134.000, 454.000, 634.000, 280.000, 180.000, 593.000, 137.000, 166.000, 662.000]
1	1.0: [780.000, 139.000, 309.000, 400.000, 1.000, 1.000, 965.000, 28.000, 341.000, 672.000]
1	1.0: [759.000, 137.000, 245.000, 504.000, 1.000, 210.000, 743.000, 104.000, 595.000, 730.000]
1	1.0: [728.000, 179.000, 412.000, 753.000, 1.000, 90.000, 805.000, 1.000, 441.000, 652.000]
1	1.0: [734.000, 86.000, 375.000, 652.000, 189.000, 94.000, 464.000, 221.000, 513.000, 470.000]
1	1.0: [720.000, 214.000, 314.000, 554.000, 1.000, 35.000, 820.000, 333.000, 489.000, 544.000]
1	1.0: [746.000, 202.000, 582.000, 691.000, 1.000, 24.000, 344.000, 191.000, 404.000, 610.000]
1	1.0: [716.000, 172.000, 213.000, 734.000, 1.000, 169.000, 365.000, 219.000, 511.000, 643.000]
1	1.0: [717.000, 185.000, 299.000, 513.000, 250.000, 218.000, 562.000, 404.000, 576.000, 783.000]
1	1.0: [728.000, 154.000, 363.000, 514.000, 1.000, 104.000, 669.000, 180.000, 528.000, 715.000]
1	1.0: [713.000, 126.000, 292.000, 504.000, 92.000, 172.000, 544.000, 117.000, 556.000, 631.000]
1	1.0: [695.000, 103.000, 348.000, 657.000, 1.000, 120.000, 714.000, 238.000, 377.000, 738.000]
1	1.0: [724.000, 61.000, 457.000, 790.000, 83.000, 203.000, 796.000, 86.000, 531.000, 520.000]
1	1.0: [781.000, 201.000, 418.000, 678.000, 1.000, 248.000, 744.000, 99.000, 458.000, 633.000]
1	1.0: [726.000, 143.000, 379.000, 751.000, 1.000, 273.000, 892.000, 95.000, 217.000, 707.000]
1	1.0: [750.000, 179.000, 118.000, 749.000, 60.000, 45.000, 681.000, 34.000, 366.000, 657.000]
1	1.0: [771.000, 133.000, 405.000, 588.000, 146.000, 57.000, 517.000, 148.000, 149.000, 601.000]
1	1.0: [783.000, 147.000, 301.000, 196.000, 63.000, 72.000, 662.000, 248.000, 584.000, 651.000]
1	1.0: [790.000, 149.000, 451.000, 365.000, 33.000, 70.000, 678.000, 259.000, 148.000, 669.000]
1	1.0: [724.000, 203.000, 334.000, 631.000, 1.000, 12.000, 652.000, 170.000, 212.000, 629.000]
1	1.0: [741.000, 124.000, 238.000, 390.000, 37.000, 1.000, 449.000, 299.000, 281.000, 638.000]
1	1.0: [780.000, 65.000, 353.000, 651.000, 1.000, 240.000, 557.000, 22.000, 681.000, 858.000]
1	1.0: [758.000, 184.000, 271.000, 972.000, 1.000, 1.000, 453.000, 1.000, 142.000, 810.000]
1	1.0: [700.000, 135.000, 349.000, 608.000, 1.000, 264.000, 564.000, 137.000, 385.000, 630.000]
1	1.0: [737.000, 177.000, 262.000, 617.000, 1.000, 1.000, 885.000, 253.000, 378.000, 822.000]
1	1.0: [774.000, 88.000, 352.000, 531.000, 1.000, 276.000, 716.000, 113.000, 481.000, 769.000]
1	1.0: [780.000, 171.000, 397.000, 771.000, 1.000, 156.000, 572.000, 412.000, 328.000, 677.000]
1	1.0: [765.000, 178.000, 316.000, 489.000, 1.000, 234.000, 790.000, 317.000, 566.000, 579.000]
1	1.0: [717.000, 194.000, 268.000, 440.000, 1.000, 172.000, 355.000, 1.000, 379.000, 742.000]
1	1.0: [713.000, 116.000, 268.000, 620.000, 1.000, 93.000, 745.000, 536.000, 274.000, 666.000]
1	1.0: [731.000, 100.000, 221.000, 549.000, 103.000, 141.000, 455.000, 264.000, 305.000, 749.000]
1	1.0: [777.000, 178.000, 250.000, 422.000, 161.000, 232.000, 1026.000, 176.000, 393.000, 766.000]
1	1.0: [740.000, 211.000, 245.000, 657.000, 27.000, 55.000, 863.000, 156.000, 475.000, 630.000]
1	1.0: [742.000, 159.000, 224.000, 640.000, 1.000, 1.000, 454.000, 1.000, 326.000, 686.000]
1	1.0: [706.000, 137.000, 163.000, 811.000, 1.000, 117.000, 736.000, 208.000, 422.000, 577.000]
1	1.0: [702.000, 178.000, 172.000, 580.000, 1.000, 62.000, 955.000, 268.000, 199.000, 603.000]
1	1.0: [745.000, 94.000, 365.000, 483.000, 161.000, 124.000, 386.000, 402.000, 367.000, 643.000]
1	1.0: [772.000, 92.000, 336.000, 923.000, 97.000, 13.000, 490.000, 94.000, 267.000, 688.000]
1	1.0: [749.000, 140.000, 393.000, 580.000, 26.000, 1.000, 759.000, 180.000, 494.000, 751.000]
1	1.0: [777.000, 92.000, 308.000, 719.000, 1.000, 1.000, 1094.000, 10.000, 398.000, 607.000]
1	1.0: [724.000, 201.000, 309.000, 806.000, 1.000, 252.000, 739.000, 1.000, 217.000, 728.000]
1	1.0: [711.000, 95.000, 369.000, 574.000, 284.000, 227.000, 594.000, 126.000, 330.000, 837.000]
1	1.0: [699.000, 283.000, 267.000, 738.000, 40.000, 420.000, 657.000, 307.000, 143.000, 825.000]
1	1.0: [772.000, 172.000, 349.000, 573.000, 169.000, 1.000, 891.000, 67.000, 359.000, 774.000]
1	1.0: [705.000, 210.000, 351.000, 637.000, 45.000, 102.000, 119.000, 75.000, 390.000, 749.000]
1	1.0: [735.000, 269.000, 471.000, 602.000, 155.000, 21.000, 418.000, 24.000, 497.000, 620.000]
1	1.0: [727.000, 49.000, 332.000, 731.000, 1.000, 304.000, 833.000, 78.000, 263.000, 665.000]
1	1.0: [786.000, 151.000, 299.000, 718.000, 30.000, 71.000, 542.000, 119.000, 468.000, 653.000]
1	1.0: [694.000, 229.000, 422.000, 635.000, 1.000, 304.000, 683.000, 1.000, 139.000, 698.000]
1	1.0: [708.000, 39.000, 278.000, 554.000, 81.000, 267.000, 349.000, 234.000, 196.000, 571.000]
1	1.0: [788.000, 75.000, 342.000, 549.000, 153.000, 15.000, 1126.000, 209.000, 457.000, 673.000]
1	1.0: [717.000, 278.000, 461.000, 690.000, 214.000, 65.000, 981.000, 280.000, 289.000, 590.000]
1	1.0: [718.000, 92.000, 361.000, 525.000, 70.000, 41.000, 714.000, 322.000, 212.000, 494.000]
1	1.0: [767.000, 165.000, 397.000, 657.000, 1.000, 46.000, 760.000, 453.000, 513.000, 659.000]
1	1.0: [765.000, 170.000, 332.000, 697.000, 1.000, 197.000, 1074.000, 365.000, 167.000, 703.000]
1	1.0: [726.000, 219.000, 347.000, 801.000, 23.000, 184.000, 798.000, 1.000, 407.000, 689.000]
1	1.0: [755.000, 94.000, 245.000, 767.000, 64.000, 268.000, 662.000, 206.000, 410.000, 725.000]
1	1.0: [749.000, 78.000, 246.000, 543.000, 1.000, 125.000, 686.000, 282.000, 421.000, 647.000]
1	1.0: [730.000, 145.000, 246.000, 251.000, 210.000, 1.000, 444.000, 122.000, 330.000, 646.000]
1	1.0: [755.000, 236.000, 318.000, 708.000, 322.000, 25.000, 877.000, 117.000, 417.000, 596.000]
1	1.0: [787.000, 153.000, 347.000, 689.000, 350.000, 90.000, 890.000, 131.000, 467.000, 742.000]
1	1.0: [742.000, 123.000, 196.000, 699.000, 188.000, 1.000, 681.000, 242.000, 689.000, 576.000]
1	1.0: [777.000, 174.000, 313.000, 755.000, 266.000, 191.000, 1003.000, 22.000, 587.000, 675.000]
1	1.0: [730.000, 279.000, 426.000, 641.000, 161.000, 134.000, 624.000, 295.000, 301.000, 714.000]
1	1.0: [753.000, 159.000, 534.000, 455.000, 57.000, 1.000, 710.000, 212.000, 308.000, 596.000]
1	1.0: [747.000, 95.000, 495.000, 426.000, 118.000, 315.000, 800.000, 201.000, 325.000, 694.000]
1	1.0: [713.000, 136.000, 324.000, 381.000, 140.000, 39.000, 623.000, 200.000, 356.000, 613.000]
1	1.0: [766.000, 129.000, 380.000, 629.000, 79.000, 1.000, 573.000, 1.000, 640.000, 639.000]
1	1.0: [717.000, 130.000, 247.000, 784.000, 1.000, 154.000, 912.000, 286.000, 582.000, 623.000]
1	1.0: [715.000, 217.000, 415.000, 669.000, 70.000, 192.000, 780.000, 350.000, 187.000, 566.000]
1	1.0: [710.000, 176.000, 424.000, 671.000, 66.000, 90.000, 841.000, 24.000, 129.000, 663.000]
1	1.0: [775.000, 166.000, 400.000, 640.000, 1.000, 1.000, 825.000, 253.000, 306.000, 629.000]
1	1.0: [758.000, 83.000, 445.000, 600.000, 1.000, 219.000, 592.000, 245.000, 588.000, 827.000]
1	1.0: [779.000, 299.000, 312.000, 737.000, 10.000, 220.000, 593.000, 36.000, 470.000, 626.000]
