4	0.0: 164 743 687 16 
4	0.0: 228 957 681 58 
4	0.0: 71 977 715 1 
4	0.0: 17 738 726 1 
4	0.0: 64 717 749 1 
4	0.0: 229 738 572 334 
4	0.0: 1 626 714 202 
4	0.0: 35 834 682 1 
4	0.0: 331 702 648 1 
4	0.0: 1 826 647 1 
4	0.0: 1 662 645 1 
4	0.0: 392 814 708 1 
4	0.0: 326 680 689 1 
4	0.0: 74 843 672 2 
4	0.0: 20 748 584 204 
4	0.0: 109 678 716 95 
4	0.0: 1 617 670 356 
4	0.0: 64 528 741 292 
4	0.0: 329 603 730 59 
4	0.0: 143 677 660 376 
4	0.0: 180 698 696 78 
4	0.0: 64 774 743 353 
4	0.0: 3 717 685 85 
4	0.0: 60 696 621 1 
4	0.0: 154 757 597 316 
4	0.0: 463 688 618 436 
4	0.0: 1 789 690 331 
4	0.0: 33 849 752 123 
4	0.0: 1 765 730 413 
4	0.0: 1 690 713 434 
4	0.0: 242 778 665 356 
4	0.0: 58 829 591 249 
4	0.0: 405 697 664 76 
4	0.0: 170 770 617 240 
4	0.0: 176 845 660 155 
4	0.0: 86 846 699 51 
4	0.0: 1 702 617 369 
4	0.0: 12 651 624 91 
5	0.0: 55 616 695 574 
4	0.0: 1 907 713 268 
4	0.0: 204 621 712 1 
4	0.0: 125 714 601 1 
4	0.0: 482 727 666 306 
4	0.0: 321 698 635 248 
4	0.0: 1 646 715 520 
4	0.0: 152 556 671 280 
4	0.0: 110 765 614 264 
4	0.0: 1 637 625 215 
4	0.0: 125 727 646 1 
4	0.0: 183 779 635 107 
6	0.0: 526 796 637 647 
4	0.0: 327 770 744 1 
4	0.0: 208 765 688 1 
4	0.0: 132 804 580 169 
4	0.0: 22 758 691 460 
4	0.0: 305 805 631 251 
4	0.0: 281 720 655 410 
4	0.0: 1 782 603 346 
4	0.0: 361 797 689 150 
4	0.0: 1 866 654 1 
4	0.0: 193 659 702 114 
4	0.0: 69 556 720 213 
4	0.0: 149 739 707 174 
4	0.0: 228 600 708 449 
4	0.0: 60 878 695 176 
4	0.0: 30 831 647 1 
4	0.0: 428 665 660 388 
4	0.0: 161 805 715 1 
4	0.0: 243 562 624 279 
4	0.0: 320 809 703 356 
4	0.0: 188 813 641 275 
4	0.0: 1 782 681 1 
4	0.0: 241 763 601 187 
4	0.0: 322 661 700 1 
5	0.0: 4 506 544 350 
4	0.0: 135 709 617 225 
4	0.0: 73 924 693 104 
4	0.0: 524 652 603 223 
4	0.0: 208 744 730 1 
4	0.0: 1 569 674 400 
4	0.0: 460 923 663 247 
4	0.0: 4 563 661 248 
4	0.0: 34 729 589 275 
4	0.0: 227 984 675 91 
7	0.0: 1 777 570 668 
4	0.0: 1 649 697 244 
4	0.0: 1 683 700 164 
4	0.0: 1 672 679 500 
4	0.0: 53 704 590 193 
4	0.0: 138 758 684 109 
4	0.0: 1 774 765 279 
4	0.0: 223 610 730 332 
4	0.0: 1 659 699 175 
4	0.0: 1 750 647 494 
4	0.0: 287 755 702 348 
4	0.0: 254 743 633 381 
4	0.0: 1 665 642 273 
4	0.0: 141 709 623 338 
4	0.0: 1 769 639 363 
4	0.0: 1 584 679 150 
4	0.0: 1 600 707 494 
4	0.0: 111 775 587 235 
4	0.0: 1 692 653 227 
4	0.0: 157 757 701 18 
4	0.0: 183 696 616 330 
4	0.0: 221 750 604 128 
4	0.0: 201 715 707 199 
4	0.0: 85 732 738 215 
4	0.0: 198 663 759 1 
4	0.0: 14 899 623 276 
4	0.0: 292 799 647 359 
2	0.0: 630 681 615 1 
4	0.0: 1 711 602 149 
4	0.0: 98 627 631 288 
4	0.0: 410 816 649 1 
4	0.0: 96 732 578 253 
4	0.0: 94 533 633 21 
4	0.0: 3 881 658 220 
4	0.0: 452 652 727 311 
4	0.0: 55 836 615 101 
4	0.0: 334 799 626 70 
4	0.0: 214 772 620 332 
4	0.0: 257 868 582 416 
4	0.0: 14 733 636 1 
4	0.0: 264 771 687 153 
4	0.0: 45 796 764 549 
4	0.0: 9 808 690 158 
4	0.0: 220 860 693 319 
4	0.0: 1 726 655 140 
4	0.0: 222 750 734 259 
4	0.0: 1 725 765 128 
4	0.0: 229 635 628 436 
4	0.0: 366 681 641 176 
4	0.0: 1 781 589 645 
4	0.0: 1 628 704 392 
4	0.0: 1 700 689 1 
4	0.0: 45 802 627 95 
4	0.0: 273 731 664 87 
4	0.0: 1 666 656 1 
4	0.0: 1 635 758 358 
4	0.0: 1 850 696 281 
4	0.0: 258 598 708 184 
4	0.0: 392 675 763 179 
4	0.0: 445 860 695 98 
4	0.0: 201 771 626 203 
4	0.0: 227 723 741 26 
4	0.0: 243 708 631 101 
4	0.0: 181 628 790 267 
4	0.0: 98 615 721 234 
4	0.0: 215 657 642 1 
4	0.0: 296 812 734 31 
4	0.0: 146 661 759 231 
4	0.0: 179 837 663 38 
4	0.0: 1 815 719 158 
4	0.0: 99 757 693 461 
4	0.0: 378 814 650 527 
4	0.0: 23 654 759 24 
4	0.0: 210 631 645 379 
4	0.0: 1 618 655 1 
4	0.0: 155 719 663 333 
4	0.0: 49 720 700 187 
4	0.0: 452 685 732 331 
4	0.0: 1 757 645 1 
4	0.0: 388 913 694 365 
4	0.0: 1 707 704 380 
4	0.0: 1 698 565 102 
4	0.0: 49 861 678 89 
4	0.0: 531 729 674 275 
4	0.0: 1 813 700 203 
4	0.0: 55 758 724 406 
3	0.0: 627 704 683 521 
7	0.0: 1 881 704 736 
4	0.0: 181 574 638 1 
4	0.0: 130 720 626 403 
4	0.0: 1 899 688 537 
4	0.0: 46 851 700 119 
4	0.0: 35 817 697 323 
4	0.0: 167 915 626 426 
4	0.0: 221 798 628 53 
4	0.0: 361 771 683 109 
4	0.0: 249 735 637 46 
4	0.0: 325 703 643 274 
5	0.0: 320 529 715 581 
4	0.0: 128 698 655 117 
4	0.0: 23 852 611 465 
4	0.0: 92 650 694 1 
4	0.0: 1 955 645 60 
4	0.0: 1 790 692 289 
4	0.0: 67 851 659 341 
4	0.0: 533 796 753 441 
4	0.0: 205 753 699 568 
4	0.0: 263 814 648 220 
4	0.0: 1 672 711 134 
4	0.0: 81 730 641 229 
4	0.0: 141 744 668 80 
4	0.0: 444 707 763 383 
4	0.0: 1 695 687 514 
4	0.0: 133 664 689 171 
4	0.0: 176 796 730 347 
4	0.0: 469 614 632 77 
4	0.0: 77 668 608 315 
4	0.0: 362 668 697 332 
4	0.0: 315 886 598 401 
4	0.0: 208 763 645 423 
4	0.0: 1 631 676 97 
4	0.0: 215 783 601 1 
4	0.0: 1 660 705 146 
4	0.0: 53 718 690 1 
4	0.0: 39 668 655 304 
4	0.0: 270 728 654 264 
4	0.0: 6 748 669 405 
4	0.0: 310 756 758 143 
4	0.0: 1 802 669 149 
4	0.0: 295 779 730 1 
4	0.0: 60 741 742 399 
4	0.0: 359 662 672 55 
2	0.0: 663 656 624 149 
4	0.0: 162 918 723 385 
4	0.0: 435 749 645 92 
4	0.0: 352 677 665 265 
4	0.0: 1 767 759 262 
4	0.0: 152 663 623 193 
4	0.0: 189 585 674 509 
4	0.0: 177 688 726 590 
4	0.0: 284 737 655 226 
4	0.0: 276 825 713 59 
4	0.0: 70 680 668 234 
4	0.0: 1 595 698 1 
4	0.0: 276 754 660 549 
4	0.0: 1 642 604 302 
5	0.0: 1 531 616 375 
4	0.0: 262 726 683 158 
2	0.0: 504 712 745 1 
4	0.0: 1 647 670 47 
4	0.0: 206 730 763 189 
4	0.0: 1 689 627 246 
4	0.0: 215 698 699 155 
4	0.0: 150 812 584 355 
4	0.0: 200 642 642 343 
4	0.0: 121 678 654 318 
4	0.0: 61 638 735 297 
4	0.0: 1 743 694 331 
4	0.0: 378 761 667 100 
4	0.0: 146 626 626 373 
4	0.0: 122 743 597 1 
4	0.0: 410 691 782 264 
4	0.0: 170 674 632 96 
4	0.0: 71 828 664 136 
4	0.0: 1 819 779 207 
4	0.0: 1 713 729 487 
