0	0.0: 774 718 569 907 
6	0.0: 795 794 767 1053 
6	0.0: 792 794 854 1101 
0	0.0: 790 551 504 1050 
0	0.0: 747 722 217 824 
6	0.0: 786 746 675 830 
0	0.0: 771 700 116 1075 
0	0.0: 785 590 528 996 
0	0.0: 791 750 311 980 
0	0.0: 767 560 547 936 
6	0.0: 769 554 660 762 
6	0.0: 761 712 643 880 
6	0.0: 759 663 683 883 
0	0.0: 748 726 451 1148 
6	0.0: 752 886 733 964 
0	0.0: 759 665 409 920 
6	0.0: 734 660 715 852 
6	0.0: 785 768 878 844 
0	0.0: 813 859 378 955 
6	0.0: 742 786 886 949 
6	0.0: 726 819 754 802 
0	0.0: 745 687 511 695 
0	0.0: 791 803 270 917 
0	0.0: 761 568 424 960 
6	0.0: 785 762 749 926 
0	0.0: 759 687 54 859 
6	0.0: 749 737 637 834 
6	0.0: 781 733 628 822 
0	0.0: 773 828 479 951 
6	0.0: 781 643 841 843 
0	0.0: 724 698 529 1029 
0	0.0: 806 973 185 841 
0	0.0: 754 669 151 995 
6	0.0: 735 675 827 874 
6	0.0: 806 722 664 861 
0	0.0: 766 639 531 906 
6	0.0: 734 774 647 779 
6	0.0: 781 644 741 1056 
0	0.0: 797 479 421 1098 
0	0.0: 779 720 406 995 
0	0.0: 780 733 600 950 
0	0.0: 784 495 492 1003 
0	0.0: 775 684 126 916 
0	0.0: 749 696 604 979 
0	0.0: 784 588 403 822 
6	0.0: 753 763 803 1068 
6	0.0: 736 756 640 881 
0	0.0: 748 769 462 737 
6	0.0: 770 781 744 1076 
6	0.0: 772 800 630 970 
0	0.0: 781 656 585 931 
0	0.0: 797 668 445 870 
6	0.0: 769 712 679 1111 
0	0.0: 765 674 406 828 
6	0.0: 780 758 776 984 
0	0.0: 769 771 527 966 
6	0.0: 765 586 751 997 
0	0.0: 783 552 591 972 
0	0.0: 763 827 351 757 
0	0.0: 763 651 477 1016 
0	0.0: 820 655 607 853 
1	0.0: 765 789 1227 812 
0	0.0: 778 770 478 1101 
6	0.0: 766 859 599 941 
0	0.0: 755 815 585 1164 
0	0.0: 768 634 629 968 
0	0.0: 763 710 501 801 
0	0.0: 819 642 610 853 
6	0.0: 795 765 883 1022 
0	0.0: 777 794 572 1334 
6	0.0: 759 660 681 957 
6	0.0: 747 807 669 993 
0	0.0: 811 701 262 968 
0	0.0: 771 582 500 866 
0	0.0: 768 690 347 900 
6	0.0: 754 847 1034 1099 
0	0.0: 740 707 585 897 
0	0.0: 738 642 525 963 
0	0.0: 777 675 535 946 
0	0.0: 764 527 657 979 
0	0.0: 815 506 640 1038 
0	0.0: 780 693 310 1081 
0	0.0: 777 739 503 1008 
6	0.0: 801 819 703 1051 
6	0.0: 789 662 843 914 
0	0.0: 786 915 404 918 
6	0.0: 790 523 873 989 
0	0.0: 808 842 547 938 
0	0.0: 770 780 538 997 
0	0.0: 787 570 257 985 
0	0.0: 774 629 312 839 
6	0.0: 748 729 670 782 
6	0.0: 794 852 819 920 
6	0.0: 749 702 742 970 
6	0.0: 759 781 847 855 
6	0.0: 731 800 808 916 
6	0.0: 752 734 838 1078 
6	0.0: 822 831 634 1058 
6	0.0: 780 950 729 1006 
6	0.0: 796 701 832 1115 
6	0.0: 771 862 963 1063 
0	0.0: 754 736 530 1168 
6	0.0: 749 729 782 737 
0	0.0: 728 698 617 986 
6	0.0: 777 629 711 991 
0	0.0: 789 752 502 1023 
6	0.0: 816 660 830 840 
0	0.0: 778 804 586 925 
0	0.0: 772 602 253 964 
6	0.0: 758 751 943 943 
6	0.0: 774 748 619 904 
6	0.0: 786 676 740 803 
6	0.0: 743 744 677 1080 
0	0.0: 766 728 385 973 
0	0.0: 742 511 418 942 
0	0.0: 744 562 630 947 
0	0.0: 756 804 402 831 
6	0.0: 795 778 881 901 
6	0.0: 772 852 822 1128 
6	0.0: 770 613 798 1053 
0	0.0: 804 647 293 884 
6	0.0: 705 768 622 912 
6	0.0: 780 728 751 877 
0	0.0: 777 611 502 946 
6	0.0: 769 757 629 787 
0	0.0: 775 769 476 857 
6	0.0: 803 732 699 1075 
6	0.0: 795 663 710 840 
0	0.0: 778 756 338 934 
0	0.0: 793 709 148 1150 
6	0.0: 800 900 837 871 
0	0.0: 795 824 571 970 
6	0.0: 740 715 645 1008 
6	0.0: 768 1015 674 772 
0	0.0: 777 733 381 851 
6	0.0: 751 807 640 867 
6	0.0: 781 859 828 895 
6	0.0: 771 651 769 911 
0	0.0: 743 672 584 1026 
0	0.0: 774 927 499 880 
0	0.0: 763 535 642 1013 
0	0.0: 801 796 542 884 
6	0.0: 788 775 835 1048 
0	0.0: 760 754 366 976 
0	0.0: 756 722 583 985 
6	0.0: 773 524 763 905 
6	0.0: 762 705 898 1025 
0	0.0: 790 611 552 917 
6	0.0: 756 624 676 1016 
6	0.0: 735 756 801 794 
6	0.0: 800 663 748 983 
0	0.0: 749 722 279 766 
0	0.0: 764 789 424 897 
6	0.0: 760 847 601 901 
0	0.0: 786 641 523 926 
0	0.0: 764 584 275 940 
6	0.0: 767 749 643 881 
6	0.0: 708 727 989 1062 
6	0.0: 804 600 842 851 
0	0.0: 791 743 531 1010 
0	0.0: 746 639 611 1017 
0	0.0: 797 645 399 1053 
0	0.0: 790 703 438 1106 
3	0.0: 787 885 585 714 
0	0.0: 743 724 459 946 
0	0.0: 749 639 549 894 
6	0.0: 763 808 848 922 
0	0.0: 770 525 472 984 
6	0.0: 731 726 680 889 
0	0.0: 781 734 284 912 
6	0.0: 745 711 909 858 
6	0.0: 765 764 669 739 
6	0.0: 751 811 652 1198 
0	0.0: 808 788 436 919 
6	0.0: 795 581 685 860 
6	0.0: 767 521 798 1026 
6	0.0: 791 657 758 1121 
6	0.0: 740 831 952 1088 
6	0.0: 790 757 693 886 
0	0.0: 782 661 443 910 
0	0.0: 751 818 484 812 
6	0.0: 778 741 660 1098 
6	0.0: 829 815 675 875 
0	0.0: 800 692 526 848 
6	0.0: 750 833 772 1041 
0	0.0: 772 539 376 801 
6	0.0: 806 1070 830 932 
3	0.0: 793 814 611 722 
6	0.0: 729 549 686 1142 
0	0.0: 799 809 422 943 
0	0.0: 764 726 545 856 
6	0.0: 732 611 794 806 
6	0.0: 764 713 707 932 
0	0.0: 795 679 276 1041 
0	0.0: 812 748 521 1139 
0	0.0: 826 601 591 1029 
0	0.0: 802 693 594 846 
0	0.0: 792 634 425 898 
6	0.0: 732 654 676 888 
6	0.0: 778 921 629 797 
0	0.0: 766 541 526 1171 
0	0.0: 714 587 465 935 
0	0.0: 763 527 634 930 
6	0.0: 755 890 1035 1026 
0	0.0: 752 659 457 793 
6	0.0: 765 499 669 928 
0	0.0: 782 844 296 916 
3	0.0: 815 782 574 656 
0	0.0: 768 647 452 796 
0	0.0: 785 665 519 1123 
0	0.0: 773 607 464 914 
0	0.0: 785 658 525 1080 
0	0.0: 805 596 363 1029 
0	0.0: 760 748 602 1117 
0	0.0: 779 666 189 849 
6	0.0: 783 902 604 823 
6	0.0: 773 671 809 1013 
6	0.0: 817 687 839 814 
0	0.0: 767 648 630 1065 
0	0.0: 805 598 621 910 
6	0.0: 820 716 657 1129 
0	0.0: 762 827 445 1014 
6	0.0: 805 721 997 871 
6	0.0: 801 605 691 942 
0	0.0: 747 859 494 1168 
0	0.0: 772 816 576 977 
0	0.0: 826 609 536 1133 
6	0.0: 770 478 1025 1047 
0	0.0: 799 684 555 850 
0	0.0: 752 569 532 819 
6	0.0: 799 860 752 976 
6	0.0: 711 715 705 904 
6	0.0: 816 778 691 900 
6	0.0: 709 677 779 866 
0	0.0: 790 675 509 964 
6	0.0: 769 570 664 896 
6	0.0: 763 781 715 869 
0	0.0: 770 704 426 927 
0	0.0: 810 531 398 770 
6	0.0: 798 697 949 1031 
6	0.0: 803 769 1012 1120 
6	0.0: 735 834 575 737 
6	0.0: 788 634 694 840 
6	0.0: 745 716 854 739 
6	0.0: 762 713 768 880 
6	0.0: 773 911 564 861 
6	0.0: 803 617 963 928 
0	0.0: 792 723 247 1103 
6	0.0: 776 743 603 738 
0	0.0: 769 513 561 951 
