1	0.0: 1052 692 912 612 
1	0.0: 1109 622 1185 638 
1	0.0: 827 570 799 610 
1	0.0: 1025 858 894 582 
1	0.0: 797 633 763 563 
1	0.0: 835 642 1004 658 
1	0.0: 921 671 834 660 
1	0.0: 1059 722 956 623 
3	0.0: 967 749 739 560 
1	0.0: 1081 609 1044 599 
1	0.0: 820 579 818 656 
3	0.0: 1164 535 578 638 
1	0.0: 939 860 928 623 
1	0.0: 860 583 746 599 
3	0.0: 876 604 523 597 
3	0.0: 724 661 609 614 
1	0.0: 888 640 923 631 
3	0.0: 947 794 695 627 
1	0.0: 996 674 913 594 
3	0.0: 1012 550 522 642 
1	0.0: 948 585 1156 610 
1	0.0: 823 719 839 585 
3	0.0: 951 581 619 664 
3	0.0: 890 682 766 629 
1	0.0: 754 560 838 638 
1	0.0: 949 499 822 637 
1	0.0: 782 602 890 662 
1	0.0: 1027 473 949 616 
3	0.0: 1035 671 579 702 
3	0.0: 840 687 736 689 
0	0.0: 693 611 424 640 
1	0.0: 808 612 1046 609 
3	0.0: 905 720 745 694 
1	0.0: 1052 632 1081 628 
3	0.0: 915 550 737 626 
3	0.0: 870 735 615 654 
1	0.0: 807 583 950 623 
1	0.0: 853 455 745 693 
1	0.0: 863 630 1018 643 
3	0.0: 794 659 620 658 
3	0.0: 872 690 630 628 
0	0.0: 752 657 238 591 
1	0.0: 720 598 788 596 
1	0.0: 922 618 1052 589 
1	0.0: 903 524 1005 635 
1	0.0: 941 666 908 545 
3	0.0: 941 656 584 609 
1	0.0: 710 634 1055 590 
1	0.0: 710 503 759 528 
1	0.0: 985 671 905 610 
3	0.0: 798 641 485 656 
1	0.0: 896 662 798 592 
1	0.0: 898 571 935 624 
1	0.0: 839 482 1138 627 
3	0.0: 754 733 497 652 
1	0.0: 1006 562 1029 614 
1	0.0: 942 592 804 616 
3	0.0: 793 616 604 671 
1	0.0: 739 559 807 650 
1	0.0: 965 616 980 613 
1	0.0: 944 676 1083 654 
3	0.0: 828 672 734 617 
1	0.0: 1114 732 943 595 
3	0.0: 898 643 698 615 
1	0.0: 943 818 905 619 
1	0.0: 897 620 886 642 
3	0.0: 1141 544 793 626 
6	0.0: 694 803 775 669 
3	0.0: 892 841 770 671 
1	0.0: 866 726 1107 644 
3	0.0: 1008 606 762 599 
1	0.0: 998 718 854 623 
1	0.0: 918 540 942 633 
1	0.0: 1010 794 928 671 
1	0.0: 840 524 798 501 
3	0.0: 1044 603 810 635 
3	0.0: 1112 774 592 600 
1	0.0: 948 654 955 667 
1	0.0: 855 720 1036 662 
3	0.0: 1082 638 780 674 
1	0.0: 773 514 996 571 
1	0.0: 772 688 942 572 
1	0.0: 811 434 862 644 
1	0.0: 598 522 811 567 
1	0.0: 1135 736 910 606 
3	0.0: 1131 669 856 695 
3	0.0: 899 564 700 640 
1	0.0: 888 647 837 583 
3	0.0: 915 804 499 598 
1	0.0: 774 579 876 528 
1	0.0: 754 527 770 671 
3	0.0: 851 669 674 629 
1	0.0: 1069 423 873 663 
3	0.0: 876 700 728 599 
1	0.0: 947 766 1102 645 
3	0.0: 912 744 576 628 
1	0.0: 628 535 940 562 
3	0.0: 930 630 653 649 
1	0.0: 792 684 903 669 
3	0.0: 894 637 605 569 
3	0.0: 935 570 619 639 
1	0.0: 772 584 967 597 
3	0.0: 942 528 714 732 
3	0.0: 933 586 662 676 
3	0.0: 1009 506 595 610 
1	0.0: 799 524 821 589 
1	0.0: 733 496 707 498 
3	0.0: 815 564 566 489 
3	0.0: 956 542 366 576 
3	0.0: 753 692 553 646 
1	0.0: 1060 407 886 593 
1	0.0: 820 498 848 706 
3	0.0: 911 716 782 632 
1	0.0: 1030 745 890 650 
1	0.0: 945 554 1005 583 
3	0.0: 1185 576 693 677 
3	0.0: 978 507 482 631 
1	0.0: 756 461 783 565 
1	0.0: 726 570 897 691 
3	0.0: 943 509 558 587 
1	0.0: 940 578 881 674 
1	0.0: 806 823 929 638 
3	0.0: 904 502 685 657 
3	0.0: 940 618 656 677 
3	0.0: 1090 811 886 635 
3	0.0: 930 424 577 672 
3	0.0: 845 855 774 619 
1	0.0: 727 577 796 709 
3	0.0: 998 636 650 544 
1	0.0: 1112 531 831 622 
1	0.0: 859 628 1150 598 
3	0.0: 1059 706 556 627 
3	0.0: 975 464 427 565 
1	0.0: 1023 736 862 624 
3	0.0: 966 576 721 646 
1	0.0: 1129 692 1009 606 
3	0.0: 1016 853 826 611 
3	0.0: 913 642 491 575 
1	0.0: 971 601 1016 682 
3	0.0: 936 519 713 636 
1	0.0: 640 604 750 561 
3	0.0: 818 643 701 651 
1	0.0: 803 583 851 627 
1	0.0: 1035 360 774 627 
3	0.0: 1068 634 730 598 
3	0.0: 880 568 556 548 
1	0.0: 823 493 846 696 
1	0.0: 995 747 911 619 
1	0.0: 914 614 895 617 
3	0.0: 860 707 644 659 
3	0.0: 933 641 677 604 
3	0.0: 1145 583 562 628 
3	0.0: 932 657 670 659 
3	0.0: 832 466 649 595 
1	0.0: 772 567 850 651 
1	0.0: 899 513 847 670 
3	0.0: 1195 514 830 675 
1	0.0: 946 645 795 686 
1	0.0: 622 796 716 569 
1	0.0: 945 601 1034 651 
3	0.0: 1027 663 379 678 
1	0.0: 1002 608 923 634 
1	0.0: 830 690 1095 619 
1	0.0: 970 601 1066 523 
3	0.0: 804 520 678 641 
1	0.0: 762 776 1001 587 
1	0.0: 1073 521 876 629 
3	0.0: 1103 745 775 617 
1	0.0: 770 449 922 607 
1	0.0: 926 443 846 621 
6	0.0: 643 863 607 650 
3	0.0: 1090 647 708 680 
1	0.0: 881 615 761 599 
3	0.0: 771 548 631 535 
1	0.0: 881 599 873 621 
1	0.0: 1061 627 1010 631 
1	0.0: 816 687 780 523 
3	0.0: 993 680 704 606 
3	0.0: 977 639 546 676 
1	0.0: 891 604 861 693 
3	0.0: 1239 707 712 599 
1	0.0: 894 604 886 655 
1	0.0: 1010 635 828 680 
3	0.0: 725 546 555 549 
3	0.0: 981 594 660 554 
1	0.0: 1081 560 903 576 
3	0.0: 1004 653 799 657 
1	0.0: 940 564 902 651 
3	0.0: 1068 591 669 603 
3	0.0: 951 722 665 658 
3	0.0: 714 633 517 658 
1	0.0: 930 677 855 636 
3	0.0: 853 476 575 584 
1	0.0: 822 754 954 585 
1	0.0: 988 728 908 566 
1	0.0: 841 680 1052 622 
1	0.0: 733 663 808 695 
1	0.0: 957 665 984 619 
1	0.0: 827 635 876 681 
1	0.0: 837 436 904 594 
1	0.0: 1144 554 1213 655 
3	0.0: 960 670 786 641 
1	0.0: 769 627 752 589 
1	0.0: 790 623 757 591 
1	0.0: 830 534 1247 555 
1	0.0: 855 782 1032 697 
1	0.0: 762 703 1036 613 
1	0.0: 995 598 1027 707 
3	0.0: 1045 747 736 625 
3	0.0: 893 641 536 655 
3	0.0: 918 710 741 616 
3	0.0: 1043 593 777 670 
3	0.0: 1086 491 646 591 
1	0.0: 880 597 975 619 
3	0.0: 900 683 748 648 
3	0.0: 1009 708 790 685 
3	0.0: 938 687 708 660 
1	0.0: 754 661 902 616 
3	0.0: 912 626 584 545 
3	0.0: 985 643 634 591 
3	0.0: 893 687 501 631 
1	0.0: 1032 699 858 638 
3	0.0: 882 767 689 641 
3	0.0: 1142 766 839 688 
3	0.0: 1038 513 676 656 
1	0.0: 861 410 761 537 
3	0.0: 914 532 723 569 
1	0.0: 1019 599 911 568 
1	0.0: 989 556 818 679 
3	0.0: 1002 753 665 675 
3	0.0: 853 575 602 637 
1	0.0: 987 695 1036 605 
1	0.0: 904 514 880 608 
1	0.0: 959 615 870 607 
3	0.0: 861 778 632 646 
1	0.0: 849 655 924 671 
1	0.0: 1127 626 918 612 
1	0.0: 719 539 980 664 
3	0.0: 925 642 703 632 
1	0.0: 1053 542 989 603 
3	0.0: 1087 632 806 641 
1	0.0: 1045 798 908 596 
3	0.0: 859 675 743 589 
3	0.0: 933 642 757 603 
1	0.0: 929 657 937 662 
3	0.0: 921 561 496 621 
1	0.0: 856 627 842 642 
3	0.0: 986 696 809 573 
1	0.0: 708 684 941 691 
3	0.0: 875 705 763 598 
