3	0.0: 978 647 683 604 
6	0.0: 1007 784 639 941 
3	0.0: 970 853 611 597 
2	0.0: 1007 807 586 161 
3	0.0: 1006 830 631 528 
3	0.0: 1006 770 612 525 
3	0.0: 1009 906 612 509 
3	0.0: 985 652 635 545 
3	0.0: 1070 775 578 283 
3	0.0: 924 871 542 469 
3	0.0: 954 761 595 630 
3	0.0: 931 721 615 529 
3	0.0: 977 728 557 518 
3	0.0: 961 790 496 698 
3	0.0: 965 806 679 600 
6	0.0: 902 816 661 911 
3	0.0: 944 925 565 547 
3	0.0: 959 861 652 811 
3	0.0: 1029 706 635 619 
3	0.0: 1037 697 572 521 
6	0.0: 923 828 661 856 
3	0.0: 990 588 566 400 
3	0.0: 1022 809 668 716 
3	0.0: 1041 704 592 489 
3	0.0: 951 625 596 642 
3	0.0: 954 811 621 684 
3	0.0: 1044 721 619 700 
3	0.0: 967 699 679 536 
3	0.0: 1015 711 554 638 
3	0.0: 1024 719 521 716 
6	0.0: 1008 832 686 890 
3	0.0: 935 722 693 631 
3	0.0: 937 592 591 737 
3	0.0: 869 879 588 633 
3	0.0: 993 684 673 775 
3	0.0: 955 721 621 627 
3	0.0: 1030 834 642 574 
6	0.0: 964 823 724 1003 
3	0.0: 989 831 629 797 
6	0.0: 921 683 671 863 
6	0.0: 956 739 647 973 
3	0.0: 1010 675 705 505 
3	0.0: 1051 805 582 494 
3	0.0: 1022 880 625 588 
3	0.0: 992 774 688 541 
3	0.0: 992 688 592 463 
3	0.0: 990 762 549 722 
3	0.0: 991 857 657 828 
3	0.0: 980 713 638 577 
3	0.0: 1005 629 525 574 
3	0.0: 971 832 650 723 
3	0.0: 947 749 646 440 
3	0.0: 1032 684 557 739 
3	0.0: 991 650 650 396 
6	0.0: 857 848 658 933 
2	0.0: 1028 613 644 223 
3	0.0: 970 832 538 683 
3	0.0: 997 707 559 425 
3	0.0: 969 889 568 614 
2	0.0: 965 877 636 149 
0	0.0: 912 787 553 868 
3	0.0: 963 882 526 501 
3	0.0: 891 852 652 730 
3	0.0: 1005 776 616 755 
2	0.0: 924 856 635 186 
3	0.0: 1005 827 454 531 
3	0.0: 959 741 575 817 
3	0.0: 994 663 702 626 
3	0.0: 1012 688 564 829 
3	0.0: 1024 834 644 597 
3	0.0: 1027 786 622 431 
3	0.0: 1085 758 529 664 
3	0.0: 946 790 566 417 
3	0.0: 909 710 607 621 
6	0.0: 980 852 709 828 
3	0.0: 956 811 649 750 
3	0.0: 1010 911 664 686 
3	0.0: 1002 603 631 564 
3	0.0: 980 741 643 653 
6	0.0: 1014 881 671 1017 
3	0.0: 1026 593 690 309 
0	0.0: 910 824 543 936 
3	0.0: 952 723 588 632 
3	0.0: 1011 760 554 645 
3	0.0: 1042 584 655 777 
0	0.0: 996 862 572 955 
3	0.0: 973 809 562 482 
3	0.0: 953 952 607 787 
3	0.0: 952 721 622 626 
3	0.0: 1008 752 577 700 
3	0.0: 988 720 662 383 
3	0.0: 965 713 579 724 
3	0.0: 1001 681 551 378 
6	0.0: 937 755 669 915 
3	0.0: 982 840 628 620 
6	0.0: 1012 823 631 884 
3	0.0: 1057 797 633 434 
3	0.0: 918 697 691 477 
3	0.0: 1017 793 623 422 
6	0.0: 965 759 653 928 
3	0.0: 1008 643 586 783 
0	0.0: 1048 785 532 971 
3	0.0: 995 711 650 679 
3	0.0: 971 891 575 708 
3	0.0: 1028 729 607 650 
6	0.0: 977 836 652 1255 
6	0.0: 1052 791 642 1021 
3	0.0: 996 696 596 493 
0	0.0: 1067 722 554 900 
3	0.0: 990 688 652 763 
3	0.0: 989 725 626 619 
3	0.0: 989 874 626 581 
3	0.0: 985 769 653 564 
2	0.0: 959 833 600 261 
3	0.0: 1064 667 641 557 
3	0.0: 946 937 631 619 
3	0.0: 975 708 539 540 
3	0.0: 949 823 700 665 
3	0.0: 1046 807 599 596 
3	0.0: 1043 746 666 347 
3	0.0: 1021 788 633 385 
3	0.0: 1046 820 622 728 
0	0.0: 992 870 573 911 
6	0.0: 970 878 650 911 
3	0.0: 996 851 704 531 
3	0.0: 1002 765 601 722 
3	0.0: 962 770 592 540 
3	0.0: 1052 781 598 900 
6	0.0: 1001 817 599 910 
3	0.0: 1016 639 688 845 
3	0.0: 974 870 633 650 
3	0.0: 986 710 656 750 
3	0.0: 966 898 619 779 
3	0.0: 922 748 571 510 
3	0.0: 898 776 667 576 
3	0.0: 940 851 558 390 
3	0.0: 1047 725 625 797 
3	0.0: 1081 659 607 744 
3	0.0: 951 636 707 666 
3	0.0: 996 747 597 558 
6	0.0: 956 812 642 881 
6	0.0: 977 678 632 888 
3	0.0: 977 731 610 719 
3	0.0: 998 867 591 627 
3	0.0: 1023 775 644 643 
0	0.0: 931 792 588 974 
3	0.0: 1084 829 676 712 
3	0.0: 984 721 662 570 
0	0.0: 912 869 585 962 
3	0.0: 938 728 623 417 
3	0.0: 962 804 734 737 
3	0.0: 1021 807 600 687 
6	0.0: 974 805 639 879 
3	0.0: 1128 832 686 550 
3	0.0: 960 762 689 628 
3	0.0: 945 803 575 669 
3	0.0: 1016 884 691 598 
3	0.0: 1026 622 652 735 
3	0.0: 1077 712 634 521 
3	0.0: 933 836 634 430 
3	0.0: 1069 852 633 637 
2	0.0: 963 728 652 262 
3	0.0: 1118 871 546 408 
0	0.0: 1051 760 615 1014 
3	0.0: 1034 637 623 786 
3	0.0: 1003 740 614 689 
3	0.0: 999 781 635 744 
3	0.0: 1051 680 574 706 
3	0.0: 958 766 606 688 
0	0.0: 990 679 553 890 
3	0.0: 1139 587 642 832 
0	0.0: 906 797 566 964 
3	0.0: 943 761 594 747 
3	0.0: 1078 690 644 501 
3	0.0: 1003 858 698 678 
3	0.0: 960 643 600 648 
3	0.0: 995 892 630 480 
3	0.0: 950 828 645 702 
0	0.0: 1022 689 580 1001 
3	0.0: 1055 784 559 616 
3	0.0: 1006 592 646 676 
3	0.0: 1073 794 586 601 
3	0.0: 1070 812 579 674 
6	0.0: 1067 831 630 907 
3	0.0: 966 777 647 525 
3	0.0: 944 942 601 504 
3	0.0: 1025 1012 638 373 
3	0.0: 1050 809 641 767 
3	0.0: 1010 748 576 817 
0	0.0: 928 842 563 836 
3	0.0: 995 890 621 474 
3	0.0: 991 756 548 447 
3	0.0: 1045 822 617 346 
3	0.0: 999 752 550 776 
3	0.0: 1014 842 628 586 
0	0.0: 986 637 576 916 
3	0.0: 862 700 556 650 
3	0.0: 993 895 588 654 
6	0.0: 1024 781 687 876 
3	0.0: 990 809 607 531 
6	0.0: 1015 765 627 940 
3	0.0: 1023 749 541 562 
0	0.0: 966 815 558 1029 
3	0.0: 1055 806 603 637 
3	0.0: 1038 705 587 704 
3	0.0: 1006 880 530 598 
3	0.0: 905 742 596 379 
6	0.0: 1068 890 623 1055 
6	0.0: 984 770 720 885 
3	0.0: 1044 701 618 667 
3	0.0: 920 919 637 773 
3	0.0: 1038 713 664 647 
3	0.0: 924 822 666 501 
3	0.0: 1004 719 656 463 
3	0.0: 1063 875 594 495 
3	0.0: 1035 766 649 855 
3	0.0: 935 768 676 755 
0	0.0: 1006 648 559 915 
6	0.0: 938 871 687 804 
3	0.0: 944 761 669 640 
6	0.0: 962 846 601 869 
3	0.0: 962 930 638 562 
6	0.0: 942 738 616 870 
3	0.0: 951 722 615 779 
3	0.0: 917 688 647 556 
3	0.0: 903 746 582 803 
3	0.0: 1075 729 552 822 
3	0.0: 1014 853 610 770 
3	0.0: 1020 760 545 464 
3	0.0: 1008 597 608 354 
3	0.0: 1045 581 643 222 
3	0.0: 1056 523 584 786 
3	0.0: 1041 683 630 751 
3	0.0: 1029 833 567 590 
3	0.0: 1074 680 619 663 
3	0.0: 1139 875 595 936 
3	0.0: 932 829 631 696 
3	0.0: 958 726 641 719 
3	0.0: 1059 887 636 660 
3	0.0: 1009 611 705 564 
6	0.0: 1007 745 638 887 
3	0.0: 1009 702 600 616 
3	0.0: 991 815 644 507 
3	0.0: 1065 673 616 726 
3	0.0: 1029 875 679 761 
3	0.0: 954 803 602 501 
6	0.0: 1016 784 687 1034 
6	0.0: 1011 903 638 869 
3	0.0: 1021 843 571 664 
3	0.0: 946 768 556 724 
