7	0.0: 194 550 464 1144 
7	0.0: 1 663 464 1070 
7	0.0: 176 368 465 969 
7	0.0: 7 516 464 1240 
7	0.0: 18 446 465 913 
7	0.0: 122 411 465 985 
5	0.0: 5 214 463 796 
7	0.0: 211 680 464 947 
7	0.0: 353 650 466 1055 
5	0.0: 169 330 463 855 
7	0.0: 66 499 464 869 
7	0.0: 361 293 464 1034 
7	0.0: 1 580 465 962 
7	0.0: 335 275 464 1068 
7	0.0: 219 601 466 1278 
7	0.0: 353 576 465 1219 
7	0.0: 152 520 464 1037 
7	0.0: 437 505 465 1211 
7	0.0: 1 337 463 972 
0	0.0: 553 445 464 1210 
7	0.0: 1 469 465 915 
5	0.0: 1 540 465 651 
7	0.0: 455 448 465 924 
7	0.0: 23 569 464 1151 
0	0.0: 522 714 464 923 
7	0.0: 319 503 463 1204 
7	0.0: 1 521 464 806 
5	0.0: 488 541 465 698 
7	0.0: 37 732 463 1019 
5	0.0: 210 434 465 650 
7	0.0: 452 680 464 1080 
7	0.0: 454 635 465 1117 
7	0.0: 106 509 465 1009 
5	0.0: 190 334 464 845 
0	0.0: 503 557 463 853 
0	0.0: 605 413 465 1150 
7	0.0: 235 424 464 1063 
7	0.0: 230 770 465 830 
7	0.0: 273 569 464 1150 
7	0.0: 418 626 464 1026 
7	0.0: 173 457 465 929 
7	0.0: 490 377 465 1320 
7	0.0: 152 437 465 1094 
0	0.0: 503 430 465 916 
5	0.0: 141 358 464 593 
5	0.0: 199 643 465 465 
7	0.0: 1 417 463 1154 
7	0.0: 170 361 464 1380 
7	0.0: 341 763 464 957 
7	0.0: 45 824 464 943 
0	0.0: 580 428 466 877 
7	0.0: 338 521 463 972 
5	0.0: 379 605 465 626 
7	0.0: 167 576 465 1119 
7	0.0: 180 500 465 994 
5	0.0: 150 262 463 909 
0	0.0: 538 596 464 1137 
7	0.0: 184 607 464 1145 
7	0.0: 420 617 464 835 
7	0.0: 337 471 462 1068 
7	0.0: 310 414 464 1171 
7	0.0: 25 548 465 1047 
5	0.0: 364 503 464 567 
5	0.0: 47 373 464 537 
7	0.0: 397 690 464 1250 
7	0.0: 62 491 465 1087 
7	0.0: 243 616 463 963 
7	0.0: 135 467 464 1117 
7	0.0: 366 587 464 871 
5	0.0: 508 345 464 812 
0	0.0: 513 802 463 916 
7	0.0: 33 473 466 944 
7	0.0: 82 631 464 928 
7	0.0: 1 335 463 1168 
7	0.0: 45 425 465 952 
5	0.0: 146 489 464 743 
7	0.0: 1 507 464 965 
7	0.0: 164 458 465 1137 
7	0.0: 33 505 465 1187 
5	0.0: 165 411 464 857 
7	0.0: 294 435 465 1046 
7	0.0: 110 603 465 808 
5	0.0: 327 187 464 568 
5	0.0: 186 606 462 710 
7	0.0: 244 349 462 1002 
7	0.0: 261 578 464 943 
7	0.0: 1 418 464 1001 
7	0.0: 202 770 464 877 
7	0.0: 7 675 465 974 
7	0.0: 353 558 463 1247 
7	0.0: 65 551 463 832 
5	0.0: 1 502 464 669 
7	0.0: 407 383 464 918 
7	0.0: 215 397 465 1162 
7	0.0: 285 732 464 880 
7	0.0: 89 444 464 1016 
7	0.0: 45 925 464 995 
7	0.0: 278 293 465 998 
5	0.0: 376 81 464 782 
7	0.0: 109 724 465 852 
7	0.0: 357 528 465 827 
7	0.0: 160 610 465 1195 
5	0.0: 209 653 466 663 
7	0.0: 320 746 466 919 
7	0.0: 100 480 465 1149 
7	0.0: 1 749 466 848 
7	0.0: 184 582 464 833 
7	0.0: 138 575 464 1058 
7	0.0: 315 526 466 944 
7	0.0: 94 441 465 1024 
7	0.0: 105 617 465 827 
7	0.0: 386 595 465 1077 
0	0.0: 503 383 464 1118 
7	0.0: 1 498 465 1036 
7	0.0: 80 339 464 943 
7	0.0: 383 531 464 970 
7	0.0: 332 689 463 888 
7	0.0: 211 199 465 1006 
5	0.0: 1 424 465 744 
7	0.0: 1 417 463 1042 
7	0.0: 244 616 465 953 
7	0.0: 102 444 464 1088 
0	0.0: 563 704 465 620 
7	0.0: 1 303 464 1049 
5	0.0: 66 556 465 680 
7	0.0: 388 653 465 971 
7	0.0: 1 715 466 858 
7	0.0: 201 651 464 944 
7	0.0: 1 571 464 1104 
7	0.0: 73 374 465 929 
0	0.0: 599 635 465 876 
7	0.0: 67 529 466 812 
5	0.0: 1 364 464 775 
7	0.0: 1 442 465 1097 
5	0.0: 153 434 464 777 
7	0.0: 481 528 464 1117 
7	0.0: 124 335 463 996 
7	0.0: 66 623 464 1145 
0	0.0: 625 460 465 1272 
7	0.0: 1 639 463 1028 
7	0.0: 225 609 465 922 
5	0.0: 272 511 464 754 
5	0.0: 340 487 464 675 
7	0.0: 313 652 464 926 
5	0.0: 256 334 465 891 
7	0.0: 20 641 464 897 
0	0.0: 727 728 464 848 
5	0.0: 198 520 466 794 
7	0.0: 247 686 466 1143 
7	0.0: 187 536 463 1170 
7	0.0: 194 569 464 879 
7	0.0: 1 438 464 1094 
5	0.0: 1 315 464 573 
0	0.0: 487 514 465 1450 
7	0.0: 380 413 467 958 
7	0.0: 69 756 464 984 
0	0.0: 605 652 462 862 
7	0.0: 44 323 465 1100 
7	0.0: 319 578 465 915 
7	0.0: 174 587 464 937 
7	0.0: 172 385 465 910 
0	0.0: 659 537 464 1118 
5	0.0: 350 476 464 718 
7	0.0: 163 487 465 1127 
0	0.0: 494 546 463 927 
5	0.0: 131 487 466 417 
7	0.0: 58 592 466 1067 
7	0.0: 1 748 464 951 
0	0.0: 510 325 464 1088 
5	0.0: 367 287 464 876 
7	0.0: 1 471 463 985 
7	0.0: 277 597 464 1322 
7	0.0: 346 453 464 1036 
7	0.0: 121 625 462 875 
7	0.0: 266 632 465 1130 
7	0.0: 232 291 464 1008 
7	0.0: 239 593 466 1048 
7	0.0: 342 484 465 902 
7	0.0: 2 753 463 998 
7	0.0: 267 610 464 834 
7	0.0: 248 851 466 1004 
7	0.0: 78 720 463 1020 
5	0.0: 194 546 466 684 
7	0.0: 222 844 464 900 
7	0.0: 142 308 465 1220 
5	0.0: 200 525 464 549 
5	0.0: 340 214 463 974 
7	0.0: 363 472 463 1207 
7	0.0: 88 564 467 982 
7	0.0: 292 476 464 1051 
5	0.0: 165 356 466 821 
7	0.0: 197 398 464 971 
7	0.0: 39 679 465 1135 
7	0.0: 1 682 465 715 
7	0.0: 1 604 465 1019 
7	0.0: 52 724 464 1182 
7	0.0: 225 510 465 1031 
7	0.0: 483 562 463 879 
7	0.0: 265 459 465 939 
5	0.0: 124 319 465 908 
7	0.0: 209 428 463 1041 
7	0.0: 323 710 465 976 
7	0.0: 11 475 466 1181 
7	0.0: 178 384 463 1023 
7	0.0: 202 535 464 1214 
7	0.0: 321 690 466 1133 
7	0.0: 105 590 464 923 
7	0.0: 1 448 465 1017 
7	0.0: 408 444 463 1170 
7	0.0: 374 616 465 815 
5	0.0: 418 239 464 741 
7	0.0: 124 462 466 949 
7	0.0: 103 591 465 1112 
5	0.0: 248 313 464 921 
7	0.0: 392 448 464 1028 
0	0.0: 616 518 464 907 
7	0.0: 1 424 465 912 
5	0.0: 72 328 464 618 
7	0.0: 1 521 464 911 
5	0.0: 1 328 463 608 
7	0.0: 89 829 465 1075 
7	0.0: 166 409 464 934 
7	0.0: 335 433 465 953 
7	0.0: 228 660 465 763 
0	0.0: 508 437 463 845 
7	0.0: 289 543 464 915 
0	0.0: 638 482 464 1072 
7	0.0: 165 704 465 981 
5	0.0: 205 327 464 607 
7	0.0: 460 498 465 984 
7	0.0: 339 256 465 977 
7	0.0: 91 420 464 1008 
7	0.0: 53 548 463 866 
7	0.0: 92 570 465 1062 
5	0.0: 224 372 465 560 
5	0.0: 1 390 465 861 
7	0.0: 378 435 465 1050 
7	0.0: 51 490 464 986 
5	0.0: 182 518 463 732 
7	0.0: 322 367 465 1237 
7	0.0: 89 538 464 1100 
7	0.0: 1 411 464 1013 
7	0.0: 1 498 463 1156 
7	0.0: 464 592 464 878 
5	0.0: 326 337 466 789 
0	0.0: 538 381 465 1245 
5	0.0: 502 659 463 630 
7	0.0: 233 641 466 826 
7	0.0: 178 352 463 1315 
5	0.0: 293 348 464 742 
