4	0.0: 254 773 905 324 
4	0.0: 408 873 883 369 
4	0.0: 492 875 891 510 
4	0.0: 390 813 882 247 
4	0.0: 217 844 882 229 
4	0.0: 256 790 860 467 
4	0.0: 330 804 894 296 
4	0.0: 276 777 881 245 
4	0.0: 372 805 891 308 
4	0.0: 439 834 884 383 
4	0.0: 378 848 912 676 
4	0.0: 312 674 889 307 
4	0.0: 381 857 901 276 
4	0.0: 383 685 863 535 
4	0.0: 483 878 869 366 
4	0.0: 362 718 869 273 
4	0.0: 320 749 903 401 
4	0.0: 436 843 889 618 
4	0.0: 270 818 900 460 
4	0.0: 382 681 919 202 
4	0.0: 322 931 887 60 
4	0.0: 498 780 947 396 
4	0.0: 459 618 915 402 
4	0.0: 351 784 901 260 
1	0.0: 532 829 915 612 
4	0.0: 237 803 863 579 
4	0.0: 467 860 841 413 
4	0.0: 247 784 915 490 
4	0.0: 219 898 907 495 
4	0.0: 481 929 932 250 
4	0.0: 402 816 923 736 
4	0.0: 373 837 953 176 
4	0.0: 256 837 844 34 
4	0.0: 354 878 896 310 
4	0.0: 342 875 865 47 
4	0.0: 383 813 908 78 
4	0.0: 394 604 875 190 
4	0.0: 336 790 860 471 
4	0.0: 387 746 888 394 
4	0.0: 385 725 884 401 
4	0.0: 302 815 880 574 
4	0.0: 184 819 883 478 
4	0.0: 246 858 935 375 
4	0.0: 225 817 885 586 
4	0.0: 269 750 922 327 
4	0.0: 244 1045 902 421 
4	0.0: 439 908 909 80 
4	0.0: 268 741 924 131 
4	0.0: 572 1005 917 352 
4	0.0: 312 778 871 334 
4	0.0: 325 901 888 304 
4	0.0: 270 689 894 336 
4	0.0: 372 831 931 405 
4	0.0: 260 832 894 538 
1	0.0: 522 666 904 515 
4	0.0: 333 700 935 329 
4	0.0: 412 651 859 291 
4	0.0: 429 883 875 263 
4	0.0: 397 878 863 382 
4	0.0: 451 692 909 574 
4	0.0: 306 702 907 122 
4	0.0: 381 729 875 397 
6	0.0: 362 621 936 799 
4	0.0: 240 817 904 409 
4	0.0: 136 673 918 629 
4	0.0: 293 765 903 403 
4	0.0: 278 679 896 223 
4	0.0: 397 754 880 481 
4	0.0: 245 788 941 458 
4	0.0: 459 769 893 505 
4	0.0: 394 755 894 153 
4	0.0: 475 797 956 223 
4	0.0: 367 767 941 507 
4	0.0: 184 775 950 56 
4	0.0: 193 765 918 93 
4	0.0: 361 807 916 695 
4	0.0: 357 837 898 469 
4	0.0: 274 855 906 160 
4	0.0: 267 834 940 178 
4	0.0: 307 852 906 614 
4	0.0: 359 853 902 179 
4	0.0: 476 875 911 430 
4	0.0: 156 744 909 316 
4	0.0: 340 688 846 335 
4	0.0: 156 693 920 335 
7	0.0: 204 796 920 895 
4	0.0: 341 833 893 483 
4	0.0: 314 797 917 783 
4	0.0: 271 762 898 275 
4	0.0: 320 659 908 294 
4	0.0: 536 821 863 352 
4	0.0: 155 808 850 353 
6	0.0: 492 913 852 661 
4	0.0: 184 686 929 129 
4	0.0: 135 849 892 125 
4	0.0: 164 760 924 325 
4	0.0: 234 875 911 451 
4	0.0: 394 852 922 309 
1	0.0: 557 675 868 433 
4	0.0: 327 898 930 333 
4	0.0: 442 753 894 448 
4	0.0: 261 506 925 363 
4	0.0: 455 889 874 641 
1	0.0: 542 826 899 582 
4	0.0: 396 835 880 454 
4	0.0: 212 893 895 433 
4	0.0: 243 778 870 574 
4	0.0: 210 771 942 353 
4	0.0: 434 802 944 699 
4	0.0: 2 672 911 94 
4	0.0: 461 833 889 617 
4	0.0: 325 930 907 623 
4	0.0: 536 791 874 374 
4	0.0: 318 889 885 258 
4	0.0: 249 821 888 492 
4	0.0: 324 739 904 632 
4	0.0: 250 874 899 321 
4	0.0: 200 833 911 231 
4	0.0: 59 807 878 524 
4	0.0: 205 930 879 516 
4	0.0: 315 775 914 501 
4	0.0: 306 1029 883 118 
4	0.0: 331 793 925 342 
4	0.0: 526 960 878 285 
4	0.0: 222 764 909 285 
4	0.0: 395 792 942 416 
4	0.0: 441 821 874 370 
4	0.0: 334 770 923 611 
1	0.0: 611 704 864 534 
4	0.0: 113 827 908 309 
4	0.0: 302 835 976 428 
4	0.0: 475 899 884 400 
4	0.0: 306 739 896 507 
4	0.0: 407 804 930 314 
1	0.0: 615 839 929 335 
4	0.0: 419 715 908 466 
4	0.0: 394 898 912 226 
4	0.0: 421 720 852 273 
4	0.0: 437 754 876 288 
4	0.0: 354 836 900 223 
4	0.0: 517 721 896 325 
4	0.0: 277 1024 939 201 
4	0.0: 382 751 927 495 
4	0.0: 130 680 886 346 
4	0.0: 425 873 908 436 
4	0.0: 234 859 946 438 
4	0.0: 352 856 900 215 
4	0.0: 311 754 912 194 
4	0.0: 352 882 876 380 
4	0.0: 316 795 906 447 
4	0.0: 303 1017 894 38 
4	0.0: 541 860 872 462 
4	0.0: 327 750 928 266 
4	0.0: 300 774 884 587 
4	0.0: 161 842 886 353 
4	0.0: 269 785 894 221 
4	0.0: 431 778 900 27 
4	0.0: 318 850 930 389 
4	0.0: 283 879 914 415 
6	0.0: 444 797 899 769 
4	0.0: 384 747 940 305 
4	0.0: 438 683 933 301 
1	0.0: 597 807 920 358 
4	0.0: 378 738 899 306 
4	0.0: 278 679 923 372 
4	0.0: 488 896 887 236 
4	0.0: 221 955 901 795 
4	0.0: 384 780 903 431 
4	0.0: 314 797 926 448 
4	0.0: 410 745 886 380 
4	0.0: 286 831 892 439 
4	0.0: 270 690 939 461 
4	0.0: 88 809 897 437 
4	0.0: 288 855 889 402 
4	0.0: 330 675 924 225 
4	0.0: 424 948 881 646 
4	0.0: 419 735 939 308 
4	0.0: 351 855 895 331 
4	0.0: 390 970 933 431 
4	0.0: 295 804 918 373 
4	0.0: 202 894 862 487 
4	0.0: 435 834 916 1 
4	0.0: 403 656 873 243 
4	0.0: 397 774 858 389 
4	0.0: 358 879 891 439 
4	0.0: 419 772 923 167 
1	0.0: 502 786 942 587 
4	0.0: 387 835 930 334 
4	0.0: 394 954 899 635 
4	0.0: 325 815 909 445 
4	0.0: 325 900 879 122 
4	0.0: 366 762 902 627 
4	0.0: 259 864 879 417 
4	0.0: 345 908 899 436 
4	0.0: 324 600 856 237 
1	0.0: 546 627 904 462 
4	0.0: 427 951 915 446 
4	0.0: 344 840 930 233 
4	0.0: 211 967 909 481 
4	0.0: 281 699 904 378 
4	0.0: 338 787 913 355 
4	0.0: 384 693 929 398 
4	0.0: 219 785 920 479 
4	0.0: 573 764 928 171 
4	0.0: 226 705 866 130 
4	0.0: 371 756 895 214 
4	0.0: 264 736 903 396 
4	0.0: 388 764 876 554 
4	0.0: 135 963 888 287 
4	0.0: 305 731 911 284 
4	0.0: 178 912 896 659 
4	0.0: 359 706 876 502 
4	0.0: 339 668 915 334 
4	0.0: 346 808 940 550 
4	0.0: 314 891 905 210 
4	0.0: 298 778 899 511 
4	0.0: 256 750 931 283 
4	0.0: 323 819 897 543 
4	0.0: 237 767 920 331 
1	0.0: 599 788 934 591 
1	0.0: 535 798 891 614 
4	0.0: 162 925 911 616 
4	0.0: 377 752 932 197 
4	0.0: 442 817 918 499 
4	0.0: 187 692 910 465 
4	0.0: 507 859 898 560 
4	0.0: 317 840 933 205 
4	0.0: 198 804 932 484 
4	0.0: 449 815 851 434 
4	0.0: 322 756 933 396 
4	0.0: 365 634 927 342 
4	0.0: 312 670 886 241 
4	0.0: 349 622 915 457 
4	0.0: 512 871 897 233 
4	0.0: 226 669 938 288 
4	0.0: 426 811 869 401 
4	0.0: 400 706 921 618 
1	0.0: 567 611 872 505 
4	0.0: 261 834 944 170 
4	0.0: 306 678 872 319 
4	0.0: 321 879 921 673 
4	0.0: 327 794 843 379 
4	0.0: 343 873 908 366 
4	0.0: 234 812 894 519 
4	0.0: 218 788 913 704 
4	0.0: 298 913 924 518 
4	0.0: 511 752 938 412 
1	0.0: 637 791 889 262 
4	0.0: 360 698 912 462 
4	0.0: 387 683 895 487 
