2	0.0: 814 883 420 1 
2	0.0: 790 803 403 80 
2	0.0: 812 838 407 88 
2	0.0: 826 796 409 46 
2	0.0: 799 809 403 1 
2	0.0: 804 838 403 131 
2	0.0: 804 816 396 94 
2	0.0: 821 813 394 103 
2	0.0: 814 847 409 100 
2	0.0: 801 834 407 27 
2	0.0: 789 792 405 39 
2	0.0: 819 829 399 34 
2	0.0: 804 841 408 29 
2	0.0: 814 834 400 146 
2	0.0: 808 835 413 153 
2	0.0: 825 794 412 85 
2	0.0: 802 873 400 39 
2	0.0: 815 859 399 124 
2	0.0: 837 826 399 58 
2	0.0: 822 820 412 104 
2	0.0: 853 874 399 187 
2	0.0: 822 825 396 232 
2	0.0: 848 856 408 1 
2	0.0: 811 803 406 94 
2	0.0: 814 807 400 204 
2	0.0: 811 836 413 104 
2	0.0: 832 860 406 1 
2	0.0: 837 822 407 139 
2	0.0: 802 878 401 1 
2	0.0: 826 835 405 97 
2	0.0: 818 835 409 54 
2	0.0: 802 814 404 119 
2	0.0: 798 890 404 82 
2	0.0: 786 822 411 124 
2	0.0: 784 899 409 1 
2	0.0: 810 825 410 98 
2	0.0: 795 822 413 4 
2	0.0: 860 778 406 30 
2	0.0: 805 831 404 67 
2	0.0: 811 867 411 1 
2	0.0: 818 854 404 13 
2	0.0: 836 847 401 102 
2	0.0: 817 777 404 37 
2	0.0: 845 830 406 44 
2	0.0: 821 880 397 27 
2	0.0: 810 832 411 16 
2	0.0: 806 827 402 31 
2	0.0: 791 808 406 32 
2	0.0: 790 786 417 64 
2	0.0: 833 851 406 124 
2	0.0: 858 777 404 1 
2	0.0: 817 828 399 71 
2	0.0: 824 839 410 1 
2	0.0: 823 800 411 19 
2	0.0: 791 874 407 224 
2	0.0: 810 837 407 23 
2	0.0: 826 822 406 81 
2	0.0: 828 828 398 43 
2	0.0: 813 823 403 1 
2	0.0: 841 870 404 72 
2	0.0: 845 831 412 134 
2	0.0: 858 866 412 10 
2	0.0: 829 851 410 113 
2	0.0: 853 827 403 177 
2	0.0: 849 780 415 191 
2	0.0: 848 831 405 157 
2	0.0: 799 824 411 134 
2	0.0: 796 828 400 166 
2	0.0: 801 830 404 101 
2	0.0: 836 822 414 124 
2	0.0: 829 836 401 116 
2	0.0: 833 860 407 191 
2	0.0: 807 831 409 109 
2	0.0: 803 773 408 86 
2	0.0: 815 821 396 29 
2	0.0: 844 803 405 175 
2	0.0: 838 840 405 30 
2	0.0: 808 808 403 202 
2	0.0: 799 821 399 26 
2	0.0: 781 841 415 32 
2	0.0: 798 871 413 44 
2	0.0: 792 855 400 158 
2	0.0: 827 871 395 96 
2	0.0: 796 816 410 44 
2	0.0: 837 867 402 82 
2	0.0: 814 826 404 128 
2	0.0: 835 801 405 1 
2	0.0: 807 842 419 24 
2	0.0: 870 846 411 71 
2	0.0: 837 739 399 59 
2	0.0: 823 815 407 165 
2	0.0: 823 848 396 172 
2	0.0: 815 857 409 63 
2	0.0: 787 842 410 173 
2	0.0: 810 843 401 49 
2	0.0: 800 846 405 1 
2	0.0: 803 840 409 1 
2	0.0: 845 830 404 41 
2	0.0: 830 831 398 23 
2	0.0: 798 845 403 71 
2	0.0: 803 843 411 1 
2	0.0: 805 793 389 181 
2	0.0: 808 802 412 101 
2	0.0: 791 826 398 117 
2	0.0: 810 790 402 58 
2	0.0: 790 842 415 204 
2	0.0: 778 806 405 137 
2	0.0: 803 813 415 66 
2	0.0: 772 821 400 118 
2	0.0: 799 842 406 120 
2	0.0: 808 873 403 127 
2	0.0: 784 805 415 1 
2	0.0: 794 844 410 26 
2	0.0: 796 779 399 185 
2	0.0: 826 849 411 79 
2	0.0: 826 854 400 42 
2	0.0: 809 861 409 110 
2	0.0: 824 808 394 167 
2	0.0: 781 823 405 61 
2	0.0: 840 795 411 79 
2	0.0: 787 800 400 95 
2	0.0: 816 816 413 133 
2	0.0: 813 849 410 22 
2	0.0: 804 856 400 1 
2	0.0: 756 809 411 124 
2	0.0: 856 804 396 105 
2	0.0: 846 812 407 137 
2	0.0: 819 861 401 9 
2	0.0: 786 790 405 41 
2	0.0: 840 827 399 70 
2	0.0: 811 860 414 65 
2	0.0: 825 812 404 120 
2	0.0: 790 800 406 94 
2	0.0: 817 844 394 123 
2	0.0: 806 814 408 136 
2	0.0: 787 779 407 104 
2	0.0: 809 866 418 69 
2	0.0: 808 825 409 76 
2	0.0: 810 819 411 134 
2	0.0: 815 845 393 107 
2	0.0: 835 832 410 203 
2	0.0: 798 839 409 21 
2	0.0: 816 856 395 102 
2	0.0: 826 845 412 123 
2	0.0: 799 858 408 24 
2	0.0: 820 824 418 94 
2	0.0: 799 838 404 106 
2	0.0: 816 869 409 1 
2	0.0: 780 832 403 126 
2	0.0: 777 835 409 1 
2	0.0: 823 794 410 94 
2	0.0: 813 862 417 78 
2	0.0: 816 818 402 96 
2	0.0: 828 793 407 72 
2	0.0: 815 838 406 44 
2	0.0: 798 855 409 128 
2	0.0: 788 841 417 143 
2	0.0: 789 819 394 138 
2	0.0: 824 843 411 83 
2	0.0: 807 826 398 60 
2	0.0: 818 828 413 49 
2	0.0: 804 800 413 67 
2	0.0: 798 828 411 111 
2	0.0: 799 850 405 96 
2	0.0: 781 809 419 10 
2	0.0: 774 818 400 78 
2	0.0: 821 832 400 99 
2	0.0: 799 862 410 1 
2	0.0: 792 833 405 77 
2	0.0: 828 801 394 78 
2	0.0: 825 825 406 103 
2	0.0: 840 836 401 1 
2	0.0: 866 813 407 1 
2	0.0: 776 852 398 133 
2	0.0: 815 820 401 102 
2	0.0: 804 867 405 51 
2	0.0: 779 827 404 212 
2	0.0: 812 830 406 26 
2	0.0: 794 863 407 1 
2	0.0: 804 824 403 203 
2	0.0: 799 851 409 52 
2	0.0: 816 832 404 10 
2	0.0: 830 809 408 57 
2	0.0: 811 829 397 1 
2	0.0: 817 822 402 54 
2	0.0: 801 854 399 22 
2	0.0: 807 857 402 82 
2	0.0: 769 840 401 180 
2	0.0: 776 823 399 2 
2	0.0: 817 866 404 3 
2	0.0: 788 847 396 106 
2	0.0: 804 855 399 60 
2	0.0: 779 834 414 111 
2	0.0: 813 855 403 17 
2	0.0: 825 853 406 8 
2	0.0: 831 820 410 74 
2	0.0: 795 851 406 1 
2	0.0: 792 813 409 95 
2	0.0: 804 840 398 1 
2	0.0: 803 804 398 147 
2	0.0: 838 841 397 104 
2	0.0: 846 823 394 45 
2	0.0: 786 838 408 131 
2	0.0: 821 878 407 1 
2	0.0: 781 806 406 1 
2	0.0: 813 824 395 31 
2	0.0: 829 821 400 98 
2	0.0: 796 823 412 69 
2	0.0: 837 816 414 73 
2	0.0: 825 843 408 42 
2	0.0: 815 820 392 84 
2	0.0: 807 867 410 41 
2	0.0: 805 859 403 150 
2	0.0: 842 822 409 105 
2	0.0: 782 806 411 84 
2	0.0: 831 867 413 75 
2	0.0: 796 820 404 167 
2	0.0: 778 849 404 91 
2	0.0: 792 789 409 1 
2	0.0: 808 844 407 11 
2	0.0: 808 831 402 1 
2	0.0: 785 848 398 1 
2	0.0: 785 841 417 100 
2	0.0: 839 837 418 162 
2	0.0: 842 842 400 53 
2	0.0: 836 806 400 61 
2	0.0: 773 857 415 189 
2	0.0: 833 826 416 61 
2	0.0: 807 850 399 154 
2	0.0: 780 820 396 9 
2	0.0: 823 824 409 1 
2	0.0: 795 859 408 65 
2	0.0: 798 799 396 36 
2	0.0: 837 891 412 12 
2	0.0: 819 810 414 105 
2	0.0: 800 836 410 1 
2	0.0: 808 785 409 119 
2	0.0: 816 820 405 61 
2	0.0: 805 849 407 25 
2	0.0: 789 846 409 58 
2	0.0: 811 817 418 95 
2	0.0: 842 849 411 128 
2	0.0: 831 839 407 80 
2	0.0: 788 802 399 1 
2	0.0: 814 815 397 1 
2	0.0: 828 852 400 89 
2	0.0: 871 837 410 69 
2	0.0: 837 827 408 33 
2	0.0: 839 829 418 1 
2	0.0: 810 796 409 106 
