4	0.0: 117 955 588 697 
5	0.0: 75 561 461 681 
7	0.0: 129 742 489 718 
7	0.0: 93 865 522 801 
7	0.0: 107 841 541 790 
7	0.0: 78 773 663 802 
5	0.0: 41 653 452 592 
7	0.0: 17 860 459 788 
4	0.0: 74 745 711 610 
7	0.0: 84 1040 407 806 
4	0.0: 97 974 616 716 
5	0.0: 50 509 555 584 
7	0.0: 50 912 452 791 
7	0.0: 109 815 468 671 
5	0.0: 46 681 571 581 
5	0.0: 79 572 499 517 
7	0.0: 27 957 607 733 
7	0.0: 53 817 567 759 
4	0.0: 164 849 659 559 
7	0.0: 68 950 418 686 
7	0.0: 114 1135 455 720 
4	0.0: 103 1218 594 647 
4	0.0: 96 744 679 552 
4	0.0: 69 1027 555 521 
4	0.0: 98 977 511 686 
7	0.0: 79 900 532 763 
5	0.0: 70 658 630 642 
4	0.0: 95 911 680 719 
4	0.0: 60 973 588 715 
7	0.0: 78 1462 589 965 
7	0.0: 67 882 493 687 
4	0.0: 23 1088 520 617 
7	0.0: 104 751 539 689 
4	0.0: 82 1168 500 707 
5	0.0: 102 592 609 585 
5	0.0: 65 813 463 616 
4	0.0: 48 858 573 624 
7	0.0: 95 814 515 757 
5	0.0: 118 636 570 628 
4	0.0: 46 911 538 598 
4	0.0: 111 1080 498 683 
7	0.0: 96 729 462 792 
7	0.0: 53 950 573 774 
7	0.0: 28 993 623 873 
7	0.0: 69 1095 566 921 
5	0.0: 18 686 444 692 
5	0.0: 134 598 579 630 
5	0.0: 80 597 628 608 
5	0.0: 83 695 537 676 
4	0.0: 60 967 616 659 
5	0.0: 105 483 520 492 
4	0.0: 73 967 459 622 
7	0.0: 57 856 546 678 
7	0.0: 110 760 616 771 
7	0.0: 47 653 504 752 
7	0.0: 84 858 542 670 
7	0.0: 28 901 577 894 
7	0.0: 89 586 463 773 
7	0.0: 57 623 531 752 
7	0.0: 109 913 629 896 
4	0.0: 105 840 678 629 
5	0.0: 55 697 574 640 
5	0.0: 56 526 461 616 
4	0.0: 66 772 679 656 
5	0.0: 48 353 678 594 
7	0.0: 70 788 543 759 
7	0.0: 27 922 559 774 
5	0.0: 83 695 498 610 
4	0.0: 100 841 499 556 
7	0.0: 64 1028 551 751 
4	0.0: 91 780 645 620 
7	0.0: 62 1020 653 792 
7	0.0: 24 891 524 678 
4	0.0: 125 758 536 559 
4	0.0: 53 867 594 662 
4	0.0: 51 984 590 649 
5	0.0: 58 570 389 677 
7	0.0: 113 795 508 747 
5	0.0: 11 648 556 716 
4	0.0: 60 1118 522 724 
7	0.0: 59 1020 549 723 
7	0.0: 85 800 633 785 
5	0.0: 42 527 603 606 
7	0.0: 103 835 478 807 
4	0.0: 45 994 595 638 
4	0.0: 82 939 563 679 
7	0.0: 73 828 678 712 
7	0.0: 92 947 508 728 
7	0.0: 73 864 543 784 
7	0.0: 92 764 531 666 
5	0.0: 96 822 346 543 
7	0.0: 94 574 576 845 
7	0.0: 75 756 657 772 
5	0.0: 56 320 598 667 
4	0.0: 81 838 635 476 
7	0.0: 124 883 541 826 
7	0.0: 94 705 696 704 
5	0.0: 103 579 591 699 
5	0.0: 49 544 540 659 
4	0.0: 36 892 621 527 
4	0.0: 59 1046 500 667 
4	0.0: 86 809 532 459 
4	0.0: 66 921 556 588 
4	0.0: 44 977 461 587 
4	0.0: 70 1266 508 762 
5	0.0: 107 687 612 656 
5	0.0: 40 510 478 652 
7	0.0: 30 1083 487 760 
4	0.0: 62 877 572 609 
5	0.0: 83 470 627 658 
5	0.0: 70 565 675 685 
7	0.0: 83 760 538 817 
7	0.0: 75 932 575 738 
7	0.0: 94 701 609 701 
7	0.0: 109 1104 559 766 
5	0.0: 71 535 457 708 
5	0.0: 107 151 450 766 
7	0.0: 75 852 483 700 
4	0.0: 55 860 578 627 
5	0.0: 31 733 496 656 
5	0.0: 87 652 504 705 
7	0.0: 28 784 437 689 
7	0.0: 75 1078 535 786 
7	0.0: 83 928 553 858 
7	0.0: 101 965 693 812 
7	0.0: 46 675 575 765 
4	0.0: 109 821 451 562 
7	0.0: 40 640 658 746 
4	0.0: 88 908 609 576 
4	0.0: 98 799 570 615 
4	0.0: 104 1069 630 670 
4	0.0: 84 940 562 681 
7	0.0: 82 851 598 857 
7	0.0: 67 1016 470 722 
7	0.0: 74 981 579 762 
5	0.0: 53 657 499 463 
4	0.0: 91 1018 686 724 
4	0.0: 52 849 625 683 
5	0.0: 68 530 504 697 
4	0.0: 42 794 621 597 
4	0.0: 45 745 562 565 
4	0.0: 81 704 634 482 
4	0.0: 104 966 517 686 
5	0.0: 94 650 571 666 
4	0.0: 79 983 539 670 
7	0.0: 101 770 507 655 
4	0.0: 68 1180 629 719 
5	0.0: 98 682 441 700 
5	0.0: 62 545 540 677 
7	0.0: 55 935 427 700 
4	0.0: 67 1269 541 712 
5	0.0: 84 522 678 623 
5	0.0: 99 571 474 562 
7	0.0: 87 972 433 683 
7	0.0: 18 899 622 716 
5	0.0: 68 598 667 562 
5	0.0: 109 719 616 652 
4	0.0: 70 1100 500 685 
7	0.0: 77 786 582 749 
4	0.0: 101 793 639 477 
7	0.0: 43 833 547 982 
5	0.0: 81 770 540 622 
7	0.0: 60 768 597 715 
4	0.0: 60 801 551 633 
4	0.0: 80 1159 529 560 
5	0.0: 88 486 552 695 
4	0.0: 56 966 545 581 
7	0.0: 96 669 545 815 
5	0.0: 90 641 525 659 
7	0.0: 35 692 502 851 
7	0.0: 48 943 561 704 
4	0.0: 108 1116 532 721 
4	0.0: 81 1024 642 587 
4	0.0: 53 897 584 610 
5	0.0: 100 746 384 527 
5	0.0: 95 734 641 661 
7	0.0: 83 966 636 819 
5	0.0: 59 654 507 694 
4	0.0: 63 703 569 507 
4	0.0: 45 841 714 576 
5	0.0: 115 695 513 653 
7	0.0: 62 778 737 799 
4	0.0: 76 961 586 619 
7	0.0: 67 763 550 692 
4	0.0: 33 767 547 596 
4	0.0: 99 1122 630 761 
4	0.0: 89 1134 542 616 
7	0.0: 90 1010 613 838 
5	0.0: 93 452 542 551 
4	0.0: 82 1223 617 674 
4	0.0: 64 931 655 572 
4	0.0: 65 1063 474 691 
7	0.0: 48 722 483 850 
7	0.0: 108 874 504 705 
5	0.0: 96 802 402 613 
7	0.0: 80 673 527 747 
4	0.0: 87 939 550 687 
7	0.0: 59 601 546 843 
7	0.0: 44 839 405 733 
7	0.0: 105 869 611 730 
7	0.0: 60 1058 568 806 
5	0.0: 99 587 525 614 
4	0.0: 55 815 700 543 
7	0.0: 49 629 661 754 
7	0.0: 82 879 649 734 
5	0.0: 95 658 670 584 
5	0.0: 57 698 561 697 
7	0.0: 102 870 541 677 
7	0.0: 1 809 531 743 
4	0.0: 83 782 623 562 
7	0.0: 68 879 495 737 
7	0.0: 84 815 498 787 
4	0.0: 88 1008 661 603 
4	0.0: 48 1325 694 513 
7	0.0: 105 844 639 738 
4	0.0: 77 741 675 581 
5	0.0: 70 599 596 714 
5	0.0: 67 629 484 662 
5	0.0: 90 545 563 698 
7	0.0: 71 937 624 731 
4	0.0: 107 1230 672 600 
4	0.0: 117 809 559 640 
4	0.0: 111 904 578 550 
7	0.0: 98 771 602 754 
7	0.0: 80 983 509 882 
7	0.0: 65 792 593 888 
7	0.0: 97 723 671 717 
7	0.0: 59 842 499 720 
4	0.0: 95 1067 634 751 
7	0.0: 79 881 505 835 
7	0.0: 114 815 583 676 
4	0.0: 90 1163 570 532 
5	0.0: 81 557 603 776 
4	0.0: 73 784 511 456 
5	0.0: 41 758 564 626 
7	0.0: 96 646 544 766 
4	0.0: 80 916 607 663 
5	0.0: 121 522 558 537 
5	0.0: 62 389 578 621 
5	0.0: 37 697 548 526 
4	0.0: 75 1045 579 699 
7	0.0: 47 539 465 806 
7	0.0: 49 790 533 720 
4	0.0: 104 1083 576 710 
5	0.0: 74 598 636 696 
7	0.0: 83 820 605 754 
7	0.0: 3 873 528 786 
4	0.0: 93 1172 679 657 
7	0.0: 70 1016 554 745 
4	0.0: 55 781 669 575 
