1	0.0: 336 202 651 133 
1	0.0: 398 202 264 1 
1	0.0: 374 200 133 166 
1	0.0: 338 200 156 518 
1	0.0: 337 202 477 216 
1	0.0: 311 202 185 379 
1	0.0: 342 201 475 1 
1	0.0: 384 199 545 454 
1	0.0: 326 201 370 49 
1	0.0: 323 203 406 354 
1	0.0: 320 200 288 127 
1	0.0: 368 197 255 6 
1	0.0: 365 201 191 391 
1	0.0: 420 199 605 127 
1	0.0: 349 199 452 79 
1	0.0: 298 201 372 1 
1	0.0: 317 201 485 1 
1	0.0: 328 199 203 238 
1	0.0: 371 199 438 163 
1	0.0: 341 201 492 171 
1	0.0: 299 202 225 386 
1	0.0: 310 202 268 500 
1	0.0: 397 201 465 196 
1	0.0: 465 200 263 150 
1	0.0: 373 201 428 1 
1	0.0: 404 198 423 1 
1	0.0: 314 201 310 325 
1	0.0: 380 199 514 1 
1	0.0: 352 202 353 399 
1	0.0: 299 202 296 141 
1	0.0: 374 201 311 193 
1	0.0: 347 201 327 1 
1	0.0: 347 200 308 130 
1	0.0: 317 202 331 1 
1	0.0: 225 200 380 832 
1	0.0: 284 202 71 268 
1	0.0: 314 199 12 274 
1	0.0: 326 200 350 12 
1	0.0: 390 200 496 166 
1	0.0: 281 201 290 37 
1	0.0: 326 199 431 415 
1	0.0: 339 200 588 1 
1	0.0: 414 201 426 110 
1	0.0: 340 203 329 101 
1	0.0: 310 201 329 1 
1	0.0: 399 200 154 1 
1	0.0: 347 202 260 127 
1	0.0: 346 200 508 91 
1	0.0: 310 203 428 123 
1	0.0: 406 199 472 424 
1	0.0: 356 202 346 111 
1	0.0: 310 202 330 1 
1	0.0: 420 201 37 139 
1	0.0: 292 202 358 141 
1	0.0: 347 202 70 1 
1	0.0: 292 202 343 221 
1	0.0: 440 202 639 145 
1	0.0: 356 200 324 1 
1	0.0: 319 201 509 358 
1	0.0: 316 201 193 1 
1	0.0: 354 200 661 143 
1	0.0: 323 203 208 185 
1	0.0: 373 201 132 1 
1	0.0: 285 199 390 360 
1	0.0: 375 202 568 358 
1	0.0: 336 201 63 1 
1	0.0: 364 201 557 14 
1	0.0: 383 201 166 172 
1	0.0: 373 201 84 1 
1	0.0: 315 201 260 585 
1	0.0: 324 199 289 325 
1	0.0: 363 199 390 250 
1	0.0: 347 198 243 1 
1	0.0: 358 200 307 213 
1	0.0: 332 201 442 1 
1	0.0: 299 201 362 1 
1	0.0: 317 200 473 258 
1	0.0: 267 199 379 12 
1	0.0: 385 202 373 274 
1	0.0: 261 201 311 1 
1	0.0: 411 201 340 256 
1	0.0: 397 200 545 455 
1	0.0: 369 200 80 1 
1	0.0: 391 202 170 234 
1	0.0: 380 201 295 1 
1	0.0: 328 199 426 136 
1	0.0: 369 197 279 1 
1	0.0: 342 201 357 1 
1	0.0: 314 200 29 1 
1	0.0: 302 200 88 60 
1	0.0: 343 205 423 194 
1	0.0: 436 202 414 1 
1	0.0: 369 201 543 102 
1	0.0: 413 200 461 1 
1	0.0: 326 199 211 131 
1	0.0: 287 199 138 1 
1	0.0: 381 200 267 90 
1	0.0: 307 200 493 159 
1	0.0: 432 203 305 120 
1	0.0: 285 202 274 1 
1	0.0: 353 201 310 307 
1	0.0: 336 202 159 63 
1	0.0: 250 201 365 1 
1	0.0: 297 201 554 48 
1	0.0: 392 199 343 426 
1	0.0: 341 203 379 1 
1	0.0: 294 203 435 1 
1	0.0: 361 202 443 1 
1	0.0: 352 200 371 219 
1	0.0: 339 200 368 161 
1	0.0: 424 201 292 24 
1	0.0: 308 200 542 113 
1	0.0: 386 201 326 111 
1	0.0: 337 200 329 216 
1	0.0: 376 202 247 398 
1	0.0: 296 200 335 203 
1	0.0: 373 200 748 189 
1	0.0: 378 201 539 1 
1	0.0: 350 202 463 201 
1	0.0: 385 201 279 184 
1	0.0: 330 200 550 458 
1	0.0: 367 202 452 1 
1	0.0: 362 203 146 1 
1	0.0: 363 199 419 57 
1	0.0: 287 201 400 1 
1	0.0: 394 201 310 48 
1	0.0: 332 200 161 314 
1	0.0: 257 203 462 6 
1	0.0: 333 201 196 384 
1	0.0: 326 201 611 300 
1	0.0: 339 202 442 146 
1	0.0: 287 200 228 72 
1	0.0: 385 202 410 195 
1	0.0: 426 200 311 20 
1	0.0: 438 202 239 167 
1	0.0: 425 200 254 25 
1	0.0: 361 204 424 411 
1	0.0: 352 200 202 73 
1	0.0: 359 200 285 135 
1	0.0: 370 201 356 1 
1	0.0: 393 201 417 1 
1	0.0: 406 201 347 178 
1	0.0: 273 201 409 263 
1	0.0: 307 203 366 408 
1	0.0: 268 200 293 92 
1	0.0: 277 200 274 500 
1	0.0: 318 201 390 120 
1	0.0: 319 201 300 349 
1	0.0: 231 202 485 26 
1	0.0: 352 204 304 1 
1	0.0: 288 201 443 73 
1	0.0: 380 202 357 187 
1	0.0: 318 201 409 1 
1	0.0: 372 202 232 1 
1	0.0: 362 199 295 1 
1	0.0: 377 201 226 153 
1	0.0: 315 200 192 39 
1	0.0: 324 198 135 342 
1	0.0: 376 203 485 363 
1	0.0: 318 204 167 234 
1	0.0: 362 200 491 283 
1	0.0: 428 201 257 271 
1	0.0: 275 200 420 174 
1	0.0: 349 200 484 163 
1	0.0: 294 199 570 99 
1	0.0: 346 202 152 26 
1	0.0: 381 201 301 86 
1	0.0: 409 202 521 326 
1	0.0: 339 202 189 141 
1	0.0: 386 200 392 1 
1	0.0: 381 199 430 322 
1	0.0: 291 204 248 266 
1	0.0: 355 202 187 1 
1	0.0: 391 200 306 1 
1	0.0: 402 203 145 443 
1	0.0: 277 201 463 233 
1	0.0: 354 201 387 202 
1	0.0: 372 202 110 1 
1	0.0: 283 202 141 288 
1	0.0: 345 202 305 339 
1	0.0: 344 201 464 92 
1	0.0: 356 201 471 426 
1	0.0: 401 200 375 422 
1	0.0: 294 201 275 74 
1	0.0: 356 202 222 64 
1	0.0: 266 200 228 398 
1	0.0: 391 203 542 221 
1	0.0: 351 200 221 1 
1	0.0: 418 199 332 243 
1	0.0: 366 202 203 1 
1	0.0: 255 203 176 199 
1	0.0: 333 202 351 138 
1	0.0: 423 200 151 386 
1	0.0: 418 199 1 165 
1	0.0: 470 202 592 336 
1	0.0: 274 199 488 1 
1	0.0: 361 200 325 81 
1	0.0: 342 202 302 223 
1	0.0: 417 202 314 291 
1	0.0: 389 200 512 216 
1	0.0: 409 204 506 553 
1	0.0: 349 202 371 46 
1	0.0: 266 201 589 162 
1	0.0: 410 202 380 13 
1	0.0: 364 200 468 1 
1	0.0: 285 200 390 1 
1	0.0: 381 201 386 1 
1	0.0: 347 203 460 1 
1	0.0: 325 203 248 74 
1	0.0: 280 202 571 161 
1	0.0: 342 201 305 122 
1	0.0: 318 202 165 1 
1	0.0: 387 201 440 197 
1	0.0: 346 201 385 54 
1	0.0: 385 201 494 167 
1	0.0: 397 201 345 499 
1	0.0: 366 202 395 191 
1	0.0: 325 200 409 222 
1	0.0: 372 202 252 367 
1	0.0: 342 198 258 460 
1	0.0: 365 200 202 65 
1	0.0: 362 200 207 113 
1	0.0: 327 201 507 1 
1	0.0: 261 201 248 350 
1	0.0: 327 202 471 220 
1	0.0: 348 199 677 1 
1	0.0: 348 199 523 252 
1	0.0: 363 203 504 183 
1	0.0: 408 200 292 42 
1	0.0: 340 199 319 216 
1	0.0: 293 200 254 352 
1	0.0: 324 200 98 174 
1	0.0: 354 202 456 1 
1	0.0: 309 201 307 15 
1	0.0: 391 200 345 188 
1	0.0: 406 203 309 1 
1	0.0: 378 203 423 1 
1	0.0: 361 200 486 200 
1	0.0: 354 202 12 1 
1	0.0: 446 200 267 315 
1	0.0: 357 201 460 412 
1	0.0: 364 202 66 87 
1	0.0: 297 202 306 135 
1	0.0: 373 200 221 1 
1	0.0: 266 200 365 258 
1	0.0: 352 205 330 3 
1	0.0: 401 199 483 59 
1	0.0: 292 199 202 125 
1	0.0: 366 201 549 235 
1	0.0: 356 201 279 218 
