1	0.0: 262 202 332 24 
1	0.0: 387 201 486 209 
1	0.0: 341 200 476 1 
1	0.0: 369 201 361 273 
1	0.0: 371 203 238 186 
1	0.0: 303 202 266 374 
1	0.0: 319 201 254 1 
1	0.0: 330 202 439 147 
1	0.0: 345 201 249 242 
1	0.0: 441 201 457 95 
1	0.0: 338 199 420 316 
1	0.0: 380 201 82 110 
1	0.0: 255 199 722 1 
1	0.0: 292 201 259 1 
1	0.0: 399 200 179 1 
1	0.0: 368 201 355 194 
1	0.0: 336 200 365 1 
1	0.0: 361 201 445 398 
1	0.0: 306 199 451 350 
1	0.0: 375 201 330 415 
1	0.0: 396 201 105 343 
1	0.0: 323 198 234 185 
1	0.0: 311 201 338 406 
1	0.0: 336 199 389 26 
1	0.0: 362 201 474 1 
1	0.0: 336 202 109 179 
1	0.0: 341 200 429 242 
1	0.0: 342 200 525 39 
1	0.0: 388 198 395 172 
1	0.0: 429 201 399 318 
1	0.0: 295 202 442 1 
1	0.0: 352 203 338 1 
1	0.0: 325 200 208 213 
1	0.0: 421 203 570 1 
1	0.0: 405 200 396 251 
1	0.0: 451 201 492 150 
1	0.0: 278 202 547 299 
1	0.0: 300 199 307 1 
1	0.0: 308 201 344 127 
1	0.0: 330 202 399 189 
1	0.0: 386 201 421 76 
1	0.0: 304 200 135 124 
1	0.0: 240 201 319 111 
1	0.0: 363 200 268 1 
1	0.0: 381 201 591 88 
1	0.0: 353 198 545 1 
1	0.0: 288 201 619 27 
1	0.0: 374 200 362 60 
1	0.0: 354 201 286 49 
1	0.0: 363 203 335 276 
1	0.0: 389 200 242 155 
1	0.0: 317 200 506 521 
1	0.0: 413 202 379 1 
1	0.0: 317 203 429 1 
1	0.0: 476 204 1 1 
1	0.0: 392 202 533 1 
1	0.0: 338 202 367 172 
1	0.0: 398 201 652 229 
1	0.0: 331 202 173 215 
1	0.0: 395 201 426 18 
1	0.0: 243 202 572 6 
1	0.0: 311 200 536 397 
1	0.0: 349 203 242 109 
1	0.0: 260 200 489 201 
1	0.0: 258 202 389 1 
1	0.0: 350 203 494 179 
1	0.0: 344 202 383 1 
1	0.0: 294 198 591 89 
1	0.0: 351 203 433 1 
1	0.0: 394 202 274 187 
1	0.0: 337 201 346 50 
1	0.0: 369 199 362 238 
1	0.0: 311 201 437 243 
1	0.0: 325 199 195 1 
1	0.0: 301 203 573 1 
1	0.0: 347 202 409 199 
1	0.0: 257 200 200 48 
1	0.0: 330 202 412 332 
1	0.0: 368 201 329 1 
1	0.0: 347 201 503 165 
1	0.0: 384 202 433 1 
1	0.0: 364 199 301 1 
1	0.0: 358 201 329 255 
1	0.0: 299 202 307 23 
1	0.0: 359 200 298 478 
1	0.0: 362 200 430 159 
1	0.0: 291 204 363 35 
1	0.0: 313 199 341 1 
1	0.0: 396 201 487 663 
1	0.0: 389 203 238 74 
1	0.0: 328 200 216 156 
1	0.0: 359 200 204 136 
1	0.0: 382 201 385 78 
1	0.0: 350 203 295 359 
1	0.0: 343 201 398 422 
1	0.0: 308 199 278 106 
1	0.0: 365 203 373 1 
1	0.0: 343 200 544 202 
1	0.0: 301 202 204 97 
1	0.0: 313 202 434 125 
1	0.0: 305 199 478 81 
1	0.0: 348 199 505 229 
1	0.0: 333 200 382 458 
1	0.0: 382 201 179 1 
1	0.0: 374 200 262 118 
1	0.0: 336 199 544 132 
1	0.0: 348 199 382 254 
1	0.0: 360 203 340 320 
1	0.0: 326 201 398 315 
1	0.0: 271 201 357 1 
1	0.0: 332 201 323 211 
1	0.0: 291 203 359 208 
1	0.0: 279 202 344 388 
1	0.0: 399 202 396 408 
1	0.0: 377 201 483 12 
1	0.0: 363 202 274 106 
1	0.0: 304 200 171 440 
1	0.0: 336 199 445 384 
1	0.0: 354 202 361 150 
1	0.0: 369 202 337 1 
1	0.0: 468 202 463 467 
1	0.0: 328 201 368 1 
1	0.0: 376 200 419 141 
1	0.0: 316 199 235 52 
1	0.0: 333 200 365 50 
1	0.0: 357 200 197 263 
1	0.0: 327 200 355 130 
1	0.0: 311 200 217 222 
1	0.0: 342 203 571 32 
1	0.0: 367 200 469 230 
1	0.0: 420 200 51 33 
1	0.0: 359 203 242 1 
1	0.0: 434 200 361 397 
1	0.0: 363 200 505 1 
1	0.0: 451 204 472 386 
1	0.0: 404 199 448 270 
1	0.0: 384 204 280 341 
1	0.0: 370 203 213 6 
1	0.0: 366 202 674 263 
1	0.0: 384 199 362 103 
1	0.0: 397 200 124 87 
1	0.0: 393 199 415 1 
1	0.0: 310 201 358 6 
1	0.0: 416 200 352 1 
1	0.0: 394 203 333 201 
1	0.0: 383 199 740 1 
1	0.0: 279 200 275 263 
1	0.0: 301 199 397 299 
1	0.0: 330 199 95 331 
1	0.0: 373 202 265 80 
1	0.0: 333 201 145 1 
1	0.0: 439 203 466 1 
1	0.0: 418 201 436 1 
1	0.0: 416 201 405 570 
1	0.0: 339 202 378 54 
1	0.0: 347 201 392 120 
1	0.0: 366 202 293 238 
1	0.0: 422 200 437 137 
1	0.0: 334 200 245 1 
1	0.0: 320 201 533 323 
1	0.0: 320 200 507 1 
1	0.0: 310 203 426 88 
1	0.0: 365 201 261 46 
1	0.0: 393 203 175 116 
1	0.0: 368 202 203 682 
1	0.0: 304 202 401 267 
1	0.0: 353 201 292 1 
1	0.0: 410 202 245 289 
1	0.0: 366 199 327 96 
1	0.0: 387 197 271 288 
1	0.0: 406 201 261 267 
1	0.0: 348 202 364 379 
1	0.0: 330 200 430 457 
1	0.0: 314 199 389 70 
1	0.0: 379 201 426 101 
1	0.0: 344 201 435 14 
1	0.0: 261 200 413 322 
1	0.0: 344 199 306 260 
1	0.0: 382 202 276 70 
1	0.0: 328 199 209 334 
1	0.0: 349 202 216 1 
1	0.0: 315 204 308 198 
1	0.0: 335 203 297 1 
1	0.0: 333 199 316 1 
1	0.0: 321 200 282 151 
1	0.0: 359 200 440 310 
1	0.0: 338 199 276 424 
1	0.0: 381 203 419 18 
1	0.0: 330 199 229 516 
1	0.0: 295 202 163 1 
1	0.0: 408 200 483 154 
1	0.0: 395 200 71 1 
1	0.0: 402 203 225 181 
1	0.0: 409 201 349 366 
1	0.0: 416 203 253 248 
1	0.0: 450 201 285 1 
1	0.0: 274 203 428 591 
1	0.0: 335 199 356 138 
1	0.0: 345 202 147 1 
1	0.0: 390 201 240 45 
1	0.0: 285 202 352 161 
1	0.0: 312 200 413 1 
1	0.0: 392 202 274 23 
1	0.0: 330 199 360 297 
1	0.0: 337 201 397 911 
1	0.0: 399 199 454 273 
1	0.0: 387 199 458 110 
1	0.0: 351 201 205 726 
1	0.0: 292 200 40 1 
1	0.0: 249 199 171 63 
1	0.0: 348 201 286 152 
1	0.0: 351 203 353 146 
1	0.0: 288 202 319 62 
1	0.0: 329 201 584 257 
1	0.0: 375 201 367 252 
1	0.0: 344 202 251 377 
1	0.0: 253 204 253 188 
1	0.0: 305 198 118 28 
1	0.0: 302 200 351 519 
1	0.0: 530 199 394 94 
1	0.0: 335 202 335 101 
1	0.0: 387 201 560 165 
1	0.0: 366 198 14 428 
1	0.0: 471 201 40 220 
1	0.0: 390 202 265 339 
1	0.0: 287 201 279 29 
1	0.0: 246 200 331 100 
1	0.0: 355 202 409 1 
1	0.0: 357 201 362 137 
1	0.0: 384 203 474 577 
1	0.0: 382 200 324 728 
1	0.0: 245 200 117 1 
1	0.0: 366 200 393 176 
1	0.0: 363 201 290 99 
1	0.0: 392 203 272 162 
1	0.0: 326 202 230 168 
1	0.0: 362 202 233 248 
1	0.0: 336 201 594 230 
1	0.0: 300 200 417 27 
1	0.0: 343 202 380 210 
1	0.0: 348 202 284 54 
1	0.0: 374 202 381 392 
1	0.0: 336 202 446 121 
1	0.0: 315 202 484 96 
1	0.0: 401 202 484 116 
1	0.0: 286 200 579 16 
1	0.0: 356 201 427 430 
1	0.0: 429 204 421 1 
1	0.0: 358 202 286 448 
1	0.0: 395 201 688 388 
