1	0.0: 1 86 474 1 
1	0.0: 135 92 606 1 
1	0.0: 289 44 653 1 
1	0.0: 1 25 696 86 
1	0.0: 1 1 709 1 
1	0.0: 447 130 431 1 
1	0.0: 556 148 246 36 
1	0.0: 298 80 609 1 
1	0.0: 263 52 474 1 
1	0.0: 265 1 662 136 
1	0.0: 291 1 398 17 
1	0.0: 181 4 419 37 
1	0.0: 139 85 505 249 
1	0.0: 212 1 533 129 
1	0.0: 90 192 382 18 
1	0.0: 206 175 533 118 
1	0.0: 1 1 699 1 
1	0.0: 32 133 458 1 
1	0.0: 166 100 369 107 
1	0.0: 100 44 344 1 
1	0.0: 345 158 669 98 
1	0.0: 190 71 286 1 
1	0.0: 65 57 463 54 
1	0.0: 348 149 488 1 
1	0.0: 334 112 468 115 
1	0.0: 130 1 579 1 
1	0.0: 437 25 370 1 
1	0.0: 247 108 662 1 
1	0.0: 314 68 731 1 
1	0.0: 198 31 831 86 
1	0.0: 482 1 527 1 
1	0.0: 157 148 475 87 
1	0.0: 299 42 187 1 
1	0.0: 296 264 137 34 
1	0.0: 60 136 332 1 
1	0.0: 209 115 536 15 
1	0.0: 437 1 533 1 
1	0.0: 202 10 360 184 
1	0.0: 181 41 511 43 
1	0.0: 250 130 289 1 
1	0.0: 76 1 270 245 
1	0.0: 69 88 705 10 
1	0.0: 141 110 676 17 
1	0.0: 80 139 440 52 
1	0.0: 1 1 367 1 
1	0.0: 264 117 587 23 
1	0.0: 273 117 575 78 
1	0.0: 127 47 649 91 
1	0.0: 224 127 555 1 
1	0.0: 72 36 320 1 
1	0.0: 267 195 327 1 
1	0.0: 397 155 457 19 
1	0.0: 164 84 950 1 
1	0.0: 200 156 199 1 
1	0.0: 190 124 773 361 
1	0.0: 393 179 513 25 
1	0.0: 76 86 277 492 
1	0.0: 389 169 355 117 
1	0.0: 204 139 796 1 
1	0.0: 1 212 206 19 
1	0.0: 209 192 741 146 
1	0.0: 427 292 410 120 
1	0.0: 180 119 650 61 
1	0.0: 168 24 352 1 
1	0.0: 146 47 208 1 
1	0.0: 365 141 545 202 
1	0.0: 14 1 529 1 
1	0.0: 349 81 395 1 
1	0.0: 240 84 307 193 
1	0.0: 375 1 685 259 
1	0.0: 170 75 593 1 
1	0.0: 66 1 754 276 
1	0.0: 273 79 757 1 
1	0.0: 134 161 597 1 
1	0.0: 86 216 367 170 
1	0.0: 163 1 539 1 
1	0.0: 204 89 397 314 
1	0.0: 163 48 576 26 
1	0.0: 225 70 363 58 
1	0.0: 180 183 321 1 
1	0.0: 1 29 492 162 
1	0.0: 1 189 577 189 
1	0.0: 347 136 457 37 
1	0.0: 204 66 634 116 
1	0.0: 232 105 306 39 
1	0.0: 104 134 297 60 
1	0.0: 57 24 650 1 
1	0.0: 249 155 547 1 
1	0.0: 261 53 455 1 
1	0.0: 245 185 548 25 
1	0.0: 203 1 685 1 
1	0.0: 94 88 263 1 
1	0.0: 234 9 700 1 
1	0.0: 233 84 319 60 
1	0.0: 383 133 559 85 
1	0.0: 378 331 494 40 
1	0.0: 279 192 357 59 
1	0.0: 336 129 161 51 
1	0.0: 379 47 395 1 
1	0.0: 196 67 521 54 
1	0.0: 81 14 619 84 
1	0.0: 1 69 469 1 
1	0.0: 464 1 270 43 
1	0.0: 291 1 449 83 
1	0.0: 367 56 925 1 
1	0.0: 99 1 532 313 
1	0.0: 267 72 457 1 
1	0.0: 250 62 340 1 
1	0.0: 1 79 616 101 
1	0.0: 199 1 801 124 
1	0.0: 311 125 394 1 
1	0.0: 96 181 220 55 
1	0.0: 343 33 412 1 
1	0.0: 1 197 302 1 
1	0.0: 58 1 391 157 
1	0.0: 1 252 506 180 
1	0.0: 127 67 765 162 
1	0.0: 276 75 522 25 
1	0.0: 391 36 693 97 
1	0.0: 109 62 579 72 
1	0.0: 518 168 581 125 
1	0.0: 1 1 363 53 
1	0.0: 224 143 469 1 
1	0.0: 181 109 575 65 
1	0.0: 325 177 538 1 
1	0.0: 170 1 563 1 
1	0.0: 393 70 731 1 
1	0.0: 375 8 641 1 
1	0.0: 21 39 774 1 
1	0.0: 34 64 444 1 
1	0.0: 162 207 260 218 
1	0.0: 145 121 608 1 
1	0.0: 402 81 780 1 
1	0.0: 1 54 677 3 
1	0.0: 83 22 537 8 
1	0.0: 154 106 626 22 
1	0.0: 240 91 303 10 
1	0.0: 1 109 643 153 
1	0.0: 93 117 587 1 
1	0.0: 76 173 483 14 
1	0.0: 436 21 239 1 
1	0.0: 243 75 404 173 
1	0.0: 214 73 451 1 
1	0.0: 141 100 428 1 
1	0.0: 170 1 277 1 
1	0.0: 272 67 167 4 
1	0.0: 171 76 460 117 
1	0.0: 40 63 923 144 
1	0.0: 1 143 586 110 
1	0.0: 239 129 459 1 
1	0.0: 79 116 531 1 
1	0.0: 37 67 495 175 
1	0.0: 335 142 306 69 
1	0.0: 179 105 650 1 
1	0.0: 315 96 547 1 
1	0.0: 230 49 487 1 
1	0.0: 388 1 306 134 
3	0.0: 241 294 892 1 
1	0.0: 300 1 263 33 
1	0.0: 334 155 540 1 
1	0.0: 251 108 333 9 
1	0.0: 314 81 404 32 
1	0.0: 1 18 443 81 
1	0.0: 436 48 524 270 
1	0.0: 231 150 376 38 
1	0.0: 197 174 530 90 
1	0.0: 250 104 389 60 
1	0.0: 147 163 733 1 
1	0.0: 80 115 693 1 
1	0.0: 417 164 608 1 
1	0.0: 336 70 370 78 
1	0.0: 243 110 508 128 
1	0.0: 286 69 586 23 
1	0.0: 230 152 439 1 
1	0.0: 509 13 420 61 
1	0.0: 217 6 547 64 
1	0.0: 318 58 523 44 
1	0.0: 312 119 412 1 
1	0.0: 637 9 507 33 
1	0.0: 93 1 748 1 
1	0.0: 348 1 601 145 
1	0.0: 192 1 613 44 
1	0.0: 606 88 613 10 
1	0.0: 1 217 556 1 
1	0.0: 242 43 434 1 
1	0.0: 24 32 376 1 
1	0.0: 159 1 565 1 
1	0.0: 126 1 903 125 
1	0.0: 215 173 539 1 
1	0.0: 1 184 633 1 
1	0.0: 150 116 555 1 
1	0.0: 60 1 414 1 
1	0.0: 174 3 493 1 
1	0.0: 5 113 416 1 
1	0.0: 78 1 571 22 
1	0.0: 362 1 649 103 
1	0.0: 344 1 769 1 
3	0.0: 195 214 881 169 
1	0.0: 1 1 638 1 
1	0.0: 301 220 418 13 
1	0.0: 205 140 367 177 
1	0.0: 266 91 500 94 
1	0.0: 168 248 420 1 
1	0.0: 325 118 495 191 
1	0.0: 116 1 991 1 
1	0.0: 131 22 131 1 
1	0.0: 255 1 774 131 
1	0.0: 213 43 447 1 
1	0.0: 1 9 718 188 
1	0.0: 1 87 370 1 
1	0.0: 148 75 769 1 
1	0.0: 425 61 588 1 
1	0.0: 171 69 524 29 
1	0.0: 197 1 469 25 
1	0.0: 2 1 617 1 
1	0.0: 310 73 627 1 
1	0.0: 1 1 313 1 
1	0.0: 296 92 269 212 
1	0.0: 355 30 881 1 
1	0.0: 144 29 812 50 
1	0.0: 227 158 263 1 
1	0.0: 323 133 404 284 
1	0.0: 210 72 591 24 
1	0.0: 1 99 887 1 
1	0.0: 166 44 408 57 
1	0.0: 441 135 691 1 
1	0.0: 32 150 736 1 
1	0.0: 346 97 213 18 
1	0.0: 242 83 646 19 
1	0.0: 136 106 556 1 
1	0.0: 14 7 561 11 
1	0.0: 81 34 234 137 
1	0.0: 1 147 810 1 
1	0.0: 230 129 402 54 
1	0.0: 295 1 638 98 
1	0.0: 240 7 604 1 
1	0.0: 28 77 610 5 
1	0.0: 1 50 821 87 
1	0.0: 136 31 109 56 
1	0.0: 201 143 232 171 
1	0.0: 107 144 504 1 
1	0.0: 206 24 718 1 
1	0.0: 97 196 818 70 
1	0.0: 213 37 449 1 
1	0.0: 93 7 586 132 
1	0.0: 2 98 513 90 
1	0.0: 6 95 553 96 
1	0.0: 242 41 370 67 
1	0.0: 89 46 271 40 
1	0.0: 1 88 474 1 
