1	0.0: 309 36 442 1 
1	0.0: 1 72 445 53 
1	0.0: 359 167 381 1 
1	0.0: 134 30 752 94 
1	0.0: 276 49 672 44 
1	0.0: 457 72 256 50 
1	0.0: 428 67 491 190 
1	0.0: 278 116 438 137 
1	0.0: 224 100 786 1 
1	0.0: 57 136 760 1 
1	0.0: 1 59 509 45 
1	0.0: 78 35 362 10 
1	0.0: 256 51 431 194 
1	0.0: 107 117 606 1 
1	0.0: 275 59 323 1 
1	0.0: 296 1 333 1 
1	0.0: 90 71 300 66 
1	0.0: 394 114 361 1 
1	0.0: 73 133 336 1 
3	0.0: 241 229 903 126 
1	0.0: 42 244 707 1 
1	0.0: 231 107 503 1 
1	0.0: 114 81 571 34 
1	0.0: 1 114 647 1 
1	0.0: 273 169 716 136 
1	0.0: 360 32 694 248 
1	0.0: 481 87 594 18 
1	0.0: 334 100 683 121 
1	0.0: 66 1 664 19 
1	0.0: 104 92 190 98 
1	0.0: 80 1 433 66 
1	0.0: 1 113 458 1 
1	0.0: 179 29 139 1 
1	0.0: 1 86 697 167 
1	0.0: 22 48 733 1 
1	0.0: 473 38 324 42 
1	0.0: 1 22 607 1 
1	0.0: 238 82 816 1 
1	0.0: 151 132 652 1 
1	0.0: 336 61 811 1 
1	0.0: 281 101 470 106 
1	0.0: 183 291 46 14 
1	0.0: 208 5 260 206 
1	0.0: 375 85 728 19 
1	0.0: 144 194 200 69 
3	0.0: 203 125 1109 96 
1	0.0: 145 39 420 1 
1	0.0: 409 50 405 1 
1	0.0: 311 28 426 153 
1	0.0: 161 46 612 112 
1	0.0: 392 117 531 1 
1	0.0: 137 107 418 1 
1	0.0: 277 31 394 1 
1	0.0: 381 160 619 206 
1	0.0: 362 14 757 91 
1	0.0: 212 120 349 1 
1	0.0: 273 1 320 174 
1	0.0: 275 114 692 46 
1	0.0: 372 93 676 8 
1	0.0: 428 1 327 1 
1	0.0: 269 89 532 1 
1	0.0: 125 1 353 255 
1	0.0: 421 77 495 72 
1	0.0: 240 11 771 111 
1	0.0: 104 88 540 211 
1	0.0: 237 51 582 30 
1	0.0: 48 84 225 147 
1	0.0: 75 231 514 40 
1	0.0: 524 87 590 94 
1	0.0: 219 136 106 42 
1	0.0: 324 181 511 78 
1	0.0: 214 105 647 29 
1	0.0: 260 203 491 1 
1	0.0: 99 94 542 1 
1	0.0: 266 10 518 253 
1	0.0: 438 214 585 1 
1	0.0: 269 139 432 1 
1	0.0: 304 158 367 36 
1	0.0: 319 179 381 1 
1	0.0: 375 60 441 202 
1	0.0: 231 87 660 128 
1	0.0: 80 152 633 222 
2	0.0: 610 128 828 176 
1	0.0: 158 118 545 94 
1	0.0: 175 29 580 1 
1	0.0: 1 116 854 81 
1	0.0: 219 97 425 60 
1	0.0: 1 10 924 1 
1	0.0: 160 1 570 1 
1	0.0: 1 95 436 1 
1	0.0: 352 49 496 34 
1	0.0: 187 58 729 3 
1	0.0: 124 264 365 1 
1	0.0: 156 1 561 1 
1	0.0: 270 20 216 1 
1	0.0: 250 22 319 1 
1	0.0: 73 34 764 1 
1	0.0: 203 1 373 132 
1	0.0: 443 153 485 64 
1	0.0: 325 17 823 40 
1	0.0: 190 1 739 91 
1	0.0: 170 56 515 106 
1	0.0: 186 99 547 38 
1	0.0: 382 13 497 1 
1	0.0: 1 85 467 24 
1	0.0: 287 102 493 89 
1	0.0: 79 1 653 15 
1	0.0: 100 105 607 1 
1	0.0: 97 107 461 87 
1	0.0: 248 101 648 28 
1	0.0: 309 35 433 49 
1	0.0: 271 34 473 204 
1	0.0: 295 1 609 1 
1	0.0: 1 216 293 63 
1	0.0: 146 203 657 19 
1	0.0: 290 110 630 162 
1	0.0: 138 1 669 1 
1	0.0: 61 121 431 123 
1	0.0: 309 68 624 21 
1	0.0: 179 38 716 1 
1	0.0: 81 98 482 1 
1	0.0: 1 192 767 21 
1	0.0: 156 2 607 108 
1	0.0: 1 148 567 1 
1	0.0: 229 1 401 1 
1	0.0: 461 109 211 22 
1	0.0: 1 1 485 199 
1	0.0: 85 106 578 1 
1	0.0: 134 132 331 1 
1	0.0: 272 128 680 1 
1	0.0: 116 1 520 162 
1	0.0: 50 49 279 1 
1	0.0: 189 51 137 84 
1	0.0: 139 244 493 161 
1	0.0: 50 1 488 257 
1	0.0: 143 123 267 188 
1	0.0: 226 43 362 26 
1	0.0: 235 126 650 129 
1	0.0: 1 199 520 1 
1	0.0: 269 103 557 1 
1	0.0: 1 84 287 68 
3	0.0: 1 117 935 1 
1	0.0: 152 203 343 244 
1	0.0: 149 71 719 58 
1	0.0: 69 1 429 1 
1	0.0: 1 159 705 40 
1	0.0: 2 223 238 1 
1	0.0: 12 129 479 1 
1	0.0: 229 45 465 166 
1	0.0: 117 38 596 1 
1	0.0: 45 1 753 1 
1	0.0: 145 80 341 15 
1	0.0: 7 67 535 137 
1	0.0: 263 1 335 38 
1	0.0: 1 80 568 1 
1	0.0: 1 147 368 102 
1	0.0: 271 57 631 28 
1	0.0: 235 1 196 261 
1	0.0: 187 1 478 143 
1	0.0: 158 72 445 131 
1	0.0: 122 66 255 58 
1	0.0: 250 255 469 182 
1	0.0: 89 111 268 1 
1	0.0: 164 1 511 34 
1	0.0: 348 188 359 131 
1	0.0: 38 2 378 1 
1	0.0: 230 49 690 79 
1	0.0: 184 74 413 1 
1	0.0: 94 9 481 140 
1	0.0: 248 34 668 1 
1	0.0: 61 74 512 207 
1	0.0: 1 114 677 1 
1	0.0: 4 50 537 5 
1	0.0: 218 112 750 1 
1	0.0: 479 131 528 1 
1	0.0: 238 72 396 1 
1	0.0: 281 133 556 1 
1	0.0: 91 25 927 1 
1	0.0: 301 166 660 60 
1	0.0: 190 84 465 225 
1	0.0: 398 76 396 198 
1	0.0: 170 187 194 196 
1	0.0: 111 114 241 127 
1	0.0: 247 19 766 1 
1	0.0: 121 7 312 1 
1	0.0: 369 21 301 248 
1	0.0: 146 191 566 73 
1	0.0: 311 1 703 67 
1	0.0: 443 308 368 1 
1	0.0: 240 42 435 1 
1	0.0: 232 237 490 264 
1	0.0: 194 49 396 214 
1	0.0: 231 191 451 15 
1	0.0: 66 196 388 1 
1	0.0: 91 6 810 42 
1	0.0: 291 11 466 43 
1	0.0: 1 230 534 140 
3	0.0: 168 124 1034 9 
1	0.0: 133 83 611 1 
1	0.0: 475 69 507 3 
1	0.0: 1 68 470 6 
1	0.0: 305 230 643 1 
1	0.0: 189 34 532 121 
1	0.0: 156 114 615 1 
1	0.0: 288 151 318 167 
1	0.0: 149 1 438 1 
1	0.0: 109 46 500 32 
1	0.0: 109 166 400 182 
1	0.0: 31 32 283 1 
1	0.0: 30 68 501 1 
1	0.0: 52 83 837 24 
1	0.0: 267 149 608 31 
1	0.0: 1 149 640 1 
1	0.0: 245 1 567 108 
1	0.0: 189 116 747 207 
1	0.0: 4 23 618 14 
1	0.0: 361 1 308 1 
1	0.0: 100 50 860 149 
1	0.0: 296 252 421 1 
1	0.0: 211 194 275 25 
1	0.0: 215 1 39 95 
1	0.0: 1 194 674 1 
1	0.0: 279 45 466 1 
1	0.0: 351 1 757 64 
1	0.0: 237 30 755 1 
1	0.0: 189 23 311 318 
1	0.0: 65 1 340 1 
1	0.0: 148 98 545 1 
1	0.0: 546 41 381 161 
1	0.0: 1 115 452 1 
1	0.0: 132 66 664 10 
1	0.0: 214 73 419 1 
1	0.0: 81 148 734 267 
1	0.0: 164 111 553 182 
1	0.0: 269 236 449 3 
1	0.0: 446 173 360 1 
1	0.0: 529 11 382 268 
1	0.0: 103 18 329 1 
1	0.0: 201 271 408 1 
1	0.0: 195 63 298 19 
1	0.0: 483 83 660 94 
1	0.0: 304 1 519 32 
1	0.0: 288 7 255 1 
1	0.0: 131 198 423 31 
1	0.0: 264 257 710 96 
1	0.0: 327 77 459 1 
1	0.0: 120 91 580 1 
1	0.0: 234 48 585 1 
1	0.0: 110 34 564 99 
1	0.0: 172 17 527 59 
