6710
3612
6503
4797
4975
7851
7414
3255
4936
4837
5185
7687
3634
6796
4943
4438
3285
5192
3424
7644
5006
4007
6052
6982
6255
6120
3523
5065
7407
6476
5523
3395
4661
6269
5282
5098
6868
4439
7977
4202
4426
6499
5635
4739
3224
6213
4307
7364
4992
3625
4670
4091
4968
6944
7164
7448
4609
5034
7792
5728
6054
6857
5805
3447
3755
4271
3115
3035
4379
6836
7016
5417
4503
6905
4964
5250
6615
5874
5726
5434
3728
3725
2908
4733
5196
6288
5632
4140
3681
6589
3280
7626
4798
7777
7703
5673
3878
7335
6513
6642
3388
3804
5715
6316
7346
5965
7430
5980
4063
7033
7163
4281
7327
4141
7264
7021
5004
6921
7818
7116
7664
5660
5126
4584
7871
3575
4804
7025
3886
4124
5600
7510
4642
6723
5423
3826
4604
3754
7061
2941
4463
5358
3433
7058
7273
6559
7226
5776
6005
4997
7315
3854
5334
5218
5546
3903
7802
4371
4208
7000
4357
6347
5380
3797
7263
4193
4903
4935
4067
5426
3501
3909
7873
5737
7934
3058
3453
5642
6731
6779
3028
6652
4167
6424
3565
4412
3899
5670
2927
6771
6351
2899
2897
3956
7060
4409
7076
7806
6741
3321
7255
4428
5876
7809
6609
4828
3846
6543
5182
3407
5045
6926
6435
3536
5450
4895
4310
4134
5989
7609
3068
6975
4534
5480
7580
3730
4677
5307
6943
4255
7856
5520
6807
6465
4990
3736
4695
7877
7001
4232
6038
6578
3148
6475
4779
7622
6412
7955
6212
5064
3092
5503
3946
3578
7935
6658
3318
5370
3405
7897
7282
7771
4459
7553
7250
4944
5526
3443
6380
7134
3371
5549
4001
6593
5002
4318
6860
2938
7028
4655
7398
4679
6519
3355
5492
7095
4999
6062
4623
3301
5327
3234
4689
4542
2886
6336
3238
3165
5458
4143
6601
3677
3499
4817
6810
7503
6156
5911
7392
6692
6119
7690
4953
5321
3007
6621
3918
4919
5256
4709
4477
6208
5578
5040
7038
7577
7188
3307
7752
5352
4740
3843
3045
4178
6401
4782
3802
5154
7952
6576
6761
5208
7207
5422
7574
4244
4487
7561
7344
4146
4093
3733
4372
4691
4894
4506
5548
6974
2982
7542
4574
4495
5825
5699
6720
6417
3458
3441
4714
3362
4851
6574
6514
4408
3291
5361
6421
6457
4123
3406
6277
5015
5824
7723
6007
6338
5284
7307
6387
7908
4354
5482
4538
3503
4282
3911
6362
4605
6885
7519
4780
7284
5763
6181
6169
7246
3813
5415
5180
3989
3564
4794
7349
7309
4763
7567
5788
7067
4743
6530
3574
3391
7026
3561
3227
4466
4641
3745
5053
6066
5183
4549
7042
3980
6698
6126
7782
7983
6901
7329
5551
3941
5932
5385
5894
6460
3459
5941
6203
5860
5665
5812
5467
6020
4097
4932
5583
4564
4752
4317
5139
5919
3093
6681
6166
7280
7638
6653
6112
4014
6480
6221
3751
5733
3468
3211
6056
5846
4227
3869
7181
7917
6132
3785
7129
6941
3650
3913
4023
6259
4810
7379
5744
6018
4686
3180
6337
5697
3076
6278
6339
7724
6784
3213
5431
3231
5774
3130
4243
5052
4089
4114
4301
4888
6697
5640
6017
2997
3312
4648
3284
3315
7872
5534
6839
4532
4388
4567
4107
3005
6838
3887
5382
4303
3114
5539
5289
3985
7819
5436
3337
6264
5299
3009
6649
4086
4248
3462
7405
7910
4730
3695
4111
3308
7506
7986
4219
7088
7759
3198
6545
6048
6342
6626
3345
6932
6594
5048
2956
5928
2910
3139
3105
6153
7996
5377
6183
5691
3689
6509
7907
4666
7867
7569
5069
7636
4375
5908
4170
3593
6290
7114
5348
6289
6808
3430
4736
6909
5483
2890
6381
5613
5373
6618
5418
7484
5200
4155
5308
5051
3168
4820
6100
6712
6142
3508
4471
2305
5709
7529
4283
5266
3493
7233
3658
7383
7406
6379
5031
5960
5413
3235
7091
3326
2915
5590
7895
6138
7554
5246
6395
3135
4832
6802
6821
4808
4561
6934
5837
4278
7676
3602
7714
3806
7674
6806
3070
3340
3125
7381
2976
5451
6121
3494
3427
7945
6033
6780
5170
6914
6980
5957
6961
5889
6440
3521
6300
3426
3987
5708
6570
6404
6871
6487
7631
5106
6274
3399
6812
7775
6935
3189
6411
6276
3133
5027
4504
6299
6252
7773
5959
4857
3145
5339
3192
3835
3153
5732
7967
7825
6845
3719
7727
6098
6378
6616
7862
7457
5922
6562
3516
6322
3014
6026
6971
6116
6855
5668
5441
5633
7160
4690
6102
4066
5376
7517
4333
3373
7850
7172
4721
4864
6856
5582
4172
4047
2967
5090
6161
4188
3824
3042
3752
5378
3411
5842
5648
5969
7243
4955
3572
5883
3392
3936
3310
3673
5678
4437
5690
7491
3343
7262
2939
7757
5470
4362
4637
6942
7087
3260
4326
5252
7275
7789
6040
4652
3613
5497
3072
7373
6668
5682
5956
7313
5814
3585
7869
7581
7395
6226
3052
3046
4593
5724
3162
3257
5163
5501
7468
3461
5574
2881
4374
6491
4059
7557
6053
6525
3792
4687
7990
4518
5877
3073
5612
3743
7892
6797
5152
7876
3381
3356
3448
6431
7822
7649
4803
6863
7528
3543
5816
7670
7074
3293
6059
6313
7499
3271
4595
3267
6913
3517
5167
6015
3331
7505
3185
6691
4735
7814
4527
3142
5881
3615
3059
7518
4037
7241
5604
5107
3056
3773
7998
6303
6097
6881
7161
4455
6176
7203
4105
4486
3961
5560
5486
5872
4608
3342
5293
3997
5934
6535
7568
5722
4453
2936
4400
6748
3002
5659
4490
6815
6910
4775
6216
6651
4845
6204
7376
5607
2934
3847
4848
5622
7296
5851
6754
4163
5421
4184
5795
5133
5444
6186
3282
4811
7350
7914
6728
3994
3132
3455
6661
3653
6482
4991
3467
4646
5144
3292
4458
5222
7266
7452
3947
2988
4877
6612
3812
5962
4122
6296
4823
4192
6842
3275
5838
5401
5056
4429
3018
7356
6292
6225
7125
4247
3439
7132
2311
6582
6876
6610
7244
4231
7976
3143
7634
6904
3365
4826
7374
6650
3421
6862
3624
2953
5790
6529
6637
5329
3174
4449
2949
6800
3205
4708
4969
4874
4347
4481
4656
2948
4704
5727
7031
4071
3727
7785
6827
4846
3607
4020
5368
2926
5936
6604
4519
4254
7359
3121
5317
5961
2214
4654
7165
2410
6956
7271
3721
7784
4411
4577
6058
3466
4908
6764
5835
3341
3978
4299
7034
7747
5097
6236
6864
4960
5516
7696
5843
3019
7863
4470
4213
6832
4886
7289
5658
5558
3906
4897
4590
5243
6165
4809
4879
4764
4205
7154
5454
3261
3088
3136
3317
6846
5664
4008
6331
7298
4482
5127
3170
3161
3470
7469
3428
4887
4407
3364
3245
6883
7039
7637
6163
6825
3951
5792
4939
4270
5037
4003
6859
4179
6920
4928
5929
3932
6592
3117
4009
6206
7166
2913
3880
7612
6558
4966
3807
6086
6829
4801
3939
2962
6002
3671
3429
6900
4422
5588
4118
7655
3692
4890
4021
5529
5629
7396
4840
5707
6583
5735
3352
3927
5383
6197
4843
6690
3868
7836
7108
3535
4867
4051
6506
3837
3074
6722
7317
3124
7801
3357
5041
4142
3827
6029
5263
5047
5233
3061
7014
6631
5138
3206
7556
6560
3643
4028
7047
7737
6046
4288
3502
5142
6237
7235
3034
5079
3789
4414
6895
6770
4812
7576
4030
4807
7391
6095
3960
3184
4098
5743
7256
3522
5316
4220
5356
6125
7514
4617
6390
7023
4524
4088
3904
6657
7492
4585
7445
3126
6655
4946
6157
7270
7658
6039
4050
5830
6534
6326
7261
3819
7758
5117
6044
3276
3654
7323
5782
4849
7960
3706
7997
7413
5567
4154
6195
4497
3628
2973
3781
5161
6893
4332
3463
4343
7763
7694
5983
3412
3657
5292
6185
5631
3210
5513
2959
4290
6734
5493
6087
2990
5579
3358
3204
5340
3361
4948
7601
4785
7446
3240
4331
5991
7779
5425
3665
7548
6463
4754
7697
3530
3539
4672
5201
6207
7598
5389
6434
6155
4818
5907
5508
6740
7222
6866
7353
5890
3062
4116
3110
7911
7989
3214
3154
7336
4341
6178
5096
5645
4757
4693
7495
3641
6093
7117
5852
7552
6472
7044
6115
6564
4280
5149
4555
5967
4180
3171
3772
7399
7371
3384
2510
7543
4425
4984
6803
5005
4444
5240
2985
6352
3934
3250
4024
3762
6170
3199
4682
4324
4384
6599
7677
7918
4433
5903
7912
3445
4039
4927
2928
4855
4954
3866
3809
3573
6795
2887
4500
6111
3254
3319
7648
7220
3099
7267
2882
5449
3839
4026
6555
5766
2925
6145
4404
7451
5379
5865
5693
3112
4203
4305
5197
3222
7101
2994
4789
3718
6639
3480
3926
4732
6792
7367
5500
3146
3638
6130
4675
4176
3845
5753
6870
6750
7126
4942
7937
7772
3166
3314
6496
6364
5536
6915
5923
3600
6127
4770
7183
2954
7278
6894
5982
3919
3303
4827
4491
6959
7274
7224
3414
4712
7645
4221
4473
4858
5940
5772
5372
4592
5409
4413
3063
4099
6739
6840
4457
3001
5545
7702
4276
4135
4322
5783
3594
4834
3938
5184
3182
2891
7483
3823
6742
6415
6014
6556
6743
4915
5135
4451
3323
5297
5390
7416
5918
4854
3549
6867
6094
5091
5443
3450
6602
4970
4923
4191
3945
5067
4719
3098
6192
3993
6004
3829
7999
4783
5507
3155
6149
6946
5591
7109
4706
3996
7057
3698
7210
6302
3587
3717
7382
5465
2964
3800
7286
6667
7293
6586
5858
4651
6636
7744
4738
7175
4701
7006
4419
3253
6817
6085
4909
7527
3690
7692
3944
5984
7711
6597
5498
4957
5559
4618
5286
6150
5594
7749
3084
3387
5505
5363
3747
7817
4619
3617
6835
4447
3834
5954
7124
6938
3731
3595
4545
6309
5118
7458
7144
3702
7363
5248
4417
3208
6410
3667
5755
7805
5714
5679
4211
3701
3682
4766
6865
4496
3558
7765
4907
4002
4126
6273
7761
7842
4359
4048
7318
3325
6246
7227
3077
3599
4610
6738
6933
6438
6493
5412
6057
6890
7728
7566
7073
4884
5081
5995
5017
6989
7472
5828
5845
4565
5257
3141
4121
6485
4045
6016
3786
5736
7640
4403
6737
7936
6011
5917
4912
5765
4996
5848
3825
6880
6287
5857
5647
6511
7793
7065
7320
4659
7310
7800
4153
6853
5862
5432
7135
7811
3765
3164
4106
6461
3694
4800
5341
6998
2904
5166
4533
5888
4649
7717
6672
3674
4452
4370
7904
3220
5770
4995
6106
3722
5355
3513
4144
4985
4293
4472
4016
5798
6241
7906
2885
3742
6889
6227
7133
5211
5100
3465
6996
5430
4898
5817
3087
6073
6952
6590
6367
3408
6848
7438
3851
4722
6714
7066
7966
4183
5296
3975
7987
5775
5347
5718
4544
6677
7954
3446
3590
4626
4513
5674
5944
7103
4547
4415
5018
6143
6674
6613
2965
7018
3091
6140
3085
6824
5057
5124
5624
7008
7939
6929
6744
6447
7613
6167
3152
7665
4873
2931
5278
4489
5353
2900
6182
4510
7540
4842
7513
6654
6041
7731
5893
2894
7624
3920
4611
7314
5610
6483
3864
4119
5598
7404
4979
3233
5103
3811
4580
7915
3418
3693
3193
3964
3735
4041
6346
5496
7295
4914
3553
3758
7386
2050
3784
6572
7360
4062
3636
6507
3591
5306
3821
3831
3592
7339
3799
3940
6673
3111
2598
7797
3451
5224
3183
7202
3043
3380
7059
7812
3664
6874
7611
7208
4383
5599
6671
4361
7434
6548
7037
7706
3505
6992
7022
3954
7874
5229
3668
3805
4085
7143
5704
5859
6928
4004
3652
2986
6158
4087
3333
6486
6307
7632
7808
4234
3596
5111
4933
3265
5887
7362
3128
3649
3686
3974
4022
4418
6666
7932
4256
5779
7259
7351
4210
6947
3876
7666
7120
7843
2972
4340
2952
4132
7682
6922
3778
3990
6931
5099
3032
7753
4723
4252
5262
6160
6064
6551
4813
7901
3442
6689
6104
4838
7639
7454
4330
7086
4856
4918
4104
5435
7444
7465
4974
5702
6426
5058
6439
5186
5806
6129
3885
3546
6131
6109
3916
5442
7526
7834
6858
3217
7070
7032
6831
7423
5398
7795
5719
3529
4260
6995
5942
4311
6790
3349
3236
7922
6819
5535
7980
5762
6773
3023
2901
5541
4298
2893
2416
5575
6189
6090
7389
7347
6456
5698
3892
2242
4423
4485
3287
3000
3860
5504
3524
4795
3922
6903
7459
4625
7878
2993
5952
7751
6448
7660
7826
5460
7841
6108
6179
5571
3716
4627
4581
6174
4391
4522
7152
5119
5672
6699
4084
6105
3339
5644
7239
5424
3685
4983
7549
7232
3221
6030
4616
6228
4389
4977
6775
7497
3569
7824
7865
7893
4373
3219
3065
3840
5123
5364
6884
5008
6820
6702
4762
3519
7610
3760
4275
7890
4669
3129
7048
2471
3930
4287
5662
3756
3703
6700
3107
3935
6878
6755
6063
7646
5799
3209
3514
4493
5165
6450
7896
4196
6520
1931
6334
5477
7857
4032
6567
6069
6767
7643
3410
4836
4151
7142
4081
3977
7030
6757
4674
6391
5022
5749
4306
4718
4095
4017
6528
7040
4206
5970
3842
7722
6608
4844
7148
5868
3547
7110
3787
2991
4073
6664
3122
6684
7887
4917
4786
5683
3476
5710
3409
3156
4145
6887
3984
5667
7743
4483
5514
3104
4397
5615
3228
7412
3552
2958
3779
6144
7319
6305
4376
4967
4040
6327
5023
3082
4662
4077
4312
4129
6383
3033
5181
4294
6319
4971
5420
4427
4010
4239
3858
7475
6257
7498
4313
6588
3004
4707
5544
7671
3626
5867
3390
4368
7137
4156
5000
5148
5428
7921
5267
6902
5169
7496
7355
4755
6036
4197
6194
3666
5244
5279
4788
3403
5399
6718
4476
4717
4802
6024
4668
3081
6134
4042
4364
4829
2998
6918
4117
5143
5570
6301
6464
7439
6137
4777
5550
4147
3890
3724
6408
7449
3123
7357
7707
3949
3991
3768
6110
4768
3169
6047
5870
3982
3350
3013
7394
7111
5274
7903
7885
6190
6357
7615
4665
4222
6420
6441
7953
3015
6218
5290
7578
7919
6168
7579
5272
3215
7959
7146
5330
2922
3979
7508
4436
7089
7994
4292
6963
5403
5235
3283
3229
7565
7311
5878
3953
3348
3884
2172
3300
6643
4989
6706
6799
3767
7582
4387
7848
5301
2185
7007
6101
4469
3026
6025
3723
6397
3598
4885
5512
6021
5723
3030
5323
4731
3816
6538
7968
2924
7695
3422
4358
3090
7524
4883
4899
3897
6489
7238
5232
5080
2099
6930
5019
7257
5484
5730
4076
3500
7868
6103
6399
3700
4952
3272
5997
5264
5657
6293
4181
7150
6869
4913
6607
6611
4006
6294
5337
6630
5157
2662
5366
4207
5955
6954
7532
5958
5745
5972
3179
7663
6356
7489
3302
7783
3195
3290
6164
6280
6753
5813
7402
5277
6497
6662
3274
5298
6861
6325
5025
6624
5669
3655
5326
5897
4130
7835
5141
4480
3740
6147
5977
4525
3298
4440
3856
4878
6193
5068
7159
5001
3614
5827
7669
6659
6141
2466
7790
7139
7590
6173
7322
6403
4562
3648
5357
7693
3796
5029
4765
7941
4614
3822
4711
6986
3057
5971
5476
2996
4402
7627
5406
6019
5007
6254
4613
5275
7136
3738
6247
4056
4454
2880
5251
4273
3010
5153
3157
4671
7588
3820
7942
5561
4223
6377
4033
6045
5974
3874
7767
7156
6231
3269
5569
6133
4148
2947
5761
6312
6969
3491
3474
4694
5195
7833
3490
4166
1518
7816
3316
6251
7562
5748
6359
4882
4576
4392
3241
4194
6260
5840
4344
5506
6634
6678
5562
7191
4356
3177
7147
6191
3635
5947
3449
4660
7525
4065
7063
7726
7456
5927
3064
4620
6727
5174
4938
6358
3709
5926
2408
2955
5804
7297
4973
7436
7555
7521
5802
4530
5713
5137
7810
7343
6919
5128
7564
6554
7894
4216
2975
5345
3239
3763
4083
6341
5036
3616
7830
4653
6999
4031
7041
7305
6628
7879
7740
7844
6013
5831
5223
5577
2509
4548
4514
7633
3888
5024
6458
5221
2935
3289
6573
6442
6318
5899
6222
4630
5700
6669
5937
3556
7393
7253
7093
6363
3021
6908
3538
4673
5896
4319
6801
7460
4127
6756
7013
3482
6687
5684
4924
3526
5641
5105
5777
7035
4505
7623
4201
7546
7516
5764
7608
6233
3320
4149
3232
6501
7849
4136
4424
3336
5234
6284
6240
4602
7827
4572
5032
7929
6709
6215
5314
5617
4431
7285
6927
6725
3051
5616
5343
6580
5193
4880
3865
4902
3881
3048
7342
3039
3263
2930
6437
5787
3771
6786
4189
5291
4931
4949
6449
3955
6396
2932
6504
7187
5531
6162
3710
7899
3669
3640
3509
4349
5528
6146
4615
5254
5227
3404
3246
3950
3172
4950
3606
5925
4727
1691
3841
7675
7316
6107
3588
3369
6279
3708
7090
4963
6083
5891
4568
3351
3281
5853
2983
6606
7803
3744
6500
7069
6370
7573
2374
5966
6979
6605
4591
6823
3817
6685
6711
3563
5521
5203
3431
5524
3973
7584
4535
5104
7330
7429
7657
5188
3297
3181
4876
5525
4710
6201
4658
5738
7870
6151
3928
6349
3555
4526
3242
3469
4200
2909
4072
7387
3311
6117
1853
4074
3120
5249
6537
5855
7104
7614
4138
6453
7864
6978
6964
4267
6375
7476
2884
7971
3372
2590
7370
5404
6625
6510
5089
5882
3749
5687
5239
4945
4859
4230
5325
3507
7138
5457
3586
7365
3852
5219
7708
5414
3200
5397
7709
6948
4233
7715
7397
6768
3151
5656
4922
4308
4536
5175
3278
3069
7829
5892
3645
7653
3610
3581
3484
3618
3889
6492
7182
3230
5122
4300
4566
1503
3670
7823
2403
2851
2951
7840
6135
5716
4367
7719
3544
6089
7302
6330
5502
6272
3207
6271
4217
7855
2929
7486
4965
4381
3268
3353
5510
5746
3029
7735
4881
7559
4246
5063
5050
5786
5070
6696
3047
5311
3178
4861
4159
7337
5533
3619
7596
3608
4102
7599
6353
6077
7078
5627
3620
7279
4772
3423
3347
6708
3106
6953
3415
7193
5242
5905
3661
3912
4891
6782
5597
5909
2270
6171
6695
6683
6031
3632
4434
4586
4492
2355
5472
7072
6154
7290
6524
5712
3776
5696
7739
5902
7474
4776
7650
5113
5996
7551
7721
6749
3055
3833
4742
5554
5527
7380
6585
6781
3304
7654
3147
4385
6050
5803
6068
7092
3512
1702
5677
4314
3144
5013
6549
7620
7606
7804
4958
6729
6443
3678
4748
4872
7283
5400
4058
6175
5625
3548
5910
5207
7300
6694
3160
4125
5692
5950
7931
5061
4860
5095
6402
6598
7593
7401
6937
5475
3528
6843
6595
4680
5794
5587
4488
7720
6055
7422
3965
2892
7219
6962
7400
5312
5125
6515
6494
6693
6209
4870
6985
6752
3040
7437
7408
3891
5092
5455
5912
4866
4240
7176
3080
3537
7781
2244
3386
3225
7443
3119
6419
6614
6076
6394
4676
6082
6970
3540
1543
3109
1620
5328
3137
6329
4120
5120
4000
1615
4335
7341
7269
6256
4852
3933
5821
7252
7249
3583
7502
4502
3027
6451
4498
5543
3777
6462
7583
4377
7419
7947
6123
4929
5485
5173
3644
7390
4131
4054
7846
2713
6906
5033
5580
4228
3374
2960
6907
6557
2978
3053
3488
6323
5729
4645
4582
4446
7928
2006
5360
6281
3377
3251
3095
6389
3931
7332
6680
7216
4871
4508
5336
4101
4787
4982
4321
7442
5411
7756
5832
3844
3810
3957
4238
4396
7229
4320
7237
5654
5943
4993
5585
3248
6730
4078
2070
5131
7661
7965
3861
6096
7312
7075
4445
6587
7245
6814
4598
6546
4253
6433
7788
5112
3893
7838
4204
6703
4515
3859
7299
6536
7791
3054
5778
3277
6581
7718
4702
3929
5869
5189
5596
4334
1881
4296
7946
4814
3375
7213
7384
6427
6575
7368
4082
4218
7080
7217
4643
5462
4631
3746
5834
7127
5844
7886
4552
6477
4683
5319
4516
4790
5953
5205
6516
6620
2889
4756
5276
6471
4587
4029
3525
4185
6000
5003
5688
2888
6444
3498
5338
6656
6122
7471
7131
2785
5988
4910
6249
5603
7388
2499
4972
7531
5639
5287
2950
5999
7628
4934
2919
3557
7544
3534
1916
4034
6187
3060
6847
5946
2800
3389
5464
4805
7545
6067
4465
3707
6805
6371
5739
5979
5300
4638
4734
6897
4644
2722
3566
6783
6973
4612
3506
6344
6049
2905
5260
7755
7177
4448
5294
2811
6644
7673
7212
3580
2907
3149
2263
6211
3545
3452
3774
4108
6676
4819
6388
7036
7085
5011
6481
4947
3764
6788
6837
5194
6533
6967
5750
6622
6027
6470
5101
4737
5576
7149
7020
4941
4399
6619
4799
6244
7428
6617
5049
6393
7192
6136
4226
4289
1644
3108
5350
6282
7734
4215
5071
7741
7920
7081
7662
7206
6641
5371
5630
4190
4760
5938
4901
4460
4346
6541
3097
2896
3025
6633
4350
7333
5009
7258
4726
5359
6360
5800
3660
7713
5162
6198
5077
3327
5115
3609
4060
7369
5839
7236
4242
3567
3637
4225
5895
5171
5913
3049
3948
5742
5810
7482
4713
7268
1873
6304
5666
6320
4579
3086
1701
3481
6512
2223
4570
3579
3324
4263
7345
4596
2992
2215
3832
1720
3252
5797
4571
7591
6148
6084
5419
6759
7481
5572
3103
7467
6584
5978
7888
7231
5331
7479
3079
7979
7421
3737
2312
3495
1605
3196
7847
5884
6374
6987
5593
6459
5268
2488
5416
5078
2822
7214
7778
4249
4464
6188
6080
4269
2565
5815
7701
3518
3631
7984
7418
3769
5555
4355
7882
4634
3188
4889
3907
4268
7157
6385
7950
7964
2878
5215
3288
5479
7705
3972
1948
6258
3814
7009
3454
3489
3440
6553
7949
7105
2587
6544
4528
4511
7328
2957
5265
4075
7462
6088
1677
7511
7234
5829
5283
4892
6200
4624
6733
4906
3393
2184
7079
6675
3715
4038
4053
5236
7198
4961
7178
6717
7685
3621
6291
2774
7004
3791
5609
4080
3101
3883
4546
7681
1768
5758
7861
4286
6830
4678
4603
5304
4725
6495
3397
4847
6732
4395
7291
7642
3963
2502
4697
5801
4435
6265
3176
7466
5694
5073
5987
6502
4499
5396
4295
1777
6912
5392
5333
6774
3259
3604
1758
5836
7880
3836
1878
5636
6473
4261
5394
3020
5886
4441
5369
7978
7736
7099
4327
4325
3711
5102
5780
5109
5784
5072
4302
7461
6060
6051
6813
6565
3659
5706
5951
3895
5216
6523
5914
5310
7560
2648
6298
2103
5387
5606
3313
5875
3999
7700
4052
3696
5114
5429
7324
7796
7228
7463
7913
3367
3952
4352
5818
4068
6990
4692
4323
7477
7520
3729
6816
6552
7168
2943
3959
2024
5740
6268
4926
4920
2577
5273
3089
6468
7045
7712
5638
5062
6266
5042
3322
3676
6940
7123
5473
6726
3083
3401
4070
6568
7607
6239
7432
3363
3531
4862
4100
4161
7294
6423
4235
2946
6972
1933
3782
3382
7453
6238
3788
3425
3748
4390
7813
6981
5130
5741
4005
4265
4214
2989
5771
2008
3398
1713
1797
4079
7530
3071
5191
4875
1998
5168
6804
5322
7742
4639
7794
1498
3475
4174
4336
2120
6542
2914
6547
4251
1719
4606
2087
3830
6382
3770
2489
7535
6065
4382
5110
7501
2984
5332
5342
1522
3306
7411
5637
5563
3898
5963
7054
4962
3630
2813
7113
6747
7570
1815
5768
2763
4715
5452
3464
6422
1915
7155
4241
5075
7024
5522
4366
3857
3862
3435
2011
4369
7180
4774
3385
6469
5686
6035
7019
3328
5621
2687
5335
7500
3041
3432
6949
5542
4171
6888
5566
4699
3366
1499
4784
7586
5381
3296
2622
4157
6569
5499
7433
7600
7331
5012
5994
7420
6009
3354
2575
4468
6432
3921
6295
6454
7769
4329
3867
5241
3976
7957
7973
7084
2167
5313
6139
3720
3478
5255
3460
7189
5309
5407
5808
5993
5584
3335
2035
5747
4245
3226
4684
5711
7852
7122
5930
3383
4113
5793
3601
4554
6647
5488
4940
6811
6518
5074
2902
2423
2805
3726
2719
5085
4353
6354
7923
3102
7186
3163
7128
7358
1752
6571
7230
7635
6945
2999
6081
3983
5172
3542
5759
7975
5623
7571
3479
6343
5478
7292
2536
5440
6184
5351
2898
2254
5116
7745
3416
6418
6716
3438
2135
1512
4833
5871
7251
4937
6348
3031
4393
5020
3560
4663
7242
7859
7304
3759
6844
4724
6531
4664
3396
7940
7240
6455
1484
7097
3582
5557
7205
7698
5238
2458
5225
7969
5685
4916
6405
4512
4747
2838
6769
4839
4507
6466
4291
5158
7515
3712
6891
4094
4541
6297
4279
4635
2729
2987
5055
7049
1507
4980
3992
7991
4461
4152
5822
5646
2704
1912
4796
5904
5046
5054
5030
3066
1790
2495
4015
6997
4064
7860
5408
4959
5021
6224
7884
6623
4523
6219
6527
1932
4746
4378
7828
7738
4520
5108
3704
4636
7770
5671
5362
3775
6719
3359
2686
2672
2563
3870
6966
6333
5552
3541
2290
3808
4981
1839
7473
3190
4443
7017
4771
7167
4257
3116
7558
5931
3279
5933
3376
2819
4315
5437
3167
6332
4011
7450
4264
1842
5199
6235
4893
6001
6765
5537
5402
7616
5619
5509
7522
7597
5365
6373
3197
7277
3853
2076
7605
6498
5701
4696
3243
3958
5628
2404
6896
3713
2923
5374
2789
6324
5318
5841
3914
5213
5132
6392
2504
5767
4987
6892
7361
5156
7958
7010
7866
5447
2251
3295
5093
7943
5177
2508
4751
2778
5653
6746
7585
5921
1894
7403
4160
3753
6321
4061
2157
4478
3273
4284
4421
7938
5014
4632
7547
3203
5990
7786
7190
7563
4456
7729
1504
5649
5589
5863
5427
1957
5086
5939
2376
7550
6099
2333
6210
5038
5386
4557
6317
3687
1980
7062
4905
7774
3855
5490
6152
7962
6688
5981
4559
4745
3871
3127
7102
5754
6851
4266
3873
6849
5302
7837
2842
6070
4741
7659
3623
2768
5916
3016
6715
2920
3656
7710
3790
6243
2370
3577
5217
7426
6092
7287
2060
7409
6540
3417
4432
5303
4169
7321
2279
7881
4569
1864
6413
5720
3075
7925
7619
2300
1772
5489
7916
5866
4863
3900
4109
7204
4793
5375
5164
7821
5388
2570
7288
2310
1996
4537
6983
3471
3038
4450
5556
6923
7716
2451
4360
5920
3140
4475
2945
7325
2966
5220
7956
6632
7691
5885
7276
7441
6023
6384
3896
5864
7478
6648
7174
1742
2030
5511
5651
1560
4164
3801
1835
3683
3663
6939
3186
5681
4262
4410
2912
3798
5689
6400
5354
1708
7853
7118
6776
5880
6707
7119
2143
3750
4198
2568
4348
6488
6603
6232
6253
3850
4462
6798
2970
3492
3266
4540
3394
2604
5547
4759
6705
4025
1833
5247
7100
2877
4994
2629
6596
5949
2937
1941
5433
6550
1920
5228
5986
3925
2843
6335
5769
2473
6429
7733
6751
6600
4607
3988
3597
6230
7961
6957
3078
2288
7338
2394
2942
5856
7334
4177
2709
7308
2206
3970
2865
5595
1858
7684
2642
7509
1505
2771
7992
1635
1753
4778
7592
3570
5592
3344
6425
1940
7112
7184
1987
5349
4921
6261
6517
6407
5088
4998
6242
3477
3262
7602
3651
7480
7372
3444
6665
7265
4703
4588
6791
5459
2944
4792
2297
4628
3158
4272
4640
4853
7254
3012
6428
2249
7005
6828
7536
6561
3699
7195
6627
7988
6713
4046
3647
4543
7820
7068
4394
5269
4474
7173
6873
6834
1848
5016
3258
5985
5601
5445
4744
5446
5820
1796
4150
6521
6340
2680
4069
4199
6328
7281
3457
3527
6763
7993
2995
6283
5176
1598
3917
4773
5084
5324
5586
2829
2098
6818
4951
5087
3803
6762
5900
6022
2701
4175
3894
7754
3379
7053
7730
4195
2692
7272
7762
3100
1871
3378
7215
4096
6350
6484
3456
5652
6159
7970
7447
7106
3739
6522
7746
6877
7858
2823
2644
2269
7052
5968
3863
4529
3576
3662
6267
4342
4494
4316
3679
5136
3550
2324
2235
4831
5734
5059
5043
6899
3187
1880
6879
3571
6563
3472
2817
3741
3420
7077
4758
7621
6566
1725
6686
7995
5518
6355
5495
1730
5564
5519
6262
4578
4090
1604
4035
5487
3622
1762
5190
5438
5395
3256
5076
2933
2238
2663
7523
3568
4868
1583
5288
6114
6539
7027
2530
2571
7435
5468
6778
6071
1588
4229
6310
4337
6809
4850
5010
1597
5614
4420
6118
4594
2190
7815
7951
5121
5973
6008
3360
4573
4019
6505
6635
6010
6445
4365
2542
4509
2113
1746
7798
3067
7158
6172
6988
1672
3732
4416
1870
7679
2347
7704
3175
2065
7169
3511
4865
7927
2738
6704
2381
2977
1773
7617
1761
2211
2793
7982
5060
2472
7082
3419
2753
6078
5663
4277
5150
4816
2790
5146
5906
7050
5245
5210
5039
4539
5661
6663
1992
7902
3332
5204
5295
2564
7197
2786
4705
7533
7140
6854
3006
3483
2697
1614
2852
6479
2918
6436
7652
5159
5214
5760
4112
6660
5344
5515
6091
2869
5721
6682
6368
7534
1654
3270
7107
5553
3309
2538
6936
2730
5823
2969
7926
3329
1551
7431
5393
4380
4911
3017
6789
2611
2414
5901
3766
4720
3646
4688
3633
4258
2657
3520
7179
5879
2296
5187
2649
4137
4822
5367
7839
7807
4345
3486
4835
3962
5155
6833
3504
4212
3118
6042
4187
1930
5410
5405
2903
7493
3413
5481
6490
7201
5945
2775
7083
7667
6916
3794
4398
6911
5315
5461
3138
4338
4976
2490
2004
2237
2626
2234
7485
7930
5850
5873
1645
6311
2349
5898
7604
6478
7651
6229
7012
5469
5530
3969
7171
3249
7699
2602
2444
7209
4173
5998
3680
4401
4386
7760
7507
1599
3131
4716
3937
2916
3370
6285
1509
6526
1754
3218
3330
5202
4622
5270
7748
7415
3639
3908
2721
3286
1715
6446
1807
5028
7218
4442
7589
2033
3761
6736
7003
4769
6223
7672
4925
1899
6372
5757
3305
7831
4750
2413
6180
5643
6977
4563
7594
6124
6960
5532
7194
5675
3815
3967
5819
4700
4531
7924
6968
5083
7306
1895
2658
7787
5145
1593
3473
4055
6234
5626
6898
6199
2040
1553
7512
2553
4599
5809
5752
4186
6474
3134
2777
2187
7348
1623
6640
6043
2456
1557
2867
4043
7170
4406
4988
5807
6113
2115
5573
2961
2940
5826
5751
1664
1688
6886
1624
7247
6217
3875
6386
3044
7301
6772
6785
4092
4259
5849
7603
6508
5231
2453
3194
4479
7410
6579
2094
6645
3986
4667
5346
1763
4309
4589
3872
1524
1868
1923
1523
4430
2350
7494
3877
4930
4597
5833
2855
7354
4685
4650
3036
2895
7572
2971
2055
6414
7490
4900
4501
5134
5695
6220
7260
5230
7668
7875
6406
3757
4018
2921
7225
2141
4698
5271
5285
3849
3212
3924
2856
6850
6724
2752
2220
6965
2911
4869
5517
6670
4139
6852
3848
6409
3818
7425
2980
2634
1521
5538
1990
2354
2159
3783
1874
5044
4791
1477
5209
3627
1724
6376
2064
5253
6950
4729
5581
1694
2344
4657
2833
7377
1965
1283
1983
6361
2963
4158
3714
7883
6882
5847
2917
7625
1689
4629
3838
7889
2183
1475
5439
2236
2873
6925
4551
1665
3113
7963
3780
3691
4633
2169
5634
4236
1571
5924
1919
2428
7071
1778
4986
6872
2343
1756
4182
1646
3966
6061
7656
1579
7974
5602
5676
6787
7539
1650
1805
7417
5785
1640
7051
3882
7764
2718
3981
1678
5861
7248
3902
5026
7750
7015
1552
5717
3402
6917
6841
3923
4600
6679
6028
4806
7464
3346
1601
4133
2872
2792
4250
4285
2345
4168
1743
4550
7689
7732
6766
3551
3688
2477
1575
1488
6034
2137
4761
1854
6721
1705
7352
7121
5178
5082
4027
3496
3159
5094
4162
2710
4110
2079
3096
1898
5680
6984
6079
7002
7055
2057
2028
1989
5453
4601
7905
5964
3294
2023
1769
2431
6315
7196
2724
6196
2628
2100
7683
2010
3943
3050
3697
1525
2883
4224
7375
3510
5618
1667
4575
7618
2594
2294
1533
2607
1657
2053
3264
5611
2217
2372
2806
7064
1779
5456
7909
7776
4517
1554
2056
4728
4128
1747
6924
4621
5140
5035
2173
1951
7130
4815
7096
5796
1985
2202
3436
2836
2616
4647
2089
4767
3793
6745
7151
3216
6416
1556
3497
5935
4351
4841
7541
5320
2322
3008
7303
5206
1206
2556
5494
6951
1879
4328
2743
2186
7056
4781
1963
7933
2005
5391
2853
4830
5608
1946
2505
6646
2330
3905
3223
2482
7845
2250
6032
2390
7145
3672
7221
1591
2291
6452
2411
1572
4956
2866
7537
3795
2665
1527
6577
2816
2445
7768
7780
2301
7366
3338
4904
1511
6794
6314
3173
5705
4012
7223
5811
6994
2664
2600
6993
2086
5731
2438
1561
4013
7470
2264
1587
5540
2507
3485
7799
1655
1602
7647
2436
7944
2272
5474
2022
6308
6270
6955
7948
7440
6638
3022
6532
2156
2475
2122
7686
1921
4521
2516
2491
1958
4558
4036
1972
2543
2384
6306
1887
1914
6369
1476
3487
3562
2497
2393
1960
6735
7641
2541
2544
1876
3642
1200
2747
2362
2018
3734
7891
2001
2426
4274
1642
1580
7678
2868
2783
5491
2683
6760
1704
2906
2419
2745
4824
2365
1953
1994
5147
3150
1809
2402
2693
1516
3705
2129
2002
2676
2067
2766
1480
6128
2652
7900
5773
1751
5448
2612
3334
3237
2779
1950
1630
2695
1952
1472
2090
2638
2532
4363
2061
4057
2155
2520
6467
5151
3901
1697
6345
2013
5471
2252
5568
7385
3629
4749
1852
7688
6250
7046
5280
3533
2974
1803
4753
2114
1925
3437
2406
930
1918
2108
1126
5565
1612
6430
4825
6822
7043
1999
3559
2848
7725
4583
2000
2546
2754
1903
6037
1497
2386
2767
1967
2405
6075
7340
6758
3024
3011
3299
2154
2430
1714
6793
1690
3515
2467
2399
7011
7098
2494
7211
2461
7153
2125
2041
2433
7185
4103
1548
2506
1674
2449
7115
1827
6398
2758
7488
2197
3434
7378
2218
7680
1647
2770
5781
2699
2834
2049
3910
2233
5226
1643
1926
2095
2603
2351
5066
4681
2316
1709
1706
2196
1866
1780
6629
5129
2259
2299
1559
7898
2572
3244
2368
3995
6006
6202
5992
2618
2588
1668
2239
2639
1828
2540
2069
2706
4467
7141
5915
1814
4237
3554
2830
2979
5179
1596
2201
3037
2733
3998
2674
1970
1737
4821
2029
4560
1494
2253
6074
1816
2558
4405
5791
2708
3400
2166
1679
2454
5237
1785
1660
2016
2646
2385
2195
5703
2825
1750
1973
1774
7575
1244
2632
5789
1520
2152
7162
7854
2012
2523
6976
7985
2383
6214
1508
2479
5466
6245
4297
2268
4553
2815
2071
1892
3368
7094
1400
3605
2163
1712
1545
2424
1568
1205
2641
2182
2281
6205
1546
7981
5605
1971
7629
6366
2066
1949
1532
1740
1636
1822
1438
5975
2175
2088
1574
1420
2574
2592
1824
1683
1893
4978
5384
2807
1728
2360
1547
2247
7587
6958
1782
1783
1937
1528
5198
1125
3589
2968
2723
2192
2452
2748
7455
2750
7538
1968
1863
4049
6875
954
3971
2274
2047
2781
1943
4896
1666
2716
1333
1716
2732
2127
1558
5212
7630
2292
2526
2048
911
4209
6263
5305
1806
2469
7595
1738
2387
2517
1959
1474
1663
3003
6177
2831
2422
2769
2798
3942
2585
5259
2849
7199
2398
2673
1770
5756
6591
1741
2319
5655
2194
2597
5854
2827
2227
5281
2671
2879
2315
4556
6248
1836
2377
2078
2208
1577
2688
2021
7766
2388
7427
2203
1821
1638
2726
2651
1784
2409
2240
7424
2821
2437
1731
2007
6777
2875
1658
2744
3094
1775
1496
2232
2717
3968
2276
2595
1938
2092
1670
2097
6991
1837
2734
2038
1634
2690
2981
1823
2340
1473
2465
1813
7972
2107
2548
2046
960
3684
1935
2566
2289
2715
2326
1586
2212
5650
926
1539
7832
1629
2828
1844
1732
1617
1399
2153
1433
2599
1651
1707
1085
2448
2787
2480
2104
2162
1736
2731
2858
962
2492
2485
6072
4165
2180
2696
2146
1890
1675
2072
2054
1286
1685
2496
982
2145
3603
1471
5463
1993
949
1544
3915
2332
5261
2531
2796
2255
1495
943
2666
2802
1682
2810
7326
1818
1563
1490
1671
2714
2631
1929
1726
1687
2128
2554
1862
1562
1215
1832
4484
1877
2560
7029
2609
1838
1875
1733
2474
2110
1810
2338
2859
1478
2164
2045
6286
2740
1265
2273
2116
2871
2036
2537
6275
2776
4339
2068
2561
4044
2260
1982
2581
2133
1734
2557
2328
2044
1927
3584
1749
1649
6012
1904
1514
2864
2317
2702
1781
2096
1084
2081
2306
1450
1787
2174
2529
2375
2435
1280
1776
2412
5976
1801
2578
1793
2735
2039
2352
1633
6003
1984
3675
1942
2286
7200
1986
1031
4115
2298
2204
2846
1759
3202
1978
1944
2020
2443
3201
5258
1696
2243
1089
2282
1313
2091
1569
2801
5160
2522
1939
2698
2073
2308
1964
1652
3532
2246
1840
2144
2579
2382
1631
2757
2707
2207
1729
2241
2014
2258
934
2126
1238
6701
2797
2486
5725
2643
2346
1883
2727
1699
1847
2191
2874
1345
1859
1962
1519
2681
1771
5620
2736
4304
2804
2694
1924
1791
2586
1609
1332
1969
1298
1603
2728
2407
1506
1917
2366
2193
1788
2593
1162
1789
2567
1901
1541
2017
2003
2446
2327
2861
1799
2791
1997
2043
2177
2138
1669
2559
2682
2760
1977
1817
1995
2625
2318
6365
1262
2277
3611
897
1659
1585
2591
2841
2178
2380
3191
2765
1845
2434
1735
2552
1861
2551
2417
7504
2640
2525
2027
2677
2764
1004
2661
1936
1501
1760
1811
1956
2720
1621
1830
2500
1608
1359
2111
2309
2226
1676
2518
2314
1540
1272
2341
1573
1841
1786
2378
2583
2280
2654
2256
2700
2630
1723
1462
2539
1755
1693
2772
942
2397
1344
2373
2515
1391
1536
1442
901
2367
1606
2117
1221
2524
2063
1891
2369
1626
2835
1081
1662
2812
2160
1865
2755
1510
2034
2809
1766
1219
1829
1794
2062
2080
1622
2601
1798
1029
1641
2519
895
2589
1653
1812
2415
1745
1884
902
2596
1611
2498
1661
1402
2527
1000
2358
1534
1819
2337
6826
2037
2468
2075
2329
892
1856
2550
1277
2613
2278
1241
1680
2359
2650
2580
3247
1831
1792
2511
2691
1703
2176
2462
2026
2610
2737
2808
2712
2356
1889
2165
2150
2427
1907
1249
1178
2213
2401
2803
2739
946
2418
928
1443
1308
2450
2179
1171
3879
1513
2669
941
2503
1722
2484
2109
2077
2161
2132
1570
2189
2335
2741
1882
2245
2850
1337
2624
1850
1173
1479
2441
2139
1542
1483
1176
2102
2756
2521
1627
2847
1491
1515
2336
2627
1182
1379
2222
2605
1855
2019
1928
2684
2633
2085
2513
1094
2118
1902
2845
2667
931
1686
1625
1851
2082
2275
2257
2307
2248
1121
2121
1897
1991
1700
2780
2074
2678
1405
2357
2188
2746
2371
1954
1446
2759
1247
2655
2295
2528
2042
7487
1637
2549
1595
2093
1064
2576
1900
1260
2119
1581
2216
1179
1592
1487
1981
2535
908
2148
1711
1834
2582
1910
2339
2689
1090
1896
1531
1253
1684
2083
2470
1849
913
1820
1481
1268
2794
2584
2058
1174
2147
1080
2478
2303
1913
2545
2619
2267
1124
2432
2379
2854
1183
1293
1294
2460
1502
2168
927
2606
2617
2670
2283
2795
915
1748
948
1886
2284
2134
2440
1106
1382
1437
2749
2158
1765
1727
998
1236
2302
2321
1976
1632
1140
1470
2799
2009
2266
1578
1261
1008
2136
1485
2142
1373
1656
2389
2824
2364
1905
991
1227
2131
1114
1416
1550
1139
1439
2224
2481
1802
1148
1567
1322
1210
1370
3828
973
1565
1739
1074
2876
2293
2140
1517
1673
1027
2199
1104
2512
2860
1355
1469
1974
1493
1808
2711
1371
1216
1489
1467
1013
2151
1826
1411
1061
1147
2773
2762
2353
2659
2857
1046
2331
2181
1906
2620
1111
1192
2840
1492
1934
1218
2210
1549
2483
1336
2101
1180
649
2015
1357
2439
750
1163
1695
1007
2420
1378
1117
900
1955
1381
2660
978
1582
917
2705
2533
2363
894
1537
2814
1144
1718
2320
1843
1300
1387
2788
1860
2447
1434
2742
1408
1014
995
1362
2501
2725
1350
1417
1639
1466
1066
888
924
2205
2442
1012
1274
2832
1500
1160
1033
1165
2031
2547
1167
2200
1062
1922
1135
1259
2668
1343
976
2106
2228
2112
1909
1590
1225
1323
1911
972
2342
1966
2837
1330
2656
1628
2685
2170
1692
2784
1331
2392
1273
2123
1071
2493
1137
1015
2457
2285
1282
2761
1451
2464
950
2396
2637
1538
951
1088
1211
1151
1232
912
1230
2459
1584
822
1040
2703
1386
1026
1305
1366
1170
1025
1616
1093
1464
1698
1057
1764
1202
2130
1028
909
1619
1279
2675
1024
1947
1885
2262
1526
5948
2562
1530
988
2059
1618
1078
1021
2608
1302
1393
2348
1576
1217
2653
2635
1364
1224
2325
1457
1242
1284
2782
1188
1195
1744
2334
1397
1867
1600
1102
2051
1589
712
1431
1975
2844
2463
1005
1869
1133
1030
2271
1406
1607
2573
1356
2839
1069
1368
1056
2261
1566
2052
1076
1187
1295
2105
638
1110
2421
889
1083
1129
2032
1214
658
1610
2304
1409
860
1857
1681
1190
2514
805
1016
1721
1072
1229
1648
1319
919
1256
2400
1318
1710
1222
1564
2395
1385
1296
2265
1945
952
2862
965
2569
2534
996
2555
1239
1131
1800
2623
1141
1444
1306
1047
1979
1267
2820
1961
2323
1846
1100
704
1138
1207
1043
1404
987
1223
1449
1453
956
1006
985
1349
883
896
1175
1020
802
910
944
2391
1717
1231
2621
1209
1035
1017
1009
2313
2425
595
2614
1463
1196
615
695
673
1037
967
1226
1888
2025
1177
1059
1287
2171
1398
966
1872
803
1455
1421
647
893
2455
904
2230
811
1263
1213
1107
979
682
1127
2361
1346
693
929
2615
1424
663
1361
2221
2149
936
2219
1316
1041
980
1390
1134
958
1407
1825
1376
1115
989
2679
2870
1804
1087
1181
1309
2818
1058
1234
1251
2229
1101
1075
2476
983
652
1317
984
1392
1198
1164
1594
2751
1208
1120
1988
2124
1034
1908
2209
1427
1136
1419
1159
977
1430
1314
1757
959
1235
1374
1145
1324
1018
933
1452
1269
1150
689
1348
1275
1001
1288
683
1767
907
935
968
1325
1038
2645
940
753
1128
1068
1109
1254
1311
884
1122
605
1105
1191
1340
1184
1096
765
1380
1342
1303
1149
981
1329
1091
851
1795
1065
713
1245
1482
1243
1237
1486
744
1049
1613
1436
1048
2084
2231
1113
763
925
1383
1186
532
1328
739
1042
1413
1425
1142
1454
1555
600
1157
728
617
1447
1252
1535
1143
2287
906
885
1003
1146
2429
1375
1052
1123
1529
1082
1246
801
1428
1358
1461
1278
974
1351
1445
961
1429
1285
993
2198
1070
2487
767
2826
1459
664
923
761
1019
1158
1465
1315
773
971
1403
668
639
1384
1389
558
1426
1194
843
1396
1103
1044
1203
598
2636
1365
762
702
963
790
1401
1354
886
1156
1326
1432
1220
1255
723
1372
1189
922
871
1435
1250
820
1099
814
1441
1388
890
795
1281
840
1335
1185
1369
458
1010
1045
1264
1440
769
957
964
1458
741
740
437
852
1092
1073
1290
1212
791
2647
1412
994
1327
1039
1172
1036
815
685
1079
866
916
2225
879
662
703
1112
747
711
1050
898
804
1367
1233
1415
1320
1418
1271
733
872
786
610
969
970
491
1002
1410
771
939
1063
992
714
575
1097
1456
1276
903
921
990
828
947
1310
1204
1098
1168
1341
1352
625
1307
914
899
918
887
779
1053
1363
1193
666
1240
905
665
780
1108
646
1289
1304
680
775
781
766
1155
1395
719
838
669
867
1312
1118
1119
759
1321
670
891
1132
776
847
818
632
653
1270
865
1423
777
826
1377
694
768
920
1022
624
997
1258
1299
760
509
451
738
1051
854
590
1055
1301
710
778
986
856
1297
651
597
1152
1153
1460
603
878
877
1292
654
587
618
727
629
569
495
709
1169
517
661
1360
756
1448
782
534
433
855
1154
630
1414
608
721
819
869
945
788
636
701
1086
824
1353
1257
975
2863
726
641
551
477
483
868
1161
626
708
648
1095
612
853
705
1248
1116
642
881
1067
827
932
758
687
1060
720
623
938
656
937
1394
697
1334
734
498
785
749
724
1266
870
876
1201
825
671
953
875
849
836
859
792
1422
542
1347
644
706
743
634
621
1011
511
1228
633
667
684
955
745
1339
1077
570
1197
715
774
441
1468
645
643
584
676
845
757
787
627
613
700
829
742
619
707
655
1291
817
681
816
834
528
537
793
692
691
1054
717
716
635
436
764
637
725
874
798
492
659
1199
833
439
808
607
823
604
1166
1023
476
718
482
799
1130
440
873
657
620
567
862
729
813
449
583
606
864
454
602
503
593
493
863
394
1032
533
809
730
525
535
438
461
857
628
772
882
844
524
690
563
735
812
807
858
497
678
589
616
445
403
586
526
650
861
515
522
408
548
426
577
999
722
672
481
751
556
1338
797
427
614
611
471
430
732
480
573
850
848
591
674
488
431
686
880
789
576
363
832
581
446
507
754
557
806
452
487
530
800
559
518
512
736
510
731
837
571
631
345
831
810
388
752
737
516
794
404
821
479
500
580
596
839
489
539
746
585
485
796
392
468
442
342
565
770
784
448
379
830
675
609
472
592
566
582
496
679
435
459
842
385
555
640
365
429
374
457
470
622
506
523
783
835
348
549
478
466
545
755
419
547
460
698
453
305
444
364
546
484
699
381
347
434
464
660
574
340
380
588
553
560
508
696
578
594
541
572
677
501
352
841
550
519
356
540
520
846
544
372
424
416
332
552
543
513
412
601
514
561
599
367
475
391
467
502
568
399
421
428
382
529
325
490
354
343
469
447
400
531
505
536
401
350
336
358
474
688
324
415
462
407
384
562
375
405
330
322
326
450
333
455
425
432
504
334
409
397
323
494
344
327
499
538
463
418
473
402
521
361
366
554
280
376
362
245
465
264
276
293
486
278
422
309
316
527
579
748
414
371
564
370
389
355
304
456
390
373
420
357
335
369
386
217
387
274
319
283
443
250
261
341
270
312
263
368
337
339
267
393
219
301
423
290
410
279
299
329
303
287
285
298
398
308
291
282
256
306
273
331
226
281
310
271
417
383
315
395
360
294
351
313
207
266
292
353
406
328
265
284
317
255
260
314
346
247
215
254
377
296
249
411
300
307
297
258
289
359
277
268
252
396
288
199
413
180
286
244
318
257
378
240
220
186
259
228
225
224
311
320
170
338
233
211
221
234
227
349
253
295
229
212
262
183
232
248
210
242
302
202
206
171
188
275
218
251
214
136
321
246
269
241
205
236
204
230
184
197
144
235
239
178
237
223
173
160
185
208
222
154
243
195
163
187
194
272
196
213
166
201
238
175
209
165
189
231
156
193
182
203
176
174
146
179
169
167
191
106
200
216
155
124
153
172
190
141
137
161
150
198
116
139
164
110
134
145
128
126
158
177
192
142
181
162
140
138
152
133
132
168
147
151
135
131
102
125
157
103
129
143
130
107
123
148
159
115
108
121
99
127
104
149
117
118
113
86
98
122
120
89
92
90
75
85
101
111
78
95
96
91
114
100
105
77
93
68
65
112
88
109
87
70
119
82
80
72
79
66
97
81
76
60
71
74
83
67
69
61
84
59
63
58
94
54
53
55
73
62
64
47
50
49
57
52
46
45
51
44
42
40
38
41
35
56
39
43
48
36
37
33
32
28
29
26
25
27
31
34
30
24
23
18
19
22
20
21
16
17
12
15
13
14
11
10
8
9
7
6
5
4
3
2
1
0
