3	0.0: 664 284 1 277 
3	0.0: 671 245 57 112 
3	0.0: 649 273 392 227 
3	0.0: 813 207 272 1 
3	0.0: 888 340 167 1 
3	0.0: 680 329 328 188 
3	0.0: 325 356 423 51 
3	0.0: 978 239 258 91 
3	0.0: 496 273 111 36 
3	0.0: 1203 209 44 1 
3	0.0: 905 241 258 1 
3	0.0: 659 320 250 179 
3	0.0: 693 220 274 10 
3	0.0: 707 270 274 230 
3	0.0: 952 327 240 47 
3	0.0: 714 251 167 133 
3	0.0: 689 281 195 179 
3	0.0: 825 239 1 25 
3	0.0: 888 337 427 1 
3	0.0: 431 281 216 213 
3	0.0: 995 272 417 176 
3	0.0: 1035 352 270 1 
3	0.0: 633 292 1 119 
3	0.0: 630 232 211 72 
3	0.0: 939 185 219 108 
3	0.0: 654 188 490 229 
3	0.0: 636 214 279 308 
3	0.0: 932 205 392 82 
3	0.0: 1022 251 344 122 
3	0.0: 525 237 362 1 
3	0.0: 973 283 411 126 
3	0.0: 1009 264 131 162 
3	0.0: 859 190 317 39 
3	0.0: 365 231 341 67 
3	0.0: 727 218 1 114 
3	0.0: 715 248 144 149 
3	0.0: 578 312 292 1 
3	0.0: 617 225 222 145 
3	0.0: 434 211 1 84 
3	0.0: 725 279 87 324 
3	0.0: 960 304 1 108 
3	0.0: 853 314 402 1 
3	0.0: 757 294 168 77 
3	0.0: 809 135 90 158 
3	0.0: 677 321 188 1 
3	0.0: 697 305 326 110 
3	0.0: 780 280 168 1 
3	0.0: 932 246 156 1 
3	0.0: 712 375 428 11 
3	0.0: 611 192 264 189 
3	0.0: 709 345 198 220 
3	0.0: 651 262 290 44 
3	0.0: 617 230 285 138 
3	0.0: 804 204 289 1 
3	0.0: 729 339 370 1 
3	0.0: 739 266 376 1 
3	0.0: 730 277 330 200 
3	0.0: 826 254 179 201 
3	0.0: 627 318 166 1 
3	0.0: 753 258 151 229 
3	0.0: 1070 320 333 90 
3	0.0: 624 344 1 1 
3	0.0: 774 354 319 251 
3	0.0: 838 324 560 87 
3	0.0: 863 407 425 27 
3	0.0: 812 339 328 1 
3	0.0: 985 277 197 61 
3	0.0: 597 305 342 1 
3	0.0: 858 199 254 146 
3	0.0: 737 416 257 1 
3	0.0: 974 331 233 177 
3	0.0: 568 265 427 1 
3	0.0: 719 319 430 97 
3	0.0: 618 241 253 185 
3	0.0: 672 321 362 47 
3	0.0: 608 228 317 1 
3	0.0: 735 241 380 1 
3	0.0: 948 308 214 1 
3	0.0: 430 302 186 345 
3	0.0: 586 330 181 1 
3	0.0: 489 302 238 1 
3	0.0: 724 210 273 1 
3	0.0: 543 304 1 51 
3	0.0: 806 287 339 137 
3	0.0: 720 273 365 1 
3	0.0: 728 254 262 295 
3	0.0: 675 227 369 85 
3	0.0: 724 296 313 1 
3	0.0: 1148 268 202 1 
3	0.0: 542 266 386 83 
3	0.0: 1054 290 1 156 
3	0.0: 747 282 496 160 
3	0.0: 1146 226 209 107 
3	0.0: 910 320 77 1 
3	0.0: 563 231 228 98 
3	0.0: 678 335 178 1 
3	0.0: 476 327 204 162 
3	0.0: 832 266 29 140 
3	0.0: 655 398 240 1 
3	0.0: 619 291 366 115 
3	0.0: 737 227 180 1 
3	0.0: 1007 354 24 1 
3	0.0: 946 364 244 157 
3	0.0: 648 306 100 1 
3	0.0: 674 323 363 1 
3	0.0: 983 251 192 1 
3	0.0: 629 284 280 56 
3	0.0: 963 355 202 1 
3	0.0: 979 270 195 123 
2	0.0: 562 333 502 1 
3	0.0: 757 324 445 32 
3	0.0: 519 170 271 1 
3	0.0: 748 316 27 9 
3	0.0: 851 317 10 259 
3	0.0: 705 306 270 51 
3	0.0: 630 209 471 152 
3	0.0: 771 218 241 1 
3	0.0: 726 261 247 92 
3	0.0: 871 186 300 1 
3	0.0: 590 309 44 23 
3	0.0: 613 265 327 76 
3	0.0: 773 226 195 256 
3	0.0: 1144 289 209 96 
3	0.0: 568 360 277 5 
3	0.0: 850 234 82 91 
3	0.0: 858 354 283 111 
3	0.0: 888 296 35 54 
3	0.0: 866 270 1 112 
3	0.0: 713 309 324 1 
3	0.0: 714 281 93 1 
3	0.0: 544 260 403 357 
3	0.0: 1141 339 166 106 
3	0.0: 847 200 358 143 
3	0.0: 981 251 147 8 
3	0.0: 652 271 297 25 
3	0.0: 1051 290 222 144 
3	0.0: 472 380 168 95 
3	0.0: 949 298 416 112 
3	0.0: 852 345 492 32 
3	0.0: 849 259 147 51 
3	0.0: 912 325 168 1 
3	0.0: 718 153 234 29 
3	0.0: 761 232 495 285 
3	0.0: 647 290 252 1 
3	0.0: 863 214 286 51 
3	0.0: 977 266 287 99 
3	0.0: 868 374 197 1 
3	0.0: 786 213 177 241 
3	0.0: 509 226 252 1 
3	0.0: 775 256 179 283 
3	0.0: 977 273 375 135 
3	0.0: 857 227 142 1 
3	0.0: 901 262 330 89 
3	0.0: 778 322 249 25 
3	0.0: 901 236 326 108 
3	0.0: 971 342 197 121 
3	0.0: 652 315 221 93 
3	0.0: 739 224 89 49 
2	0.0: 405 263 461 1 
3	0.0: 740 240 421 78 
3	0.0: 600 309 1 1 
3	0.0: 618 214 182 1 
3	0.0: 866 227 304 280 
3	0.0: 706 215 324 143 
3	0.0: 724 250 265 153 
3	0.0: 1003 283 167 40 
3	0.0: 817 179 443 1 
3	0.0: 623 323 442 73 
3	0.0: 729 310 93 184 
3	0.0: 762 316 237 243 
3	0.0: 862 271 314 17 
3	0.0: 573 244 144 118 
3	0.0: 847 276 327 8 
3	0.0: 842 231 224 111 
3	0.0: 756 338 93 1 
3	0.0: 757 275 237 341 
3	0.0: 732 237 340 1 
2	0.0: 707 218 538 50 
3	0.0: 985 298 1 244 
3	0.0: 706 314 297 1 
3	0.0: 829 189 187 64 
3	0.0: 784 243 80 212 
3	0.0: 604 240 112 1 
3	0.0: 727 256 356 20 
3	0.0: 738 263 292 1 
3	0.0: 647 245 275 1 
3	0.0: 809 258 150 1 
3	0.0: 761 288 365 1 
3	0.0: 905 312 355 18 
3	0.0: 508 308 304 6 
3	0.0: 741 273 142 169 
3	0.0: 903 247 393 292 
3	0.0: 725 252 109 34 
3	0.0: 637 283 134 1 
3	0.0: 565 271 480 115 
3	0.0: 879 380 304 169 
3	0.0: 713 278 238 150 
3	0.0: 768 312 209 260 
3	0.0: 1068 355 385 112 
3	0.0: 681 293 269 95 
3	0.0: 848 374 375 151 
3	0.0: 857 182 209 188 
3	0.0: 876 314 1 1 
3	0.0: 865 330 290 104 
3	0.0: 793 254 177 7 
3	0.0: 640 284 400 1 
3	0.0: 844 290 297 166 
3	0.0: 879 247 82 45 
3	0.0: 859 293 375 1 
3	0.0: 1139 301 324 77 
3	0.0: 589 232 330 73 
3	0.0: 573 299 376 1 
3	0.0: 1062 360 296 80 
3	0.0: 626 233 147 43 
3	0.0: 759 241 178 193 
3	0.0: 1087 232 191 1 
3	0.0: 1070 209 320 1 
3	0.0: 675 197 204 1 
3	0.0: 1144 382 164 156 
3	0.0: 438 235 282 1 
3	0.0: 741 318 89 28 
3	0.0: 768 267 225 1 
3	0.0: 699 251 328 34 
3	0.0: 970 345 323 1 
3	0.0: 620 294 146 165 
3	0.0: 1172 211 423 74 
3	0.0: 669 292 156 146 
3	0.0: 1038 211 130 113 
3	0.0: 662 309 34 160 
3	0.0: 641 226 377 159 
3	0.0: 922 246 488 50 
3	0.0: 549 299 401 78 
3	0.0: 664 208 373 159 
3	0.0: 1012 171 443 81 
3	0.0: 660 247 80 1 
3	0.0: 676 311 435 119 
3	0.0: 756 208 119 1 
3	0.0: 634 169 52 94 
3	0.0: 671 346 261 1 
3	0.0: 706 183 130 1 
3	0.0: 189 291 305 1 
3	0.0: 878 264 370 160 
3	0.0: 869 126 267 37 
3	0.0: 520 312 205 1 
3	0.0: 236 254 195 311 
3	0.0: 746 237 25 1 
3	0.0: 758 293 284 14 
3	0.0: 623 397 233 86 
3	0.0: 728 304 125 1 
3	0.0: 561 312 1 6 
