6	0.0: 829 194 574 779 
6	0.0: 886 179 879 770 
6	0.0: 843 207 389 752 
6	0.0: 830 189 721 759 
6	0.0: 827 218 399 750 
6	0.0: 852 181 826 779 
6	0.0: 798 163 698 763 
6	0.0: 821 181 540 762 
6	0.0: 826 179 463 740 
6	0.0: 818 173 579 751 
6	0.0: 861 198 696 749 
6	0.0: 860 210 792 769 
6	0.0: 869 187 607 758 
6	0.0: 851 210 718 766 
6	0.0: 828 211 660 754 
6	0.0: 852 194 853 730 
6	0.0: 865 179 634 768 
6	0.0: 863 167 676 767 
6	0.0: 851 180 454 733 
6	0.0: 836 165 402 776 
6	0.0: 840 209 1104 761 
6	0.0: 816 190 796 777 
6	0.0: 848 189 573 763 
6	0.0: 817 182 650 753 
6	0.0: 842 185 677 747 
4	0.0: 851 180 336 749 
6	0.0: 873 183 699 762 
6	0.0: 828 210 748 761 
4	0.0: 840 226 367 796 
6	0.0: 836 207 394 768 
6	0.0: 845 178 840 766 
6	0.0: 821 176 405 770 
6	0.0: 828 201 705 753 
6	0.0: 800 223 486 762 
6	0.0: 804 194 749 745 
6	0.0: 803 175 716 742 
6	0.0: 840 172 802 759 
6	0.0: 854 180 782 788 
6	0.0: 874 164 821 766 
6	0.0: 825 201 543 781 
6	0.0: 803 214 948 774 
4	0.0: 845 183 345 729 
6	0.0: 822 165 420 760 
6	0.0: 846 199 992 755 
6	0.0: 802 188 421 756 
6	0.0: 868 201 577 753 
6	0.0: 825 224 468 744 
6	0.0: 817 171 445 752 
4	0.0: 860 181 284 744 
4	0.0: 817 185 271 792 
6	0.0: 842 187 803 765 
6	0.0: 856 141 881 775 
6	0.0: 823 235 642 770 
6	0.0: 828 224 567 791 
6	0.0: 813 205 818 745 
6	0.0: 822 183 879 757 
6	0.0: 779 200 657 771 
4	0.0: 835 198 321 757 
6	0.0: 848 191 815 765 
6	0.0: 818 186 921 759 
6	0.0: 811 195 534 758 
6	0.0: 857 170 643 733 
6	0.0: 865 214 631 739 
6	0.0: 829 181 745 779 
6	0.0: 798 177 596 760 
6	0.0: 848 213 646 766 
6	0.0: 852 179 663 754 
6	0.0: 823 199 1012 751 
6	0.0: 832 216 459 790 
6	0.0: 808 176 671 772 
6	0.0: 846 215 606 757 
6	0.0: 869 202 515 743 
6	0.0: 827 192 630 758 
6	0.0: 892 235 666 781 
6	0.0: 846 160 615 772 
6	0.0: 825 193 592 743 
6	0.0: 862 179 451 751 
6	0.0: 799 220 769 785 
6	0.0: 845 215 864 771 
6	0.0: 844 199 593 778 
6	0.0: 834 175 435 758 
6	0.0: 848 191 750 735 
6	0.0: 831 218 581 789 
6	0.0: 876 172 1143 766 
6	0.0: 793 155 681 753 
6	0.0: 849 178 736 768 
6	0.0: 836 230 666 770 
6	0.0: 847 199 634 780 
6	0.0: 828 188 653 766 
6	0.0: 836 184 641 772 
4	0.0: 823 199 270 731 
4	0.0: 847 184 356 748 
6	0.0: 823 238 609 784 
6	0.0: 823 196 777 761 
6	0.0: 845 165 774 749 
6	0.0: 822 178 637 753 
6	0.0: 827 174 674 757 
6	0.0: 879 169 411 762 
6	0.0: 787 214 805 758 
6	0.0: 852 211 612 749 
6	0.0: 841 220 593 762 
4	0.0: 829 151 334 769 
6	0.0: 831 193 650 739 
6	0.0: 815 196 667 757 
6	0.0: 821 189 1157 791 
6	0.0: 881 213 437 755 
6	0.0: 834 192 661 768 
6	0.0: 846 206 593 762 
4	0.0: 845 185 253 768 
6	0.0: 837 210 685 783 
6	0.0: 842 184 538 770 
6	0.0: 787 197 462 739 
6	0.0: 841 187 394 757 
6	0.0: 830 188 531 753 
6	0.0: 812 195 582 756 
6	0.0: 804 208 768 744 
6	0.0: 830 203 747 764 
6	0.0: 817 188 890 764 
6	0.0: 873 179 574 756 
6	0.0: 848 209 699 788 
6	0.0: 831 192 624 756 
6	0.0: 815 207 660 751 
6	0.0: 778 202 544 742 
6	0.0: 829 176 880 757 
4	0.0: 847 177 126 765 
6	0.0: 818 223 917 738 
6	0.0: 859 194 746 745 
6	0.0: 842 168 442 758 
6	0.0: 827 193 498 759 
6	0.0: 856 179 707 742 
6	0.0: 781 195 526 751 
6	0.0: 898 183 484 782 
6	0.0: 827 146 600 766 
6	0.0: 848 164 413 752 
6	0.0: 827 166 860 760 
6	0.0: 869 201 534 746 
6	0.0: 875 193 426 763 
6	0.0: 808 207 467 751 
6	0.0: 823 182 435 750 
6	0.0: 825 175 674 753 
6	0.0: 808 199 880 758 
6	0.0: 873 193 905 757 
6	0.0: 830 183 484 775 
6	0.0: 827 200 395 749 
6	0.0: 819 192 510 768 
6	0.0: 879 225 820 738 
6	0.0: 813 194 643 765 
6	0.0: 829 222 829 747 
6	0.0: 836 203 580 752 
6	0.0: 843 177 861 761 
6	0.0: 854 235 612 754 
6	0.0: 818 204 678 754 
6	0.0: 815 223 608 755 
6	0.0: 860 201 479 761 
6	0.0: 818 181 448 786 
6	0.0: 812 194 521 764 
6	0.0: 833 187 566 780 
4	0.0: 846 174 199 764 
6	0.0: 865 210 824 744 
6	0.0: 841 187 863 746 
6	0.0: 831 176 787 745 
6	0.0: 833 229 808 764 
6	0.0: 827 199 473 750 
4	0.0: 823 158 260 748 
6	0.0: 845 185 1008 784 
6	0.0: 821 170 462 769 
6	0.0: 809 155 502 763 
6	0.0: 846 175 620 777 
6	0.0: 817 171 421 758 
6	0.0: 823 189 705 787 
4	0.0: 881 222 292 757 
6	0.0: 855 221 840 749 
6	0.0: 859 220 1100 751 
6	0.0: 852 197 814 764 
6	0.0: 846 197 843 760 
4	0.0: 875 186 354 740 
6	0.0: 839 229 602 773 
6	0.0: 836 215 1179 771 
6	0.0: 893 188 505 781 
6	0.0: 849 213 405 761 
6	0.0: 876 162 1074 772 
6	0.0: 831 194 567 765 
6	0.0: 842 221 439 733 
6	0.0: 837 197 689 748 
6	0.0: 842 158 707 745 
6	0.0: 827 227 649 774 
6	0.0: 863 198 658 747 
6	0.0: 819 203 963 751 
6	0.0: 810 228 700 755 
6	0.0: 813 201 664 767 
6	0.0: 786 196 501 746 
6	0.0: 790 177 423 752 
6	0.0: 806 173 738 769 
6	0.0: 855 207 551 777 
6	0.0: 840 226 606 759 
6	0.0: 813 212 640 772 
6	0.0: 821 192 559 754 
4	0.0: 829 218 242 766 
6	0.0: 813 204 804 756 
6	0.0: 835 211 557 749 
6	0.0: 835 177 757 764 
6	0.0: 837 199 598 762 
6	0.0: 825 193 577 753 
4	0.0: 875 228 328 768 
6	0.0: 865 168 842 740 
6	0.0: 826 180 477 755 
6	0.0: 840 179 838 754 
6	0.0: 827 227 569 772 
6	0.0: 793 219 532 765 
6	0.0: 829 192 524 762 
4	0.0: 856 213 368 754 
6	0.0: 798 194 388 759 
4	0.0: 793 195 349 745 
6	0.0: 864 173 912 756 
6	0.0: 846 199 590 757 
4	0.0: 811 218 362 765 
6	0.0: 852 179 753 754 
6	0.0: 841 180 648 739 
6	0.0: 820 186 614 743 
6	0.0: 846 180 639 741 
6	0.0: 838 208 622 760 
6	0.0: 896 178 672 760 
6	0.0: 837 183 859 771 
6	0.0: 824 182 851 745 
6	0.0: 842 180 1096 742 
6	0.0: 827 185 509 746 
6	0.0: 853 181 690 743 
6	0.0: 804 164 435 755 
6	0.0: 836 202 612 787 
6	0.0: 855 191 945 749 
6	0.0: 823 190 643 763 
6	0.0: 798 148 666 745 
6	0.0: 837 210 572 768 
6	0.0: 824 170 965 769 
6	0.0: 839 171 835 766 
6	0.0: 836 186 724 730 
6	0.0: 845 188 386 752 
6	0.0: 829 202 722 777 
6	0.0: 880 162 938 752 
6	0.0: 823 191 462 784 
6	0.0: 836 186 946 742 
6	0.0: 862 221 568 761 
6	0.0: 833 186 671 766 
6	0.0: 845 197 580 758 
6	0.0: 780 196 763 771 
6	0.0: 857 174 644 743 
6	0.0: 818 200 432 748 
6	0.0: 832 222 618 758 
6	0.0: 791 184 738 776 
6	0.0: 837 197 553 773 
