1	0.0: 792 896 966 669 
1	0.0: 657 593 928 588 
1	0.0: 1045 942 928 527 
1	0.0: 682 1182 921 590 
1	0.0: 1048 815 935 478 
1	0.0: 955 746 941 559 
1	0.0: 1052 926 825 507 
1	0.0: 843 948 934 511 
1	0.0: 898 1180 927 552 
1	0.0: 919 1132 933 445 
1	0.0: 868 913 845 518 
1	0.0: 675 1192 908 485 
1	0.0: 890 633 940 493 
1	0.0: 775 856 934 502 
1	0.0: 946 872 911 501 
1	0.0: 1038 1131 897 653 
1	0.0: 835 772 948 597 
1	0.0: 692 980 876 537 
1	0.0: 1235 1012 938 496 
1	0.0: 880 1002 940 535 
1	0.0: 1099 730 962 501 
7	0.0: 581 724 942 522 
1	0.0: 849 947 931 526 
1	0.0: 975 915 892 512 
1	0.0: 907 987 924 537 
1	0.0: 609 721 909 596 
1	0.0: 1102 954 889 476 
1	0.0: 750 1135 951 598 
1	0.0: 697 1029 897 612 
1	0.0: 1005 1111 938 569 
1	0.0: 763 913 897 478 
1	0.0: 761 940 955 574 
1	0.0: 858 1051 919 516 
1	0.0: 775 929 992 523 
1	0.0: 765 924 921 582 
1	0.0: 756 896 924 489 
1	0.0: 924 828 892 466 
7	0.0: 422 690 886 600 
1	0.0: 837 932 942 550 
1	0.0: 619 645 935 561 
1	0.0: 1002 916 890 431 
1	0.0: 883 857 953 499 
1	0.0: 956 645 900 580 
1	0.0: 714 1015 929 522 
1	0.0: 807 1017 913 639 
7	0.0: 579 804 922 541 
7	0.0: 611 502 966 566 
1	0.0: 835 760 861 512 
1	0.0: 844 868 911 502 
1	0.0: 900 706 969 511 
1	0.0: 857 857 939 402 
1	0.0: 1163 945 936 468 
1	0.0: 648 908 915 469 
1	0.0: 684 833 956 601 
7	0.0: 612 707 887 551 
1	0.0: 682 1063 931 497 
1	0.0: 684 985 914 490 
1	0.0: 676 896 1024 504 
1	0.0: 739 962 929 620 
1	0.0: 787 905 963 533 
7	0.0: 533 947 852 477 
7	0.0: 528 631 926 584 
7	0.0: 609 882 939 478 
1	0.0: 734 943 928 465 
1	0.0: 695 1062 879 544 
1	0.0: 785 1079 972 597 
1	0.0: 1243 967 843 588 
1	0.0: 971 1098 949 561 
1	0.0: 864 1029 920 427 
7	0.0: 480 712 868 499 
1	0.0: 702 1003 853 575 
1	0.0: 781 1056 911 523 
1	0.0: 740 1141 922 529 
1	0.0: 1062 802 1000 576 
1	0.0: 685 1337 943 576 
1	0.0: 844 982 958 546 
7	0.0: 436 787 909 587 
1	0.0: 576 1259 933 553 
1	0.0: 1255 660 863 434 
1	0.0: 816 899 912 527 
1	0.0: 933 866 885 545 
1	0.0: 1062 1110 915 641 
7	0.0: 579 821 881 578 
7	0.0: 334 857 959 542 
1	0.0: 1182 981 931 475 
1	0.0: 854 1169 960 489 
1	0.0: 761 692 887 573 
1	0.0: 706 1032 946 526 
1	0.0: 748 792 910 636 
1	0.0: 882 775 913 595 
1	0.0: 891 1106 934 601 
1	0.0: 971 845 924 502 
1	0.0: 904 1024 918 517 
1	0.0: 695 1131 975 550 
1	0.0: 921 890 888 617 
1	0.0: 776 1192 878 476 
1	0.0: 840 1261 961 396 
1	0.0: 1060 1226 927 615 
1	0.0: 938 1138 963 588 
1	0.0: 979 794 890 456 
1	0.0: 689 771 900 476 
1	0.0: 788 831 899 508 
1	0.0: 741 861 930 579 
1	0.0: 795 1084 924 593 
1	0.0: 911 1218 916 508 
1	0.0: 1165 686 959 451 
1	0.0: 806 935 907 591 
1	0.0: 1053 697 961 560 
1	0.0: 980 758 945 547 
1	0.0: 927 733 943 519 
1	0.0: 693 1223 901 656 
7	0.0: 500 781 939 601 
1	0.0: 791 848 924 506 
1	0.0: 831 1188 938 469 
7	0.0: 516 1222 896 555 
1	0.0: 754 772 900 526 
1	0.0: 726 754 900 589 
1	0.0: 746 800 924 576 
1	0.0: 649 1155 918 526 
7	0.0: 532 971 917 583 
1	0.0: 1174 891 923 578 
1	0.0: 1005 846 921 567 
1	0.0: 1150 1021 906 537 
1	0.0: 927 685 950 564 
1	0.0: 1140 1109 948 540 
1	0.0: 913 1130 948 522 
1	0.0: 848 1088 921 518 
7	0.0: 453 965 995 510 
1	0.0: 761 686 869 553 
1	0.0: 831 986 967 634 
1	0.0: 918 1140 900 558 
1	0.0: 1029 1041 999 568 
7	0.0: 505 977 932 568 
1	0.0: 1008 1241 906 609 
7	0.0: 674 535 962 441 
7	0.0: 576 656 975 590 
6	0.0: 1063 356 961 496 
1	0.0: 1088 950 943 516 
1	0.0: 929 1162 920 490 
1	0.0: 890 1023 894 538 
1	0.0: 797 939 962 587 
1	0.0: 810 619 873 444 
1	0.0: 639 964 964 467 
1	0.0: 1142 1029 923 623 
1	0.0: 873 849 894 545 
1	0.0: 809 883 930 535 
1	0.0: 899 976 962 477 
1	0.0: 988 746 941 603 
1	0.0: 660 1014 861 593 
1	0.0: 692 1015 928 539 
1	0.0: 654 873 913 470 
1	0.0: 591 829 948 698 
1	0.0: 793 923 921 483 
1	0.0: 967 889 910 582 
1	0.0: 940 951 900 531 
1	0.0: 942 931 935 600 
7	0.0: 491 919 865 609 
1	0.0: 800 1188 901 586 
7	0.0: 593 919 892 476 
1	0.0: 869 948 935 659 
1	0.0: 682 838 965 494 
1	0.0: 716 1348 946 580 
1	0.0: 978 931 887 581 
1	0.0: 767 1204 920 573 
1	0.0: 949 620 968 601 
1	0.0: 890 834 880 465 
5	0.0: 581 572 887 692 
1	0.0: 784 1098 909 446 
1	0.0: 685 1142 946 627 
1	0.0: 940 980 886 587 
1	0.0: 739 787 845 491 
1	0.0: 815 982 901 498 
1	0.0: 804 824 911 583 
1	0.0: 844 915 957 571 
1	0.0: 717 737 996 481 
1	0.0: 858 1110 953 663 
1	0.0: 830 981 879 573 
1	0.0: 931 1036 886 528 
1	0.0: 858 789 908 588 
7	0.0: 396 873 963 523 
1	0.0: 1067 947 934 557 
1	0.0: 599 904 888 534 
7	0.0: 428 922 927 528 
1	0.0: 615 1077 869 502 
1	0.0: 655 817 863 552 
1	0.0: 926 973 904 556 
1	0.0: 858 713 880 573 
1	0.0: 1076 1001 895 494 
1	0.0: 827 906 937 507 
1	0.0: 1062 569 928 554 
1	0.0: 872 907 943 566 
1	0.0: 590 968 947 516 
7	0.0: 597 735 871 545 
1	0.0: 761 925 951 476 
1	0.0: 720 1093 906 573 
1	0.0: 715 1105 926 505 
1	0.0: 969 1151 920 486 
1	0.0: 1065 999 881 549 
1	0.0: 845 927 896 579 
1	0.0: 1016 992 943 531 
1	0.0: 857 738 939 543 
1	0.0: 1037 619 940 512 
1	0.0: 735 773 929 488 
7	0.0: 556 772 881 498 
1	0.0: 943 865 940 549 
1	0.0: 822 1139 909 611 
7	0.0: 515 1000 921 640 
1	0.0: 876 809 927 553 
7	0.0: 271 902 957 459 
1	0.0: 981 728 898 673 
1	0.0: 806 1109 935 523 
1	0.0: 689 841 883 669 
1	0.0: 651 784 968 651 
1	0.0: 1328 880 931 437 
7	0.0: 498 911 918 404 
1	0.0: 940 930 927 552 
7	0.0: 595 833 898 559 
6	0.0: 626 407 945 506 
1	0.0: 915 949 935 459 
1	0.0: 1133 779 983 542 
1	0.0: 726 769 932 525 
7	0.0: 553 796 913 578 
1	0.0: 897 650 874 542 
1	0.0: 891 792 947 505 
7	0.0: 649 773 946 418 
1	0.0: 1140 955 900 426 
1	0.0: 626 767 918 548 
1	0.0: 1162 861 920 579 
1	0.0: 737 1055 912 439 
1	0.0: 971 772 869 629 
1	0.0: 688 783 894 607 
1	0.0: 779 869 893 602 
1	0.0: 858 1212 904 467 
1	0.0: 754 1208 957 453 
1	0.0: 837 1179 916 515 
7	0.0: 438 721 900 541 
1	0.0: 789 809 852 566 
1	0.0: 793 926 951 505 
1	0.0: 842 844 863 641 
1	0.0: 795 976 899 632 
1	0.0: 1090 636 884 532 
7	0.0: 523 558 943 515 
7	0.0: 591 714 913 452 
1	0.0: 1148 950 959 537 
1	0.0: 866 759 976 556 
1	0.0: 836 749 972 606 
1	0.0: 870 1245 900 574 
7	0.0: 527 1003 910 511 
1	0.0: 878 899 942 627 
1	0.0: 683 985 844 674 
