3	0.0: 1 519 150 699 
3	0.0: 200 511 406 1046 
3	0.0: 57 523 309 968 
3	0.0: 1 513 80 755 
3	0.0: 143 529 269 778 
3	0.0: 204 521 170 1018 
3	0.0: 1 521 556 942 
3	0.0: 79 530 357 831 
3	0.0: 4 508 317 771 
3	0.0: 77 511 472 801 
3	0.0: 144 520 323 552 
3	0.0: 1 530 486 908 
3	0.0: 175 525 512 777 
3	0.0: 1 528 400 660 
3	0.0: 1 524 336 921 
3	0.0: 1 526 325 950 
3	0.0: 1 520 521 725 
3	0.0: 133 518 241 825 
3	0.0: 1 517 191 721 
3	0.0: 39 501 386 850 
3	0.0: 195 525 438 959 
3	0.0: 179 516 235 731 
3	0.0: 1 511 461 784 
3	0.0: 207 513 218 673 
3	0.0: 392 528 224 678 
3	0.0: 121 508 394 429 
3	0.0: 330 513 258 914 
3	0.0: 138 514 192 756 
3	0.0: 1 526 328 871 
3	0.0: 1 528 203 1065 
3	0.0: 101 509 324 750 
3	0.0: 1 513 308 623 
3	0.0: 135 525 364 986 
3	0.0: 1 521 313 748 
3	0.0: 77 523 311 533 
3	0.0: 225 514 315 653 
3	0.0: 1 533 305 904 
3	0.0: 176 510 412 514 
3	0.0: 1 507 192 1087 
3	0.0: 322 525 242 931 
3	0.0: 111 527 498 657 
3	0.0: 24 525 367 708 
3	0.0: 44 527 243 945 
3	0.0: 1 509 326 705 
3	0.0: 1 526 266 813 
3	0.0: 12 517 247 546 
3	0.0: 1 521 345 939 
3	0.0: 1 504 222 877 
3	0.0: 1 526 269 736 
3	0.0: 223 522 212 863 
3	0.0: 1 528 376 755 
3	0.0: 1 513 263 863 
3	0.0: 1 501 315 772 
3	0.0: 18 516 84 835 
3	0.0: 245 525 458 849 
3	0.0: 1 519 460 678 
3	0.0: 70 519 535 901 
3	0.0: 25 519 384 974 
3	0.0: 187 509 364 817 
3	0.0: 1 537 384 897 
3	0.0: 126 521 198 824 
3	0.0: 227 522 397 865 
3	0.0: 57 515 365 784 
3	0.0: 40 509 358 766 
3	0.0: 17 519 400 1031 
3	0.0: 67 522 308 907 
3	0.0: 1 516 254 666 
3	0.0: 32 521 247 732 
3	0.0: 12 511 309 639 
3	0.0: 20 509 428 844 
3	0.0: 151 532 217 818 
3	0.0: 1 525 226 806 
3	0.0: 1 529 350 899 
2	0.0: 440 524 235 768 
3	0.0: 46 522 363 725 
3	0.0: 1 526 246 909 
3	0.0: 1 514 271 559 
3	0.0: 1 518 287 511 
2	0.0: 400 508 581 1061 
3	0.0: 255 532 446 1048 
3	0.0: 1 522 1 875 
3	0.0: 235 518 334 882 
3	0.0: 1 512 380 806 
3	0.0: 134 520 358 939 
3	0.0: 1 529 324 1006 
3	0.0: 1 515 272 573 
3	0.0: 1 521 291 1080 
3	0.0: 20 516 503 921 
3	0.0: 84 516 329 812 
3	0.0: 1 519 74 710 
3	0.0: 1 535 295 1092 
3	0.0: 27 527 543 873 
3	0.0: 31 523 295 863 
3	0.0: 1 517 306 791 
3	0.0: 1 512 360 639 
3	0.0: 157 519 473 813 
3	0.0: 1 520 437 834 
3	0.0: 1 505 146 829 
3	0.0: 209 529 459 896 
3	0.0: 1 514 319 886 
3	0.0: 7 525 60 831 
3	0.0: 1 516 480 599 
3	0.0: 1 528 302 787 
3	0.0: 1 522 209 971 
3	0.0: 217 505 358 768 
3	0.0: 1 524 266 1067 
3	0.0: 189 508 177 726 
3	0.0: 1 532 356 779 
3	0.0: 1 518 295 796 
3	0.0: 1 524 407 695 
3	0.0: 28 534 270 764 
3	0.0: 115 510 363 685 
3	0.0: 1 523 109 737 
3	0.0: 1 521 325 620 
3	0.0: 1 525 249 1011 
3	0.0: 1 511 524 955 
3	0.0: 1 531 403 624 
3	0.0: 101 510 76 864 
3	0.0: 1 528 308 778 
3	0.0: 1 518 265 634 
3	0.0: 1 523 337 677 
3	0.0: 1 521 495 1134 
3	0.0: 1 505 284 889 
3	0.0: 34 528 432 648 
3	0.0: 76 514 217 841 
3	0.0: 20 498 354 837 
3	0.0: 1 509 426 869 
3	0.0: 255 517 223 801 
3	0.0: 85 525 535 1128 
3	0.0: 131 514 434 820 
3	0.0: 226 507 241 700 
3	0.0: 1 521 535 764 
3	0.0: 1 502 372 1036 
3	0.0: 62 529 237 845 
3	0.0: 1 522 529 645 
3	0.0: 90 513 541 787 
3	0.0: 1 525 299 885 
3	0.0: 159 524 530 836 
3	0.0: 1 525 493 837 
3	0.0: 26 512 209 617 
3	0.0: 1 520 389 694 
3	0.0: 1 512 314 791 
3	0.0: 1 521 219 880 
3	0.0: 154 509 167 966 
3	0.0: 1 525 406 945 
3	0.0: 1 514 223 902 
3	0.0: 1 513 275 764 
3	0.0: 103 516 502 753 
3	0.0: 1 513 488 974 
3	0.0: 1 521 482 842 
3	0.0: 1 510 389 761 
3	0.0: 1 504 225 970 
3	0.0: 21 520 4 859 
3	0.0: 1 511 244 1003 
3	0.0: 1 516 316 757 
3	0.0: 53 513 304 876 
3	0.0: 28 514 200 822 
3	0.0: 66 531 136 779 
3	0.0: 1 514 471 824 
3	0.0: 1 521 222 719 
3	0.0: 187 511 365 944 
3	0.0: 1 526 485 835 
3	0.0: 1 506 325 918 
3	0.0: 104 545 347 726 
3	0.0: 1 506 282 908 
3	0.0: 1 526 327 850 
3	0.0: 1 513 387 1032 
3	0.0: 1 528 50 745 
3	0.0: 18 525 212 753 
3	0.0: 234 517 361 705 
3	0.0: 252 523 244 1010 
3	0.0: 1 521 259 895 
3	0.0: 123 511 23 700 
3	0.0: 1 526 338 775 
3	0.0: 198 523 247 906 
3	0.0: 101 510 311 1260 
3	0.0: 166 527 380 665 
3	0.0: 1 535 217 883 
3	0.0: 148 520 287 760 
3	0.0: 1 501 313 843 
3	0.0: 1 530 356 939 
3	0.0: 182 507 257 929 
3	0.0: 1 528 262 807 
3	0.0: 9 524 178 784 
3	0.0: 1 532 203 843 
3	0.0: 1 510 332 701 
3	0.0: 88 517 414 660 
3	0.0: 1 519 102 880 
3	0.0: 1 522 272 898 
3	0.0: 142 519 657 948 
3	0.0: 1 519 383 744 
3	0.0: 1 514 383 787 
3	0.0: 1 531 420 794 
3	0.0: 1 520 333 674 
3	0.0: 1 510 402 755 
3	0.0: 1 517 186 864 
3	0.0: 1 516 192 666 
3	0.0: 1 511 475 831 
3	0.0: 1 528 192 825 
3	0.0: 1 520 217 774 
3	0.0: 1 516 416 811 
3	0.0: 24 519 112 868 
3	0.0: 1 491 355 764 
3	0.0: 1 511 285 814 
3	0.0: 1 518 128 723 
3	0.0: 1 510 178 796 
3	0.0: 1 508 451 704 
3	0.0: 167 528 153 954 
3	0.0: 119 531 65 1032 
3	0.0: 1 515 181 667 
3	0.0: 1 518 274 797 
3	0.0: 12 527 470 1066 
3	0.0: 1 504 297 805 
3	0.0: 1 510 271 842 
3	0.0: 10 523 315 894 
3	0.0: 62 523 146 857 
3	0.0: 70 526 177 964 
3	0.0: 1 517 268 732 
3	0.0: 1 517 158 643 
3	0.0: 92 513 401 732 
3	0.0: 1 543 139 582 
3	0.0: 47 526 134 944 
3	0.0: 1 507 179 836 
3	0.0: 165 518 349 763 
3	0.0: 1 513 416 735 
3	0.0: 1 530 376 738 
3	0.0: 38 514 224 823 
3	0.0: 1 512 402 739 
3	0.0: 1 503 372 940 
3	0.0: 255 520 405 845 
3	0.0: 200 521 247 754 
3	0.0: 1 509 128 795 
3	0.0: 1 514 319 761 
3	0.0: 87 511 395 820 
3	0.0: 1 530 1 904 
3	0.0: 1 530 274 610 
3	0.0: 19 530 258 598 
3	0.0: 1 525 422 1024 
3	0.0: 100 517 426 782 
3	0.0: 40 525 434 830 
3	0.0: 1 521 595 968 
3	0.0: 1 513 434 907 
3	0.0: 10 510 251 816 
3	0.0: 1 524 227 782 
3	0.0: 1 518 144 894 
3	0.0: 351 525 132 808 
3	0.0: 224 513 253 851 
3	0.0: 1 515 18 717 
3	0.0: 310 528 206 1160 
3	0.0: 1 502 254 946 
