3	0.0: 1 510 304 689 
3	0.0: 1 517 120 925 
3	0.0: 8 512 459 1125 
3	0.0: 6 533 393 1001 
3	0.0: 36 518 326 958 
3	0.0: 216 526 379 971 
3	0.0: 1 507 299 958 
3	0.0: 93 520 247 819 
3	0.0: 299 519 160 922 
3	0.0: 1 524 252 888 
3	0.0: 19 522 432 532 
3	0.0: 191 543 421 999 
3	0.0: 258 525 221 887 
3	0.0: 1 518 462 887 
3	0.0: 1 508 395 1065 
3	0.0: 1 522 71 873 
3	0.0: 38 518 145 968 
3	0.0: 1 519 220 826 
3	0.0: 1 522 368 950 
3	0.0: 1 520 224 782 
3	0.0: 3 516 449 800 
3	0.0: 43 518 324 803 
3	0.0: 136 508 482 940 
3	0.0: 64 526 320 840 
3	0.0: 35 532 287 936 
3	0.0: 1 528 377 756 
3	0.0: 1 511 415 798 
3	0.0: 1 517 463 876 
3	0.0: 1 519 332 1162 
3	0.0: 1 513 367 593 
3	0.0: 1 509 486 843 
3	0.0: 1 533 304 835 
3	0.0: 1 502 349 901 
3	0.0: 29 536 512 929 
3	0.0: 1 514 556 710 
3	0.0: 1 529 219 1013 
3	0.0: 250 515 362 837 
3	0.0: 160 515 122 887 
3	0.0: 1 513 245 879 
3	0.0: 1 532 366 1010 
3	0.0: 123 518 326 812 
3	0.0: 1 503 416 890 
3	0.0: 1 524 214 932 
3	0.0: 106 523 313 936 
3	0.0: 1 504 201 944 
3	0.0: 79 525 301 639 
3	0.0: 1 532 272 992 
3	0.0: 1 524 230 847 
3	0.0: 214 535 141 822 
3	0.0: 248 513 251 385 
3	0.0: 1 514 308 730 
3	0.0: 39 515 480 828 
3	0.0: 135 516 357 822 
3	0.0: 9 540 167 928 
3	0.0: 182 529 40 818 
3	0.0: 110 520 265 735 
3	0.0: 242 529 322 1028 
3	0.0: 1 528 428 912 
3	0.0: 1 514 365 1009 
3	0.0: 300 501 360 903 
3	0.0: 1 502 352 773 
3	0.0: 1 524 249 841 
3	0.0: 58 519 232 615 
3	0.0: 1 507 355 842 
3	0.0: 163 534 525 507 
3	0.0: 3 525 456 790 
3	0.0: 45 521 275 890 
3	0.0: 1 521 389 996 
3	0.0: 308 526 339 884 
3	0.0: 61 488 286 692 
3	0.0: 59 508 145 925 
3	0.0: 1 521 173 894 
3	0.0: 7 518 146 835 
3	0.0: 1 521 315 533 
3	0.0: 1 522 444 933 
3	0.0: 1 521 391 786 
3	0.0: 208 529 213 927 
3	0.0: 190 528 326 659 
3	0.0: 1 527 90 743 
3	0.0: 1 527 346 818 
3	0.0: 102 523 116 593 
3	0.0: 157 511 399 919 
3	0.0: 1 516 216 732 
3	0.0: 232 508 375 933 
3	0.0: 34 518 360 801 
3	0.0: 25 518 332 970 
3	0.0: 167 534 426 849 
3	0.0: 1 516 268 884 
3	0.0: 26 521 390 852 
3	0.0: 1 530 421 766 
3	0.0: 1 529 374 988 
3	0.0: 54 516 203 682 
3	0.0: 1 520 138 897 
3	0.0: 157 513 179 743 
3	0.0: 1 510 190 761 
3	0.0: 46 518 313 901 
3	0.0: 91 524 252 963 
3	0.0: 169 514 140 863 
3	0.0: 191 532 177 646 
3	0.0: 1 517 139 716 
3	0.0: 1 502 493 819 
3	0.0: 155 535 56 655 
3	0.0: 61 517 157 953 
3	0.0: 1 524 181 853 
3	0.0: 1 526 269 926 
3	0.0: 1 525 229 771 
3	0.0: 1 503 497 948 
3	0.0: 79 522 279 992 
3	0.0: 1 516 268 758 
3	0.0: 206 513 361 781 
3	0.0: 1 509 420 873 
3	0.0: 103 532 151 785 
3	0.0: 1 525 388 673 
3	0.0: 1 516 278 806 
3	0.0: 1 507 290 689 
3	0.0: 67 509 235 684 
3	0.0: 1 525 316 969 
3	0.0: 220 514 414 995 
3	0.0: 1 529 519 961 
3	0.0: 1 514 371 968 
3	0.0: 1 523 87 821 
3	0.0: 1 522 242 703 
3	0.0: 3 512 132 965 
3	0.0: 100 524 301 778 
3	0.0: 244 499 317 736 
3	0.0: 1 519 203 954 
3	0.0: 96 512 191 727 
3	0.0: 165 521 120 913 
3	0.0: 82 526 474 770 
3	0.0: 55 509 305 828 
3	0.0: 1 515 316 951 
3	0.0: 1 533 254 811 
3	0.0: 355 526 184 608 
3	0.0: 114 526 216 722 
3	0.0: 161 525 313 782 
3	0.0: 1 517 240 742 
3	0.0: 107 515 330 742 
3	0.0: 163 537 382 870 
3	0.0: 1 507 91 961 
3	0.0: 1 530 383 632 
3	0.0: 1 524 148 671 
3	0.0: 27 509 202 733 
3	0.0: 1 514 187 882 
3	0.0: 56 531 351 814 
3	0.0: 162 525 294 618 
3	0.0: 71 521 163 774 
3	0.0: 1 503 261 826 
3	0.0: 59 520 195 803 
3	0.0: 1 527 173 894 
3	0.0: 158 511 450 742 
3	0.0: 58 526 342 904 
3	0.0: 10 502 500 645 
3	0.0: 1 527 326 853 
3	0.0: 117 524 390 1046 
3	0.0: 144 522 427 949 
3	0.0: 129 517 402 1041 
3	0.0: 1 533 378 816 
3	0.0: 1 520 317 701 
3	0.0: 50 517 335 974 
3	0.0: 1 521 385 828 
3	0.0: 1 507 303 991 
3	0.0: 1 510 287 688 
3	0.0: 1 518 480 811 
3	0.0: 143 513 544 906 
3	0.0: 1 499 390 850 
3	0.0: 63 508 305 963 
3	0.0: 70 523 357 1018 
3	0.0: 15 510 425 914 
3	0.0: 7 518 456 674 
3	0.0: 1 515 158 659 
3	0.0: 1 521 139 745 
3	0.0: 1 509 466 732 
3	0.0: 123 523 517 1102 
3	0.0: 14 510 347 1034 
3	0.0: 1 529 201 957 
3	0.0: 1 511 338 1031 
3	0.0: 1 515 400 822 
3	0.0: 1 518 101 906 
3	0.0: 17 519 204 419 
3	0.0: 1 521 396 815 
3	0.0: 66 535 181 662 
2	0.0: 324 517 502 642 
3	0.0: 1 519 341 995 
3	0.0: 1 522 468 905 
3	0.0: 1 519 144 783 
3	0.0: 1 527 150 807 
3	0.0: 3 512 412 702 
3	0.0: 149 518 151 549 
3	0.0: 1 526 155 930 
3	0.0: 33 526 340 785 
3	0.0: 68 521 273 817 
3	0.0: 1 514 523 752 
3	0.0: 95 519 295 656 
3	0.0: 1 527 286 766 
3	0.0: 1 515 588 973 
3	0.0: 1 520 346 822 
3	0.0: 114 532 236 804 
3	0.0: 104 517 139 830 
3	0.0: 1 532 238 804 
3	0.0: 1 518 489 781 
3	0.0: 1 539 224 833 
3	0.0: 121 509 190 915 
3	0.0: 1 510 264 838 
3	0.0: 101 520 148 688 
3	0.0: 284 505 134 787 
3	0.0: 1 518 498 639 
3	0.0: 1 524 291 790 
3	0.0: 1 526 303 899 
3	0.0: 46 495 491 1065 
3	0.0: 10 510 315 1156 
3	0.0: 172 533 1 868 
3	0.0: 192 521 152 744 
3	0.0: 280 509 486 730 
3	0.0: 1 510 232 1069 
3	0.0: 1 521 395 1221 
3	0.0: 1 523 522 906 
3	0.0: 1 502 291 644 
3	0.0: 1 518 196 906 
3	0.0: 32 532 295 933 
3	0.0: 132 523 411 860 
3	0.0: 103 513 244 857 
3	0.0: 1 504 233 793 
3	0.0: 1 512 199 780 
3	0.0: 1 504 207 705 
3	0.0: 1 512 90 880 
3	0.0: 1 516 436 681 
3	0.0: 1 507 227 706 
3	0.0: 11 538 208 995 
3	0.0: 61 512 271 694 
3	0.0: 13 519 412 799 
3	0.0: 1 531 551 755 
3	0.0: 82 510 327 854 
3	0.0: 144 530 219 925 
3	0.0: 16 527 267 854 
3	0.0: 1 508 373 950 
3	0.0: 1 505 425 885 
3	0.0: 255 528 241 835 
3	0.0: 1 518 241 773 
3	0.0: 1 523 429 932 
3	0.0: 1 527 198 693 
3	0.0: 350 518 225 877 
3	0.0: 128 512 340 956 
3	0.0: 39 508 453 1012 
3	0.0: 220 511 238 717 
3	0.0: 1 536 298 785 
3	0.0: 1 505 314 929 
3	0.0: 230 520 308 690 
3	0.0: 82 529 227 911 
3	0.0: 267 508 347 531 
3	0.0: 318 517 492 782 
