3	0.0: 93 1 1 241 
3	0.0: 63 1 219 169 
3	0.0: 1 1 1 279 
2	0.0: 365 142 1 248 
3	0.0: 217 150 1 219 
3	0.0: 75 54 190 205 
3	0.0: 1 1 314 217 
3	0.0: 61 100 44 295 
3	0.0: 1 1 1 249 
3	0.0: 1 1 1 167 
3	0.0: 14 176 1 234 
3	0.0: 1 165 58 261 
3	0.0: 97 33 16 236 
3	0.0: 1 1 1 257 
3	0.0: 1 90 1 214 
3	0.0: 1 96 75 161 
2	0.0: 382 1 1 216 
3	0.0: 250 1 39 166 
3	0.0: 139 27 1 228 
3	0.0: 42 1 408 218 
2	0.0: 426 1 127 221 
3	0.0: 1 1 1 268 
3	0.0: 187 1 1 163 
3	0.0: 1 156 69 255 
3	0.0: 320 113 1 254 
3	0.0: 1 1 1 305 
3	0.0: 140 133 55 325 
3	0.0: 132 1 1 253 
2	0.0: 434 56 129 182 
3	0.0: 290 1 1 217 
2	0.0: 471 82 1 213 
3	0.0: 1 18 1 248 
3	0.0: 58 1 115 272 
3	0.0: 1 107 110 211 
3	0.0: 116 104 155 285 
2	0.0: 417 1 1 275 
3	0.0: 296 1 1 202 
2	0.0: 446 1 1 191 
3	0.0: 1 148 1 276 
3	0.0: 218 1 1 268 
3	0.0: 303 1 1 279 
3	0.0: 44 1 72 266 
3	0.0: 143 121 118 244 
3	0.0: 120 1 1 210 
3	0.0: 1 107 4 257 
3	0.0: 132 144 1 292 
3	0.0: 99 59 1 252 
3	0.0: 1 1 1 189 
3	0.0: 1 1 29 324 
3	0.0: 3 137 1 220 
3	0.0: 48 157 77 147 
3	0.0: 93 1 26 231 
3	0.0: 300 92 1 236 
3	0.0: 97 85 1 231 
3	0.0: 229 206 59 192 
2	0.0: 341 1 1 205 
3	0.0: 1 1 50 291 
3	0.0: 1 4 40 243 
2	0.0: 640 11 1 191 
3	0.0: 1 1 36 190 
3	0.0: 1 186 1 221 
3	0.0: 254 1 164 197 
3	0.0: 37 76 1 263 
3	0.0: 1 219 1 280 
3	0.0: 238 98 1 176 
3	0.0: 1 1 1 191 
3	0.0: 132 98 155 222 
3	0.0: 29 1 39 128 
3	0.0: 1 80 1 341 
3	0.0: 9 233 1 239 
3	0.0: 245 168 276 227 
3	0.0: 87 123 1 187 
3	0.0: 3 149 1 190 
3	0.0: 1 1 151 351 
3	0.0: 83 103 179 259 
3	0.0: 29 89 1 241 
3	0.0: 9 1 1 246 
2	0.0: 508 13 69 184 
3	0.0: 1 71 1 271 
3	0.0: 337 290 1 287 
3	0.0: 1 68 106 236 
3	0.0: 200 1 176 265 
3	0.0: 260 1 208 218 
3	0.0: 1 143 110 283 
3	0.0: 1 1 1 256 
3	0.0: 61 1 103 218 
3	0.0: 42 1 46 210 
3	0.0: 249 1 1 235 
3	0.0: 1 1 32 219 
3	0.0: 58 43 1 227 
3	0.0: 1 1 1 308 
3	0.0: 290 151 1 194 
3	0.0: 52 127 22 257 
2	0.0: 400 1 40 247 
3	0.0: 232 115 1 231 
3	0.0: 52 1 1 210 
2	0.0: 548 69 90 287 
2	0.0: 460 1 31 178 
3	0.0: 172 186 337 230 
3	0.0: 147 52 1 249 
3	0.0: 1 17 1 261 
3	0.0: 97 119 176 270 
2	0.0: 427 1 54 283 
2	0.0: 536 1 126 220 
2	0.0: 513 1 105 190 
3	0.0: 189 96 1 162 
3	0.0: 145 48 105 248 
3	0.0: 1 1 190 183 
3	0.0: 1 1 1 208 
3	0.0: 333 1 1 245 
3	0.0: 245 1 1 307 
3	0.0: 150 72 52 221 
3	0.0: 1 1 1 185 
3	0.0: 1 81 52 188 
3	0.0: 1 69 1 300 
3	0.0: 1 66 84 232 
3	0.0: 292 72 65 168 
3	0.0: 1 1 1 244 
3	0.0: 211 1 1 307 
3	0.0: 50 78 1 213 
3	0.0: 1 8 40 192 
3	0.0: 233 1 4 260 
3	0.0: 93 66 1 257 
3	0.0: 1 142 111 208 
3	0.0: 1 85 161 288 
3	0.0: 1 1 1 251 
3	0.0: 56 78 1 255 
3	0.0: 1 171 1 191 
2	0.0: 497 1 151 225 
3	0.0: 56 1 1 238 
3	0.0: 225 13 1 238 
2	0.0: 374 1 168 247 
3	0.0: 1 67 1 210 
3	0.0: 1 1 1 219 
3	0.0: 121 59 96 243 
3	0.0: 159 75 119 264 
3	0.0: 58 230 95 227 
3	0.0: 231 27 1 247 
3	0.0: 249 173 22 307 
3	0.0: 50 1 1 237 
3	0.0: 1 1 83 267 
3	0.0: 1 1 36 241 
3	0.0: 1 27 1 217 
3	0.0: 182 33 80 256 
3	0.0: 1 1 1 209 
3	0.0: 21 1 1 189 
3	0.0: 58 1 30 288 
3	0.0: 180 1 1 226 
3	0.0: 141 1 1 256 
3	0.0: 239 10 1 257 
3	0.0: 1 106 1 236 
3	0.0: 293 53 1 157 
3	0.0: 224 1 1 243 
2	0.0: 313 1 154 255 
3	0.0: 1 51 41 303 
2	0.0: 337 13 90 173 
3	0.0: 1 11 17 234 
3	0.0: 1 25 18 303 
3	0.0: 1 1 1 223 
3	0.0: 1 5 140 305 
3	0.0: 97 135 36 182 
3	0.0: 171 86 9 275 
3	0.0: 1 1 171 241 
3	0.0: 1 1 171 246 
3	0.0: 56 24 71 289 
3	0.0: 34 69 1 202 
3	0.0: 1 37 2 281 
3	0.0: 276 66 1 244 
3	0.0: 169 1 79 218 
3	0.0: 1 1 1 208 
3	0.0: 9 125 1 252 
3	0.0: 1 96 1 152 
2	0.0: 469 1 32 262 
2	0.0: 451 102 187 248 
3	0.0: 136 1 1 280 
3	0.0: 10 18 1 247 
3	0.0: 213 176 1 247 
3	0.0: 284 1 1 297 
3	0.0: 1 1 158 192 
3	0.0: 1 1 259 238 
3	0.0: 1 1 1 144 
3	0.0: 1 1 55 279 
3	0.0: 240 1 1 210 
3	0.0: 1 1 47 213 
2	0.0: 520 122 1 299 
3	0.0: 43 54 1 278 
3	0.0: 161 110 134 174 
3	0.0: 168 222 130 290 
3	0.0: 106 103 56 164 
3	0.0: 1 13 63 231 
3	0.0: 69 1 1 175 
3	0.0: 1 199 1 292 
3	0.0: 162 1 182 209 
3	0.0: 1 174 62 297 
3	0.0: 258 1 1 193 
3	0.0: 260 30 62 217 
2	0.0: 359 1 64 185 
3	0.0: 276 1 1 184 
3	0.0: 214 35 55 182 
3	0.0: 173 1 1 249 
3	0.0: 1 1 1 218 
3	0.0: 1 1 1 254 
3	0.0: 1 1 238 239 
2	0.0: 326 1 56 186 
3	0.0: 1 1 214 235 
3	0.0: 1 1 1 285 
3	0.0: 113 1 132 204 
3	0.0: 1 45 305 210 
3	0.0: 1 71 1 309 
2	0.0: 360 1 59 201 
3	0.0: 1 206 111 250 
3	0.0: 1 1 1 258 
3	0.0: 154 155 4 279 
3	0.0: 1 67 1 205 
3	0.0: 132 21 1 168 
3	0.0: 222 1 51 277 
3	0.0: 1 283 1 209 
2	0.0: 280 1 347 223 
3	0.0: 265 1 1 263 
3	0.0: 295 110 16 207 
3	0.0: 1 1 212 187 
3	0.0: 108 75 193 266 
3	0.0: 1 53 1 195 
3	0.0: 184 267 23 213 
3	0.0: 1 1 55 180 
3	0.0: 1 237 84 235 
3	0.0: 1 13 1 296 
3	0.0: 73 242 52 239 
2	0.0: 507 1 1 193 
3	0.0: 284 18 1 200 
3	0.0: 326 16 23 305 
3	0.0: 23 78 19 275 
3	0.0: 1 1 63 317 
3	0.0: 99 39 52 309 
3	0.0: 65 130 1 303 
3	0.0: 1 92 1 296 
3	0.0: 218 1 52 168 
3	0.0: 64 1 23 260 
3	0.0: 37 211 96 247 
3	0.0: 91 53 1 168 
3	0.0: 58 1 125 228 
3	0.0: 1 1 9 285 
3	0.0: 54 65 17 245 
3	0.0: 1 159 1 220 
3	0.0: 155 1 1 250 
2	0.0: 351 1 132 256 
3	0.0: 319 195 1 190 
2	0.0: 328 1 162 269 
3	0.0: 1 1 1 276 
3	0.0: 1 88 1 216 
