3	0.0: 159 1 1 258 
3	0.0: 10 1 144 192 
3	0.0: 142 1 1 205 
3	0.0: 1 224 152 284 
3	0.0: 1 1 70 223 
3	0.0: 315 48 118 341 
3	0.0: 1 1 1 308 
3	0.0: 3 1 1 315 
3	0.0: 1 1 213 244 
3	0.0: 258 264 63 265 
3	0.0: 1 79 1 232 
3	0.0: 308 372 79 209 
3	0.0: 1 165 148 269 
2	0.0: 532 1 1 169 
3	0.0: 190 188 109 225 
3	0.0: 5 1 1 267 
3	0.0: 105 1 1 191 
3	0.0: 240 1 79 207 
3	0.0: 1 193 1 259 
3	0.0: 54 1 1 239 
2	0.0: 458 1 85 253 
2	0.0: 401 145 165 240 
3	0.0: 33 1 1 202 
2	0.0: 371 1 1 204 
3	0.0: 110 1 1 272 
3	0.0: 1 1 96 246 
3	0.0: 60 115 75 250 
3	0.0: 66 30 40 252 
3	0.0: 103 1 1 319 
3	0.0: 1 69 75 212 
3	0.0: 66 26 1 218 
3	0.0: 133 1 55 243 
3	0.0: 310 127 94 225 
3	0.0: 1 167 1 217 
3	0.0: 168 107 1 243 
3	0.0: 53 29 97 238 
3	0.0: 1 29 50 213 
3	0.0: 1 1 212 230 
3	0.0: 210 1 1 290 
3	0.0: 1 1 192 196 
3	0.0: 1 1 1 241 
3	0.0: 1 26 1 275 
3	0.0: 270 1 37 208 
3	0.0: 1 1 220 204 
3	0.0: 1 214 1 187 
3	0.0: 260 236 1 281 
3	0.0: 171 1 130 276 
3	0.0: 1 65 1 303 
3	0.0: 54 1 1 200 
3	0.0: 91 1 1 250 
3	0.0: 1 127 83 221 
3	0.0: 1 413 146 274 
3	0.0: 218 1 1 235 
3	0.0: 307 1 1 345 
3	0.0: 191 196 1 235 
3	0.0: 1 73 9 317 
3	0.0: 12 1 1 195 
3	0.0: 1 188 1 264 
3	0.0: 143 1 71 205 
2	0.0: 380 56 1 225 
3	0.0: 111 6 101 304 
3	0.0: 262 165 1 195 
3	0.0: 1 60 184 261 
3	0.0: 49 1 1 218 
3	0.0: 1 24 1 261 
3	0.0: 1 1 8 303 
2	0.0: 461 1 36 198 
3	0.0: 1 1 1 256 
3	0.0: 1 172 102 232 
3	0.0: 234 10 1 286 
3	0.0: 1 1 1 227 
3	0.0: 22 160 144 184 
3	0.0: 1 47 1 260 
3	0.0: 1 1 157 293 
3	0.0: 1 20 292 242 
3	0.0: 295 115 1 224 
3	0.0: 81 325 1 196 
3	0.0: 1 1 190 283 
3	0.0: 214 29 36 258 
3	0.0: 56 1 70 175 
3	0.0: 250 1 47 263 
3	0.0: 315 268 97 301 
3	0.0: 180 1 1 271 
3	0.0: 1 1 1 209 
3	0.0: 1 1 53 243 
3	0.0: 58 94 1 239 
3	0.0: 162 1 169 298 
3	0.0: 1 130 1 214 
3	0.0: 261 35 1 227 
3	0.0: 113 116 1 236 
3	0.0: 150 1 1 272 
2	0.0: 371 1 154 251 
2	0.0: 364 17 104 265 
3	0.0: 5 1 1 198 
3	0.0: 67 192 1 235 
3	0.0: 1 1 1 228 
3	0.0: 48 1 21 211 
3	0.0: 71 60 258 264 
3	0.0: 70 1 1 173 
2	0.0: 409 131 1 276 
3	0.0: 1 71 1 255 
3	0.0: 290 1 1 283 
3	0.0: 62 118 303 211 
3	0.0: 1 308 1 223 
3	0.0: 287 7 1 315 
3	0.0: 123 1 1 209 
3	0.0: 242 71 38 231 
3	0.0: 1 89 1 252 
3	0.0: 11 1 258 328 
3	0.0: 1 108 63 173 
3	0.0: 165 165 133 231 
3	0.0: 230 1 1 209 
3	0.0: 111 29 1 256 
2	0.0: 303 1 271 263 
3	0.0: 1 1 1 263 
2	0.0: 325 1 143 250 
2	0.0: 747 86 418 242 
3	0.0: 228 19 6 204 
3	0.0: 138 1 1 268 
3	0.0: 152 219 1 323 
3	0.0: 1 1 213 225 
3	0.0: 1 280 51 294 
2	0.0: 358 1 1 270 
3	0.0: 74 1 3 283 
3	0.0: 1 100 18 286 
2	0.0: 484 1 1 181 
3	0.0: 1 1 82 253 
3	0.0: 84 1 1 241 
3	0.0: 1 71 1 238 
3	0.0: 1 1 1 300 
3	0.0: 221 224 1 215 
3	0.0: 1 21 79 230 
3	0.0: 1 1 5 240 
3	0.0: 1 1 403 209 
3	0.0: 64 60 206 292 
3	0.0: 1 6 1 301 
3	0.0: 1 40 1 159 
2	0.0: 748 42 87 216 
3	0.0: 177 68 1 244 
3	0.0: 1 231 223 221 
3	0.0: 1 1 1 265 
3	0.0: 1 19 204 240 
3	0.0: 28 223 1 182 
3	0.0: 83 56 84 200 
3	0.0: 99 5 1 335 
3	0.0: 77 1 25 231 
3	0.0: 1 1 1 238 
3	0.0: 211 92 1 227 
3	0.0: 184 1 43 242 
3	0.0: 26 177 143 268 
3	0.0: 1 1 1 221 
3	0.0: 152 12 1 247 
3	0.0: 159 1 1 315 
3	0.0: 110 126 1 222 
3	0.0: 1 94 1 224 
3	0.0: 237 77 22 182 
3	0.0: 1 114 7 313 
3	0.0: 107 1 171 171 
3	0.0: 12 1 103 272 
3	0.0: 206 1 48 223 
2	0.0: 542 11 132 231 
3	0.0: 1 150 47 124 
3	0.0: 280 94 1 236 
3	0.0: 1 1 1 233 
3	0.0: 290 1 1 276 
3	0.0: 24 131 1 162 
3	0.0: 217 37 29 267 
3	0.0: 1 1 172 318 
3	0.0: 100 74 161 200 
3	0.0: 220 1 1 284 
2	0.0: 564 29 155 194 
3	0.0: 1 191 1 234 
3	0.0: 39 1 1 250 
3	0.0: 187 1 1 267 
3	0.0: 1 68 1 216 
3	0.0: 1 1 96 241 
3	0.0: 1 115 1 274 
3	0.0: 42 1 1 241 
3	0.0: 131 216 19 226 
3	0.0: 1 31 1 219 
2	0.0: 365 26 32 231 
3	0.0: 1 8 1 291 
3	0.0: 288 107 1 179 
3	0.0: 48 82 95 249 
3	0.0: 17 37 1 208 
3	0.0: 1 1 191 273 
3	0.0: 122 48 1 224 
3	0.0: 1 188 105 219 
3	0.0: 1 1 78 290 
3	0.0: 1 1 1 245 
3	0.0: 1 82 87 159 
3	0.0: 145 1 1 257 
3	0.0: 74 1 65 168 
3	0.0: 1 1 56 309 
3	0.0: 1 53 1 236 
3	0.0: 59 1 1 149 
3	0.0: 217 242 1 179 
3	0.0: 1 1 1 191 
3	0.0: 219 20 1 284 
3	0.0: 1 1 76 241 
3	0.0: 297 1 76 190 
3	0.0: 213 134 1 205 
3	0.0: 174 1 1 227 
3	0.0: 245 1 99 196 
3	0.0: 1 136 115 245 
3	0.0: 1 66 1 234 
3	0.0: 254 37 85 224 
2	0.0: 491 81 171 213 
3	0.0: 1 298 1 198 
3	0.0: 70 1 80 245 
3	0.0: 1 375 1 222 
3	0.0: 1 2 1 265 
3	0.0: 1 1 1 239 
3	0.0: 75 1 139 235 
3	0.0: 1 1 1 229 
3	0.0: 225 1 147 138 
3	0.0: 180 102 81 311 
3	0.0: 169 54 1 252 
3	0.0: 297 1 6 279 
3	0.0: 55 237 114 228 
3	0.0: 243 1 1 260 
2	0.0: 455 1 118 203 
3	0.0: 56 98 131 229 
3	0.0: 198 1 59 327 
3	0.0: 3 116 1 237 
3	0.0: 197 31 42 270 
2	0.0: 454 67 272 171 
2	0.0: 539 1 1 240 
3	0.0: 1 1 1 247 
3	0.0: 250 48 7 283 
3	0.0: 271 74 69 258 
3	0.0: 291 1 1 202 
3	0.0: 81 64 21 201 
2	0.0: 444 1 268 279 
3	0.0: 206 170 1 218 
3	0.0: 1 2 143 208 
3	0.0: 30 1 1 214 
3	0.0: 1 66 71 213 
3	0.0: 1 42 195 224 
3	0.0: 1 1 1 161 
3	0.0: 88 129 23 202 
3	0.0: 28 52 1 280 
3	0.0: 88 170 1 315 
3	0.0: 1 1 291 301 
3	0.0: 1 14 105 273 
3	0.0: 173 1 101 344 
3	0.0: 257 1 1 234 
2	0.0: 365 1 1 228 
3	0.0: 217 17 210 237 
3	0.0: 1 23 1 283 
