1610
1679
1947
1077
1132
1641
1961
1410
1017
1430
1404
1300
1071
879
1821
1109
847
964
1718
1275
1778
1352
1020
1513
1332
867
1902
1207
1466
965
1337
1767
760
1039
1192
1448
1342
1003
1524
1688
1918
1998
802
1755
1766
1029
1036
1434
1830
877
1993
1636
1897
1944
1327
1696
1041
1399
1906
1836
1171
1660
1515
1395
1615
909
1031
1859
1365
1844
1376
1470
1439
1709
1265
1878
1461
766
1069
862
1627
1839
1640
1758
919
1609
1438
1838
1872
1574
1537
1209
1829
797
1474
1594
1317
1006
1125
1725
1973
1782
1157
883
1255
1354
845
1307
1026
1964
1070
1318
1467
1198
1684
1810
1110
1362
1226
1988
1933
1032
1710
769
933
1989
1735
837
976
873
1588
1986
1822
1472
1763
1783
1677
1315
1126
1429
981
1124
1130
929
996
1674
1648
1450
745
1115
1047
1008
1617
1864
1959
1930
1585
1645
896
1498
1837
1360
1518
1001
1225
1979
892
1546
1423
1259
728
1541
1833
1330
1080
914
1868
1566
1223
1502
1737
1966
1297
1780
1382
1676
1802
1496
1073
1634
1787
848
1016
1436
989
1965
1355
884
729
1560
1153
834
1487
1846
1184
1745
1658
1885
1693
1196
1953
906
1529
1149
946
1874
927
961
762
956
1185
1991
1063
1512
1363
1706
954
882
1292
777
1350
812
1023
1729
1334
788
818
839
1246
1857
1507
1407
1276
1650
1599
1671
1000
1957
1060
875
1884
1877
1686
1066
1312
1241
1967
1608
895
1356
1559
1469
1339
1256
1353
1478
1621
1388
1678
1485
975
1581
1421
1236
1687
960
1413
1633
1147
1087
813
1764
1500
1193
1387
1880
1062
1549
1394
1892
1759
1476
771
1012
1310
846
793
1422
1169
938
962
1539
1284
1401
732
1517
1046
968
923
1628
1154
881
1217
790
1412
984
1345
1914
785
1916
1473
1748
1941
1033
782
1057
1893
1453
1359
1569
1752
1316
841
1160
1309
1731
1870
1183
731
1320
1620
1625
1247
853
1013
1842
915
1792
1801
1299
1635
1673
1699
1852
866
1440
1547
775
1509
1862
1630
1915
737
1694
1468
1138
1357
1945
1924
1424
1004
828
1313
1492
1825
1922
1090
1522
1237
1459
1094
978
838
819
1730
1619
1152
1954
1716
740
1593
1454
781
1210
1707
899
1243
1580
1860
1477
1970
1396
1850
823
988
1717
1244
1415
1806
1984
1805
1144
1896
1167
1043
1769
1540
1791
1086
1604
1212
1570
1824
1465
1096
1099
1501
1050
1250
1695
750
861
1455
1427
755
722
1214
1776
1556
1239
1218
1523
1428
1606
716
1841
1186
814
1064
865
1257
874
1663
869
1290
1680
1920
864
936
1075
1159
1711
1390
941
1336
1261
1995
1714
1591
1811
1587
1174
1402
1319
985
1188
1704
1393
1831
920
912
1997
1488
1770
1118
1253
880
1760
1204
901
1799
836
1712
957
932
1554
1331
1098
937
1576
1322
1112
966
1692
1133
1025
1796
1652
1602
1462
1499
1639
1464
1722
1519
1845
1384
1215
1550
1252
723
1351
744
1876
1572
829
1035
832
1045
1562
1781
1304
1823
1105
1713
1190
1721
1054
768
761
798
1890
764
1426
1568
1847
1788
1834
1682
1819
1683
1201
944
1368
1614
857
1739
963
1656
1582
1117
1909
1341
1820
1809
1230
1347
1386
759
1173
967
1727
1563
757
1975
1946
1182
885
1949
1286
1486
943
805
1381
859
724
1701
1551
1743
1044
1669
1091
1911
1999
808
1380
1088
1456
1818
1597
774
860
1653
1691
1616
1938
1348
1119
872
1135
1646
1578
974
1917
1271
1092
1238
765
1482
1848
1200
1148
1854
1082
1116
1969
902
1374
780
585
1398
1343
726
1306
1598
1698
642
1121
1270
1203
1234
1340
1623
1741
1835
1888
1104
891
1349
1951
1510
1812
1567
1311
1926
1164
787
1058
1928
1108
1178
1120
1101
1140
799
1555
1158
1024
1971
1137
1172
734
1981
1093
1141
1899
1773
1089
1260
1051
1442
794
1305
1048
1037
1419
1881
1451
1702
1891
789
1325
678
1816
973
1772
1005
1457
994
1479
1139
605
1579
958
770
1437
1333
1590
1146
1647
795
1443
1370
1056
1213
1414
516
1095
930
1083
1853
1931
1664
982
463
1985
1665
1592
1283
1111
858
377
1828
1742
1007
1750
1367
1493
1977
1827
394
1511
979
1059
1495
1195
821
1553
1042
1526
1471
1021
1817
1632
1774
1670
1962
876
908
1155
1262
1672
1068
1222
767
1808
1136
1761
934
1637
817
1049
1795
1595
1740
1963
543
1552
1538
1481
926
1797
947
894
1408
1715
549
948
1295
1765
878
856
1010
661
924
1197
1232
1254
953
1180
1249
890
1279
1503
1038
1187
1494
905
801
1181
842
1491
843
1910
1432
1170
1053
679
1813
1106
893
1855
928
791
1992
709
786
746
888
1996
1814
779
1642
1873
1129
854
1583
1463
855
1771
1908
1790
1905
1079
897
1866
1936
1303
1389
1324
1435
1789
949
1067
1216
1168
721
1176
1542
1937
1268
980
1076
747
903
970
1749
1800
990
1657
1460
1128
1441
1521
1675
1589
1142
913
1794
911
939
1982
1165
1221
1014
1734
1925
1189
1449
1611
741
1533
763
870
738
1505
824
1644
1840
458
1851
904
1700
1127
581
800
1085
1666
835
1956
1934
851
1858
1019
826
917
1861
1417
487
1871
1798
1308
825
1484
803
1228
999
1163
1535
1753
1248
727
1274
1018
772
1747
1375
743
1055
714
1690
1882
1867
1534
1369
1894
1211
1084
742
955
1231
1803
1638
1002
1960
1444
1269
1030
900
1775
1618
1040
1626
898
1958
1849
1921
1383
664
1907
1889
404
1804
1425
1768
820
1681
1433
1372
1601
1227
783
972
1689
907
583
1103
1832
1240
1373
986
1952
754
1329
1901
1409
735
1504
997
1314
1302
1571
1371
969
717
1536
1662
1208
1285
1034
849
1785
1122
1807
804
1990
1027
600
1175
863
991
1266
1379
1544
1206
1865
1651
778
1661
1143
1793
1659
1489
1980
918
1162
671
1194
951
1895
1575
1736
1145
1281
1530
1072
1757
1754
1724
809
1940
1584
1061
749
1983
736
419
1978
1943
833
409
672
1577
1446
773
1968
1543
1335
532
624
1756
887
776
1179
1972
690
1744
1406
559
1301
739
1452
1391
1191
1177
950
1528
1411
1976
589
810
1903
449
1545
1392
1264
1883
1561
1531
1856
1289
1622
1624
1697
1245
1514
1287
1720
1364
1202
1565
871
753
1326
1927
1328
868
1913
407
1955
758
1557
992
830
796
1233
1726
1649
806
1296
725
1280
1009
827
418
676
1603
1205
1293
580
1338
1219
1728
1668
1151
1028
1100
1321
462
1525
1705
541
1166
1548
1323
1445
1762
1904
1483
1919
1416
840
751
566
426
998
910
410
1458
1815
959
484
405
1385
1294
597
1282
448
1667
1887
502
730
1344
977
1298
464
1950
752
1403
1596
1685
1011
1161
811
1600
1134
604
1607
591
452
916
1220
373
388
565
1719
1654
1052
711
1929
1377
1733
498
660
1015
733
1612
371
1631
815
654
1708
1994
1527
590
1278
1939
1942
415
1886
1273
945
756
406
441
1378
684
1613
931
440
537
748
1107
1229
850
620
527
844
1346
574
1605
430
646
1366
1558
390
1235
1272
1418
635
454
1277
1156
1843
526
1251
1431
792
550
1875
1224
1948
1123
375
370
625
615
1723
1987
692
652
700
1912
656
886
387
561
940
1288
1746
456
444
1480
1263
822
558
831
1586
889
971
1497
1520
935
607
1508
352
412
922
547
1258
1738
478
1643
499
594
1022
720
1732
1826
718
719
1447
587
651
1869
611
666
482
1102
1974
639
397
696
1784
1786
1655
816
668
925
602
1490
1506
490
784
852
1078
1074
609
578
544
653
552
1932
1113
993
1358
481
486
1291
1267
987
708
596
1131
1150
674
1405
1573
438
1879
641
495
557
628
632
518
1420
535
475
694
468
952
1114
616
428
1361
494
431
622
669
1900
593
564
569
995
610
435
459
1777
582
439
601
384
562
577
1935
598
411
983
655
1629
627
471
427
1081
621
420
367
386
436
529
414
1532
626
942
1751
460
1863
1564
807
1065
663
467
1779
681
512
489
606
283
422
570
553
579
706
712
453
662
402
522
275
470
613
568
416
530
603
374
691
631
584
382
393
697
548
392
533
1199
630
320
686
633
509
447
445
1400
1242
294
636
715
665
376
401
693
381
540
1097
551
667
457
429
421
556
659
389
480
434
648
612
483
634
685
443
417
588
1475
511
623
618
379
520
673
465
267
378
608
476
545
423
687
229
573
619
638
380
372
637
525
497
365
503
670
432
500
675
546
683
366
400
515
446
524
251
363
576
1397
442
488
298
477
542
263
473
921
689
517
413
614
248
496
567
344
560
250
538
310
554
398
555
650
237
228
437
1516
334
323
707
704
408
466
682
599
507
451
705
504
455
282
592
699
523
645
519
485
469
539
403
698
1898
710
680
360
254
255
536
1923
280
514
644
586
396
534
293
225
223
362
391
259
309
491
353
531
506
688
461
303
472
253
264
450
319
640
325
521
289
1703
658
493
359
301
508
474
232
299
240
205
262
385
321
335
501
286
399
358
649
571
701
702
361
285
492
306
272
242
425
572
395
595
157
677
249
333
287
327
643
261
368
265
575
317
307
338
528
230
629
647
271
713
617
563
505
314
348
703
239
345
236
657
340
273
326
342
328
383
279
315
311
222
313
172
257
369
224
424
433
355
277
269
318
266
291
241
350
268
331
305
341
349
155
247
209
192
510
300
234
346
479
182
231
246
357
312
292
513
351
245
177
210
302
695
356
186
201
322
256
211
364
308
332
221
290
243
316
347
336
153
220
330
117
343
183
354
337
238
128
193
217
260
278
141
160
296
226
324
244
156
284
270
181
235
276
213
212
252
194
274
218
196
166
258
148
227
134
206
288
175
161
185
329
171
150
180
167
188
173
199
214
233
191
126
195
297
131
304
198
189
149
174
339
200
202
151
184
152
208
142
165
190
207
168
130
132
162
164
137
281
170
133
125
219
111
187
204
197
143
295
178
203
127
216
215
158
145
169
88
176
106
113
97
140
89
115
135
179
116
105
95
123
129
121
144
136
109
139
107
83
120
146
104
110
85
154
119
138
84
122
112
86
92
159
87
114
81
118
101
108
98
147
103
163
90
74
72
91
64
100
82
93
102
70
94
66
67
79
124
99
62
54
56
53
63
75
73
80
78
68
65
76
96
60
55
59
58
77
51
69
61
71
50
39
46
45
52
47
57
40
41
44
32
48
30
49
38
33
43
29
35
37
34
42
31
28
36
27
24
25
26
19
23
22
18
21
16
17
20
14
12
13
15
11
10
9
8
6
7
5
4
3
2
1
0
