7	0.0: 629 166 532 662 113 1 436 219 
7	0.0: 985 66 720 527 192 133 618 156 
7	0.0: 906 62 760 1 93 29 403 243 
7	0.0: 484 1 666 333 52 259 217 28 
7	0.0: 784 11 725 1 72 85 359 168 
7	0.0: 1001 19 809 270 1 89 453 19 
7	0.0: 951 173 586 315 1 63 422 82 
7	0.0: 1098 56 636 330 154 140 337 1 
7	0.0: 882 108 709 442 65 101 608 266 
7	0.0: 1211 1 606 122 156 335 334 290 
7	0.0: 809 12 756 444 1 210 346 373 
7	0.0: 582 46 636 538 1 107 486 1 
7	0.0: 807 1 780 577 317 212 499 120 
7	0.0: 363 37 656 54 1 125 505 45 
7	0.0: 851 190 572 6 74 169 180 87 
7	0.0: 548 19 788 561 1 372 527 187 
7	0.0: 823 1 600 1 1 271 496 518 
7	0.0: 915 27 516 269 1 211 348 325 
7	0.0: 896 1 631 176 15 209 517 43 
7	0.0: 714 1 678 349 1 179 500 468 
7	0.0: 783 7 794 412 159 172 270 209 
7	0.0: 624 35 815 304 146 205 402 112 
7	0.0: 624 1 687 217 227 323 495 162 
7	0.0: 619 15 793 584 1 173 485 48 
7	0.0: 903 118 797 232 1 263 333 35 
7	0.0: 678 16 738 182 172 144 477 273 
7	0.0: 773 15 587 330 224 306 347 145 
7	0.0: 915 75 822 49 1 325 465 193 
7	0.0: 705 66 748 409 1 165 497 25 
7	0.0: 684 1 865 144 34 140 219 11 
7	0.0: 893 1 656 49 1 1 404 80 
7	0.0: 667 65 749 489 257 177 429 48 
7	0.0: 844 90 637 281 1 353 477 1 
7	0.0: 509 9 598 293 1 192 523 270 
7	0.0: 520 24 922 393 157 200 495 247 
7	0.0: 446 18 667 133 1 534 401 1 
7	0.0: 672 1 737 343 1 126 422 53 
7	0.0: 810 70 653 360 1 1 274 1 
7	0.0: 759 1 732 219 49 118 323 166 
7	0.0: 887 1 636 265 117 149 250 1 
7	0.0: 748 28 640 348 1 5 404 200 
7	0.0: 574 1 663 127 199 159 356 230 
7	0.0: 1086 18 717 757 1 1 420 236 
7	0.0: 805 87 819 127 205 80 230 85 
7	0.0: 795 69 556 293 278 123 560 144 
7	0.0: 953 119 767 5 225 125 459 112 
7	0.0: 675 1 639 1 1 297 302 182 
7	0.0: 978 46 685 206 155 257 358 1 
7	0.0: 914 1 730 104 1 1 368 47 
7	0.0: 609 64 737 141 14 196 208 82 
7	0.0: 644 18 807 136 64 260 322 354 
7	0.0: 433 39 623 178 1 131 375 154 
7	0.0: 846 1 825 1 1 106 255 217 
7	0.0: 460 1 794 108 1 215 410 474 
7	0.0: 781 4 563 551 358 1 193 44 
7	0.0: 651 27 798 427 1 22 276 60 
7	0.0: 550 83 867 474 1 1 288 77 
7	0.0: 1003 1 526 142 1 198 290 202 
7	0.0: 712 9 792 401 1 122 344 198 
7	0.0: 631 120 662 272 1 1 252 271 
7	0.0: 761 28 983 97 1 1 453 445 
7	0.0: 919 1 700 522 135 139 503 103 
7	0.0: 384 1 733 192 207 259 547 267 
7	0.0: 442 1 534 519 1 237 526 1 
7	0.0: 666 121 687 612 1 1 378 364 
7	0.0: 829 33 873 230 84 219 532 144 
7	0.0: 561 48 660 146 1 250 288 141 
7	0.0: 789 90 676 272 1 233 413 551 
7	0.0: 911 1 640 121 20 21 228 125 
7	0.0: 639 1 842 206 41 79 359 164 
7	0.0: 637 137 730 192 66 549 452 131 
7	0.0: 1238 8 700 67 28 195 509 1 
7	0.0: 722 97 784 392 1 78 325 92 
7	0.0: 577 115 757 540 148 1 314 254 
7	0.0: 667 1 630 57 338 393 222 37 
7	0.0: 620 1 502 410 1 82 150 1 
7	0.0: 702 11 825 447 1 82 441 60 
7	0.0: 448 48 583 109 1 64 379 306 
7	0.0: 948 140 632 425 1 263 534 357 
7	0.0: 963 85 772 380 12 100 433 282 
7	0.0: 756 219 714 272 1 82 485 193 
7	0.0: 707 48 588 613 1 75 360 59 
7	0.0: 604 1 700 29 1 138 241 402 
7	0.0: 640 78 577 207 107 24 485 1 
7	0.0: 622 53 539 268 1 124 441 286 
7	0.0: 790 34 676 425 1 224 565 1 
7	0.0: 924 50 594 381 1 136 499 276 
7	0.0: 589 1 686 514 1 1 509 321 
7	0.0: 776 67 614 1 1 229 247 123 
7	0.0: 536 9 660 210 1 157 479 482 
7	0.0: 433 108 603 49 190 219 506 330 
7	0.0: 866 1 668 426 104 64 545 1 
7	0.0: 848 40 764 356 1 187 389 143 
7	0.0: 928 239 745 186 109 1 213 389 
7	0.0: 432 62 602 1 1 189 459 157 
7	0.0: 915 5 667 127 85 1 297 284 
7	0.0: 711 159 546 422 54 70 151 1 
7	0.0: 927 67 694 446 1 199 343 1 
7	0.0: 946 122 695 149 1 217 513 192 
7	0.0: 744 36 768 168 141 160 405 171 
7	0.0: 881 14 650 382 291 361 399 135 
7	0.0: 746 68 648 52 1 30 390 143 
7	0.0: 537 32 642 268 1 231 398 258 
7	0.0: 811 73 818 190 62 1 315 47 
7	0.0: 804 1 787 789 257 27 577 455 
7	0.0: 774 65 778 140 151 50 361 239 
7	0.0: 833 1 726 408 243 264 210 554 
7	0.0: 747 78 621 90 1 32 246 20 
7	0.0: 1196 1 667 326 1 114 372 1 
7	0.0: 757 18 684 58 115 208 618 395 
7	0.0: 1020 27 804 319 113 176 315 3 
7	0.0: 562 1 748 428 1 112 456 151 
7	0.0: 959 58 741 320 1 161 317 58 
7	0.0: 488 60 616 445 82 221 373 123 
7	0.0: 467 1 711 294 143 219 434 253 
7	0.0: 450 1 601 559 105 95 498 169 
7	0.0: 649 1 757 255 1 4 416 435 
7	0.0: 909 22 602 346 1 106 319 277 
7	0.0: 982 110 469 1 1 230 252 199 
7	0.0: 977 48 700 495 1 48 291 380 
7	0.0: 811 49 695 288 1 160 329 341 
7	0.0: 824 1 621 398 22 264 294 273 
7	0.0: 924 83 779 473 610 222 262 227 
7	0.0: 672 32 767 80 1 153 481 352 
7	0.0: 925 1 866 319 223 19 428 186 
7	0.0: 846 1 563 701 1 74 547 265 
7	0.0: 1094 81 595 282 1 236 274 99 
7	0.0: 986 43 567 242 1 126 242 382 
7	0.0: 788 8 714 387 1 1 553 174 
7	0.0: 1090 24 571 272 111 222 473 323 
7	0.0: 225 39 599 261 24 1 461 200 
7	0.0: 759 1 768 2 107 100 386 1 
7	0.0: 1089 78 683 257 6 150 438 86 
7	0.0: 568 1 735 368 1 70 394 212 
7	0.0: 615 13 617 242 241 203 563 180 
7	0.0: 811 97 685 316 1 75 374 57 
7	0.0: 646 1 727 228 131 1 302 304 
7	0.0: 722 139 785 238 96 145 425 473 
7	0.0: 827 1 797 434 145 1 344 1 
7	0.0: 750 53 624 146 18 94 422 412 
7	0.0: 1119 33 787 149 15 1 387 119 
7	0.0: 881 104 645 200 168 13 478 32 
7	0.0: 984 68 684 1 1 170 168 56 
7	0.0: 641 1 598 345 174 326 239 136 
7	0.0: 1002 52 913 381 278 210 348 44 
7	0.0: 720 5 642 341 1 1 469 359 
7	0.0: 1109 69 782 126 1 199 435 1 
7	0.0: 721 1 762 339 1 173 356 355 
7	0.0: 712 20 819 369 1 252 402 251 
7	0.0: 623 11 624 355 1 65 304 299 
7	0.0: 922 1 760 301 111 407 345 219 
7	0.0: 777 12 907 470 1 106 484 1 
7	0.0: 926 8 782 334 1 163 417 166 
7	0.0: 1185 70 748 664 1 32 471 162 
7	0.0: 954 1 743 269 160 124 285 1 
7	0.0: 738 48 689 285 1 166 71 21 
7	0.0: 726 88 580 317 229 196 269 277 
7	0.0: 557 1 657 246 1 384 496 22 
7	0.0: 704 48 784 1 78 11 419 151 
7	0.0: 1071 1 689 331 227 109 384 216 
7	0.0: 839 71 634 543 1 113 383 130 
7	0.0: 347 74 653 329 130 72 270 1 
7	0.0: 737 17 739 480 156 65 303 1 
7	0.0: 1051 26 724 1 109 137 443 249 
7	0.0: 498 1 665 291 49 211 451 1 
7	0.0: 1103 1 757 446 28 83 413 142 
7	0.0: 1072 58 629 116 407 119 411 118 
7	0.0: 1293 1 806 90 1 169 277 30 
7	0.0: 880 65 421 216 1 1 211 255 
7	0.0: 580 1 529 1 1 246 368 1 
7	0.0: 861 65 732 140 1 1 406 206 
7	0.0: 829 59 554 199 1 476 286 129 
7	0.0: 466 52 706 289 198 224 375 412 
7	0.0: 839 111 630 336 1 1 541 1 
7	0.0: 817 63 604 211 171 106 484 301 
7	0.0: 468 85 723 532 1 1 505 1 
7	0.0: 856 42 668 438 1 287 444 421 
7	0.0: 674 28 692 125 219 196 398 1 
7	0.0: 1018 1 662 84 1 90 333 28 
7	0.0: 754 37 645 255 61 1 632 274 
7	0.0: 557 1 685 34 210 169 448 208 
7	0.0: 824 1 834 349 238 88 43 1 
7	0.0: 652 1 610 449 101 148 211 369 
7	0.0: 845 164 635 261 1 120 355 10 
7	0.0: 991 173 715 286 1 149 400 1 
7	0.0: 723 1 517 441 145 101 473 86 
7	0.0: 587 10 715 157 231 1 314 395 
7	0.0: 563 95 833 268 151 104 347 19 
7	0.0: 582 54 835 589 164 258 469 1 
7	0.0: 1032 49 688 326 1 52 374 310 
7	0.0: 656 24 641 422 199 150 340 204 
7	0.0: 737 40 597 585 226 129 307 298 
7	0.0: 956 1 827 593 1 114 445 137 
7	0.0: 921 4 749 167 1 83 196 321 
7	0.0: 608 1 477 671 1 1 452 180 
7	0.0: 756 94 688 270 124 198 353 163 
7	0.0: 681 1 883 213 38 152 438 102 
7	0.0: 740 47 695 71 1 197 305 270 
7	0.0: 1024 1 777 474 1 87 573 126 
7	0.0: 711 1 716 232 92 321 379 208 
7	0.0: 915 39 636 666 1 327 600 42 
7	0.0: 930 1 638 1 189 348 494 120 
7	0.0: 544 1 757 327 21 129 421 325 
7	0.0: 728 1 788 615 79 1 540 1 
7	0.0: 862 131 765 382 389 276 479 31 
7	0.0: 637 102 702 71 1 1 366 295 
7	0.0: 1010 61 809 211 365 294 600 63 
7	0.0: 526 104 683 296 1 36 599 260 
7	0.0: 677 65 853 395 7 36 543 326 
7	0.0: 755 1 631 468 531 34 228 142 
7	0.0: 838 26 657 201 205 7 549 271 
7	0.0: 973 1 592 145 1 208 289 1 
7	0.0: 572 1 779 231 1 123 528 26 
7	0.0: 454 28 730 138 1 388 498 176 
7	0.0: 620 11 634 415 1 210 510 246 
7	0.0: 963 50 699 259 12 127 542 176 
7	0.0: 676 47 589 548 1 117 271 113 
7	0.0: 519 52 753 294 51 1 310 26 
7	0.0: 634 1 675 226 1 111 233 249 
7	0.0: 1122 43 629 69 112 1 594 456 
7	0.0: 600 100 616 238 137 1 131 316 
7	0.0: 1016 87 734 31 1 1 645 1 
7	0.0: 930 57 735 1 1 126 514 73 
7	0.0: 668 83 464 222 1 1 212 300 
7	0.0: 493 64 879 86 55 32 294 245 
7	0.0: 870 14 755 311 17 165 436 1 
7	0.0: 1095 27 629 452 234 95 622 363 
7	0.0: 872 1 705 253 252 213 207 108 
7	0.0: 1156 7 741 238 165 1 223 196 
7	0.0: 522 64 849 289 235 165 210 328 
7	0.0: 594 185 712 62 44 1 338 338 
7	0.0: 867 1 618 446 1 148 459 240 
7	0.0: 615 1 759 1 1 16 320 126 
7	0.0: 890 1 834 179 297 1 366 29 
7	0.0: 899 91 799 86 23 133 308 256 
7	0.0: 936 12 786 122 1 206 341 94 
7	0.0: 797 1 607 330 38 216 143 307 
7	0.0: 692 1 778 112 1 114 548 1 
7	0.0: 508 15 546 234 281 102 400 156 
7	0.0: 664 1 633 415 1 182 384 148 
7	0.0: 681 1 701 99 32 31 416 167 
7	0.0: 897 18 902 296 45 136 366 312 
7	0.0: 928 74 592 411 1 45 349 137 
7	0.0: 987 1 720 276 1 139 442 1 
7	0.0: 779 1 546 1 119 110 525 228 
7	0.0: 740 108 760 607 206 297 430 97 
7	0.0: 592 16 747 247 211 187 345 133 
7	0.0: 773 77 634 357 1 16 407 130 
7	0.0: 426 145 779 164 50 166 475 376 
7	0.0: 987 28 909 124 1 213 472 1 
7	0.0: 820 1 676 485 1 97 574 129 
7	0.0: 493 177 835 154 1 99 356 246 
7	0.0: 834 28 449 358 92 256 382 290 
7	0.0: 585 1 698 1 122 112 443 197 
7	0.0: 488 14 585 397 37 41 296 21 
7	0.0: 766 107 631 338 1 1 301 71 
7	0.0: 601 71 766 534 131 147 678 355 
7	0.0: 599 49 658 240 175 74 403 1 
7	0.0: 383 1 718 317 1 84 564 185 
7	0.0: 779 1 673 341 47 1 281 220 
7	0.0: 743 1 777 467 319 159 427 126 
7	0.0: 956 1 611 457 241 266 378 21 
7	0.0: 291 55 669 289 175 245 411 1 
7	0.0: 1017 1 683 103 1 232 497 199 
7	0.0: 910 16 718 26 54 223 304 151 
7	0.0: 924 63 712 1 326 164 300 171 
7	0.0: 673 21 683 137 1 385 308 1 
7	0.0: 673 63 861 236 223 222 327 181 
7	0.0: 755 89 650 223 138 36 432 1 
7	0.0: 740 46 824 136 1 196 360 136 
7	0.0: 413 97 773 258 1 184 377 188 
7	0.0: 709 37 706 122 60 116 612 1 
7	0.0: 712 163 796 254 274 203 381 385 
7	0.0: 807 27 631 568 76 150 480 221 
7	0.0: 1078 1 637 268 1 84 301 1 
7	0.0: 1143 1 883 53 102 291 279 7 
7	0.0: 818 89 623 209 1 40 386 110 
7	0.0: 691 1 746 409 1 1 432 1 
7	0.0: 988 71 562 553 42 152 643 288 
7	0.0: 809 1 699 469 164 268 466 316 
7	0.0: 895 105 643 116 35 91 463 188 
7	0.0: 788 8 871 96 86 1 490 270 
7	0.0: 650 64 677 119 1 230 383 368 
7	0.0: 821 46 693 376 126 165 454 242 
7	0.0: 601 33 703 200 2 122 554 49 
7	0.0: 590 17 668 253 52 1 265 372 
7	0.0: 450 93 612 115 18 87 252 404 
7	0.0: 619 1 700 442 271 428 358 246 
7	0.0: 935 1 813 17 1 257 385 185 
7	0.0: 688 6 1073 206 97 75 446 68 
7	0.0: 516 1 691 466 1 31 421 295 
7	0.0: 654 1 753 434 1 271 425 332 
7	0.0: 542 96 657 412 206 1 372 240 
7	0.0: 508 16 776 147 1 1 573 63 
7	0.0: 743 1 707 323 99 27 220 191 
7	0.0: 640 34 688 125 1 1 324 169 
7	0.0: 711 55 753 403 1 1 414 266 
7	0.0: 917 1 847 42 1 1 314 636 
7	0.0: 644 1 672 136 1 181 546 1 
7	0.0: 730 1 700 280 1 1 373 261 
7	0.0: 771 58 704 322 1 223 356 34 
7	0.0: 839 69 765 1 147 78 418 8 
7	0.0: 1006 102 691 19 281 274 368 183 
7	0.0: 640 41 723 171 7 1 392 105 
7	0.0: 619 124 704 369 105 311 346 111 
7	0.0: 549 1 807 216 1 298 592 111 
7	0.0: 753 86 719 252 92 274 193 181 
7	0.0: 466 90 719 117 1 218 195 240 
7	0.0: 819 1 868 143 1 92 370 233 
7	0.0: 806 1 679 719 7 1 598 227 
7	0.0: 1017 77 752 332 186 68 440 139 
7	0.0: 639 1 509 407 77 29 411 141 
7	0.0: 1184 54 594 476 1 80 370 237 
7	0.0: 687 97 742 409 1 77 590 378 
7	0.0: 1061 25 674 156 50 59 400 335 
7	0.0: 725 1 805 528 199 142 407 304 
7	0.0: 719 77 821 20 1 405 397 182 
7	0.0: 557 106 725 210 45 48 369 91 
7	0.0: 840 41 864 571 31 1 512 136 
7	0.0: 509 1 682 479 1 25 438 161 
7	0.0: 816 78 780 72 1 40 324 329 
7	0.0: 716 67 809 410 1 199 237 147 
7	0.0: 861 1 844 443 268 5 235 109 
7	0.0: 957 92 678 493 1 1 262 38 
7	0.0: 559 84 603 602 1 251 510 105 
7	0.0: 776 1 774 305 51 40 287 190 
7	0.0: 964 75 740 158 71 33 320 338 
7	0.0: 931 60 578 191 317 269 425 116 
7	0.0: 382 1 570 175 1 122 351 189 
7	0.0: 828 13 603 87 74 369 223 272 
7	0.0: 698 1 629 295 133 218 580 248 
7	0.0: 617 66 829 146 1 219 319 127 
7	0.0: 788 45 623 427 136 73 114 187 
7	0.0: 706 10 521 131 1 168 286 268 
7	0.0: 1030 55 572 1 1 360 393 173 
7	0.0: 837 28 637 177 239 76 394 255 
7	0.0: 209 82 714 333 1 74 271 189 
7	0.0: 805 16 752 396 100 234 615 431 
7	0.0: 728 74 652 147 56 63 307 1 
7	0.0: 411 1 576 262 174 247 418 55 
7	0.0: 889 63 570 290 62 283 451 300 
7	0.0: 522 211 594 156 123 246 347 1 
7	0.0: 907 94 630 276 1 1 390 192 
7	0.0: 731 20 700 381 274 56 529 1 
7	0.0: 1114 1 771 532 1 181 368 100 
7	0.0: 754 59 541 151 1 350 485 157 
7	0.0: 820 45 623 372 367 50 428 249 
7	0.0: 732 20 703 106 1 30 323 194 
7	0.0: 1029 1 595 463 1 320 367 202 
7	0.0: 698 111 732 525 108 288 595 287 
7	0.0: 901 1 671 257 1 305 447 431 
7	0.0: 474 1 896 367 1 108 435 264 
7	0.0: 585 1 822 7 10 266 425 359 
7	0.0: 946 1 825 574 141 110 275 66 
7	0.0: 861 14 718 497 212 1 111 131 
7	0.0: 605 41 679 184 25 190 240 166 
7	0.0: 995 1 761 438 1 247 304 334 
7	0.0: 793 32 683 459 1 184 239 238 
7	0.0: 476 40 700 100 1 67 221 1 
7	0.0: 672 1 553 312 96 1 347 55 
7	0.0: 448 1 774 289 1 217 193 63 
7	0.0: 421 73 821 94 11 24 536 1 
7	0.0: 472 1 861 603 242 69 351 45 
7	0.0: 810 1 557 444 41 230 344 208 
7	0.0: 689 13 569 141 136 155 380 327 
7	0.0: 814 70 735 138 84 145 323 179 
7	0.0: 816 24 754 326 181 256 404 343 
7	0.0: 557 1 739 525 1 105 688 239 
7	0.0: 565 98 628 572 136 195 509 283 
7	0.0: 927 119 705 133 1 27 563 81 
7	0.0: 716 102 808 693 1 222 337 356 
7	0.0: 963 1 703 435 295 151 467 437 
7	0.0: 749 45 506 417 165 100 487 155 
7	0.0: 582 13 631 1 1 36 393 302 
7	0.0: 907 149 856 271 1 1 279 2 
7	0.0: 429 1 567 175 246 204 110 173 
7	0.0: 742 81 657 225 18 84 481 1 
7	0.0: 607 7 744 367 1 237 495 85 
7	0.0: 639 23 670 577 217 31 111 125 
7	0.0: 679 32 576 47 1 1 340 181 
7	0.0: 836 1 646 233 1 125 552 59 
7	0.0: 838 66 754 201 54 1 286 124 
7	0.0: 853 1 658 202 1 1 422 208 
7	0.0: 1088 58 634 100 199 144 248 175 
7	0.0: 654 1 906 633 215 22 393 557 
7	0.0: 934 1 691 179 126 441 389 28 
7	0.0: 962 4 774 311 1 52 600 132 
7	0.0: 550 1 807 324 152 411 381 190 
7	0.0: 663 8 542 239 354 101 245 1 
7	0.0: 776 128 708 1 1 515 548 93 
7	0.0: 505 1 706 527 353 1 408 1 
7	0.0: 1021 51 784 46 106 280 510 516 
7	0.0: 763 1 556 1 1 341 443 301 
7	0.0: 882 23 852 162 1 1 646 1 
7	0.0: 437 1 649 1 81 57 304 336 
7	0.0: 637 78 855 311 34 33 504 9 
7	0.0: 904 1 899 545 349 294 360 135 
7	0.0: 880 20 727 500 17 1 346 447 
7	0.0: 800 1 598 356 1 97 363 41 
7	0.0: 651 55 628 360 84 233 405 258 
7	0.0: 891 52 846 605 1 293 538 146 
7	0.0: 830 6 676 147 228 43 377 1 
7	0.0: 511 82 639 118 1 272 190 244 
7	0.0: 637 1 614 590 117 307 512 1 
7	0.0: 730 1 798 233 47 78 373 208 
7	0.0: 1085 1 833 328 84 230 428 550 
7	0.0: 946 92 632 574 1 26 442 87 
7	0.0: 937 52 703 478 1 156 365 180 
7	0.0: 1176 1 798 287 1 163 295 280 
7	0.0: 717 68 645 449 126 220 503 457 
7	0.0: 755 56 759 258 1 111 496 107 
7	0.0: 785 49 683 354 185 218 430 167 
7	0.0: 860 1 674 273 1 113 388 312 
7	0.0: 774 1 628 207 1 1 505 112 
7	0.0: 949 111 752 175 1 192 417 226 
7	0.0: 745 65 515 484 1 1 270 434 
7	0.0: 680 1 748 343 9 140 236 1 
7	0.0: 776 97 616 293 132 209 419 15 
7	0.0: 820 1 648 219 139 1 415 325 
7	0.0: 649 1 631 378 88 215 232 50 
0	0.0: 197 1 651 101 234 169 146 187 
7	0.0: 771 1 587 1 1 52 375 186 
7	0.0: 471 1 649 587 1 294 270 2 
7	0.0: 855 53 505 375 17 161 196 102 
7	0.0: 697 1 659 485 1 71 373 180 
7	0.0: 926 1 675 135 1 125 509 1 
7	0.0: 809 47 714 201 267 1 283 27 
7	0.0: 755 163 645 434 1 154 438 1 
7	0.0: 662 1 716 164 159 430 562 175 
7	0.0: 562 88 791 388 71 1 359 164 
7	0.0: 511 140 704 421 15 180 370 441 
7	0.0: 566 1 748 179 1 1 394 58 
7	0.0: 890 20 608 213 263 126 311 186 
7	0.0: 681 1 659 481 101 193 351 35 
7	0.0: 965 13 744 360 35 83 347 293 
7	0.0: 1289 44 674 6 1 146 268 1 
7	0.0: 822 89 533 218 1 159 379 287 
7	0.0: 680 28 840 352 1 212 313 264 
7	0.0: 691 43 669 252 1 1 481 131 
7	0.0: 951 1 482 700 60 94 394 404 
7	0.0: 716 5 879 86 76 415 333 217 
7	0.0: 905 1 806 77 1 145 527 336 
7	0.0: 705 1 677 534 1 1 298 93 
7	0.0: 475 37 767 163 1 130 511 78 
7	0.0: 860 1 787 563 1 1 527 194 
7	0.0: 603 10 614 235 1 113 371 223 
7	0.0: 1134 130 754 181 339 234 572 1 
7	0.0: 716 52 653 22 13 88 409 440 
7	0.0: 769 1 694 288 182 168 280 215 
7	0.0: 629 1 773 82 266 57 190 84 
7	0.0: 809 15 767 527 1 1 237 22 
7	0.0: 1208 1 567 345 63 164 190 236 
7	0.0: 549 1 794 91 55 1 489 100 
7	0.0: 786 55 696 321 1 117 458 382 
7	0.0: 859 20 741 402 1 509 392 131 
7	0.0: 822 1 623 1 1 6 282 29 
7	0.0: 715 125 706 596 1 94 249 323 
7	0.0: 719 1 803 109 180 127 514 67 
7	0.0: 804 4 784 244 188 124 124 203 
7	0.0: 837 1 662 74 1 326 317 480 
7	0.0: 587 58 869 172 238 422 522 345 
7	0.0: 926 33 677 141 64 129 319 155 
7	0.0: 669 1 901 91 1 1 236 119 
7	0.0: 905 17 881 383 313 217 333 280 
7	0.0: 819 1 754 234 99 65 375 223 
7	0.0: 738 1 767 239 209 1 253 152 
7	0.0: 623 1 578 331 56 32 510 434 
7	0.0: 772 40 683 67 98 52 320 41 
7	0.0: 797 83 679 612 118 187 402 137 
7	0.0: 616 1 864 531 131 343 530 1 
7	0.0: 672 41 809 346 78 61 432 226 
7	0.0: 857 79 832 435 231 1 301 354 
7	0.0: 812 28 641 100 61 248 329 307 
7	0.0: 623 1 614 419 84 139 323 217 
7	0.0: 898 1 560 759 1 77 450 201 
7	0.0: 829 78 650 301 433 1 522 1 
7	0.0: 616 49 700 211 286 219 463 243 
7	0.0: 748 1 816 487 1 35 217 542 
7	0.0: 832 109 626 54 81 48 410 119 
7	0.0: 366 1 544 298 258 275 195 1 
7	0.0: 927 70 677 113 27 87 253 1 
7	0.0: 902 68 664 329 32 468 489 146 
7	0.0: 803 44 637 255 1 1 252 152 
7	0.0: 791 39 676 174 104 1 220 1 
7	0.0: 692 85 660 256 6 34 276 1 
7	0.0: 859 1 628 323 19 274 557 606 
7	0.0: 991 15 591 430 102 189 436 288 
7	0.0: 577 57 523 508 82 271 440 72 
7	0.0: 779 56 721 455 174 70 255 56 
7	0.0: 875 119 644 191 1 434 538 1 
7	0.0: 692 1 885 379 1 137 344 126 
7	0.0: 824 15 682 167 164 391 363 104 
7	0.0: 959 1 788 340 143 100 261 1 
7	0.0: 633 15 656 617 126 218 573 171 
7	0.0: 892 33 866 247 142 116 407 38 
7	0.0: 874 71 626 260 53 443 423 193 
7	0.0: 841 116 876 155 12 30 222 1 
7	0.0: 634 26 786 196 55 142 267 1 
7	0.0: 569 69 764 74 26 174 322 180 
7	0.0: 797 17 748 227 25 67 305 197 
7	0.0: 877 130 671 252 1 4 322 80 
7	0.0: 813 1 700 141 30 73 429 1 
7	0.0: 1056 1 686 532 1 5 459 169 
7	0.0: 896 42 656 354 57 248 303 225 
7	0.0: 560 1 811 187 1 147 642 229 
7	0.0: 1067 66 607 316 1 248 369 103 
7	0.0: 577 23 748 247 201 196 551 209 
7	0.0: 1089 1 660 142 1 355 430 273 
7	0.0: 745 1 661 681 56 125 198 323 
7	0.0: 947 67 646 94 180 1 346 122 
7	0.0: 805 76 838 564 1 369 457 142 
7	0.0: 745 1 799 1 1 118 356 245 
7	0.0: 797 1 608 495 1 195 446 118 
7	0.0: 763 133 633 213 1 437 454 174 
7	0.0: 803 1 555 458 1 145 451 212 
7	0.0: 1072 34 763 334 115 1 337 59 
7	0.0: 343 1 681 169 226 303 456 475 
7	0.0: 719 106 646 345 141 1 420 188 
7	0.0: 740 118 663 235 1 89 509 1 
7	0.0: 703 23 635 48 96 206 473 425 
7	0.0: 624 68 862 122 106 228 555 572 
7	0.0: 404 2 854 341 1 191 467 100 
7	0.0: 754 116 712 249 297 382 578 1 
7	0.0: 763 1 820 97 1 62 522 236 
7	0.0: 621 69 750 41 106 104 405 15 
7	0.0: 902 32 740 430 162 205 508 208 
7	0.0: 833 89 740 102 1 241 271 17 
7	0.0: 925 36 567 475 156 107 256 43 
7	0.0: 630 1 767 469 56 179 307 289 
7	0.0: 1064 120 681 556 167 29 514 46 
7	0.0: 995 167 664 248 111 207 254 458 
7	0.0: 594 128 899 453 27 358 383 221 
3	0.0: 325 132 556 819 157 486 306 107 
7	0.0: 615 1 750 72 1 293 209 192 
7	0.0: 1028 65 602 303 38 315 192 43 
7	0.0: 627 60 601 372 1 132 446 92 
7	0.0: 829 42 738 388 116 190 478 111 
7	0.0: 922 1 586 422 1 1 278 105 
7	0.0: 571 1 804 322 1 141 423 150 
7	0.0: 419 141 670 426 1 207 380 339 
7	0.0: 491 1 722 464 250 263 369 183 
7	0.0: 878 65 835 136 294 409 344 1 
7	0.0: 798 18 772 384 1 58 254 240 
7	0.0: 556 49 612 47 178 61 273 104 
7	0.0: 1118 1 617 220 78 118 353 128 
7	0.0: 861 96 794 500 10 229 208 227 
7	0.0: 509 112 727 335 1 294 422 1 
7	0.0: 317 191 554 544 1 204 495 1 
7	0.0: 508 1 739 461 1 293 318 141 
7	0.0: 1016 1 666 494 1 8 239 1 
7	0.0: 648 35 684 319 1 1 180 19 
7	0.0: 687 107 720 209 69 85 533 147 
7	0.0: 462 50 622 162 1 1 314 155 
7	0.0: 455 64 699 179 172 1 462 55 
7	0.0: 753 116 624 142 358 315 410 169 
7	0.0: 481 24 717 62 264 326 623 30 
7	0.0: 881 1 695 609 2 85 450 166 
7	0.0: 862 53 652 417 1 44 360 148 
7	0.0: 665 31 740 420 222 230 194 1 
7	0.0: 681 36 881 347 376 1 233 1 
7	0.0: 658 85 727 106 1 106 565 377 
7	0.0: 744 97 568 194 47 105 568 315 
7	0.0: 862 41 661 241 339 75 235 34 
7	0.0: 1008 1 745 441 1 202 285 126 
7	0.0: 723 8 683 212 1 6 266 334 
7	0.0: 617 15 656 176 1 1 340 191 
7	0.0: 471 1 603 534 1 86 428 1 
7	0.0: 701 115 609 425 1 51 500 317 
7	0.0: 703 4 632 1 181 125 532 98 
7	0.0: 841 63 642 564 1 1 195 70 
7	0.0: 648 107 679 1 15 86 85 140 
7	0.0: 669 33 782 265 1 110 250 112 
7	0.0: 823 122 643 433 4 263 414 160 
7	0.0: 937 139 644 286 121 363 463 352 
7	0.0: 689 41 560 403 207 12 326 321 
7	0.0: 594 1 697 906 1 66 125 1 
7	0.0: 867 46 707 218 1 192 452 1 
7	0.0: 414 52 658 479 1 274 196 79 
7	0.0: 621 64 659 465 44 230 281 163 
7	0.0: 770 60 723 99 246 209 293 83 
7	0.0: 716 1 738 180 1 24 192 23 
7	0.0: 555 96 735 125 1 240 584 224 
7	0.0: 605 107 642 352 171 128 389 432 
7	0.0: 744 1 898 236 1 80 160 285 
7	0.0: 963 1 811 235 1 1 420 146 
7	0.0: 696 22 795 179 1 306 485 444 
7	0.0: 936 1 745 188 1 213 358 173 
7	0.0: 626 41 666 642 1 304 359 204 
7	0.0: 1020 1 644 311 1 141 437 434 
7	0.0: 899 36 648 353 313 52 372 187 
7	0.0: 906 13 609 196 231 280 606 330 
7	0.0: 484 1 742 1 96 28 226 307 
7	0.0: 499 82 563 377 1 1 228 502 
7	0.0: 1180 36 707 296 79 79 511 113 
0	0.0: 316 174 694 292 1 240 102 197 
7	0.0: 761 1 625 313 115 228 224 1 
7	0.0: 650 1 544 710 170 47 291 115 
7	0.0: 801 81 842 333 135 114 525 13 
7	0.0: 620 1 512 71 82 90 489 1 
7	0.0: 717 112 737 142 235 368 447 288 
7	0.0: 609 72 607 164 27 73 434 285 
7	0.0: 1204 1 636 1 94 295 200 200 
7	0.0: 1030 19 540 369 104 373 220 323 
7	0.0: 797 67 694 322 1 104 267 45 
7	0.0: 552 113 698 262 51 61 523 282 
7	0.0: 1059 1 773 210 280 334 606 147 
7	0.0: 556 1 762 137 107 146 145 158 
7	0.0: 836 1 680 424 1 206 374 96 
7	0.0: 843 1 817 4 82 264 455 207 
7	0.0: 478 31 752 341 1 261 454 1 
7	0.0: 561 11 648 211 1 65 465 227 
7	0.0: 573 1 642 311 1 1 481 387 
7	0.0: 569 76 710 482 1 254 423 232 
7	0.0: 773 1 737 219 1 8 317 145 
7	0.0: 673 24 738 314 94 176 375 208 
7	0.0: 544 1 851 228 1 138 481 314 
7	0.0: 805 1 629 387 78 187 404 285 
7	0.0: 722 66 670 370 1 64 416 1 
7	0.0: 749 73 728 533 296 72 430 16 
7	0.0: 706 1 462 286 139 239 650 6 
7	0.0: 824 152 619 188 1 271 318 456 
7	0.0: 506 19 778 419 1 94 376 99 
7	0.0: 604 1 675 93 182 332 228 272 
7	0.0: 945 19 674 426 174 98 457 124 
7	0.0: 815 146 597 449 165 256 531 100 
7	0.0: 794 46 676 345 66 25 288 286 
7	0.0: 1049 100 758 285 1 43 610 148 
7	0.0: 687 1 624 1 1 1 300 128 
7	0.0: 559 1 670 312 196 64 401 1 
7	0.0: 671 1 662 315 1 24 147 573 
7	0.0: 838 43 717 244 189 183 557 221 
7	0.0: 529 1 596 11 1 270 578 1 
7	0.0: 785 45 613 355 259 71 414 31 
7	0.0: 752 1 797 104 139 35 351 39 
7	0.0: 800 106 648 184 64 141 226 1 
7	0.0: 855 55 738 158 63 1 339 1 
7	0.0: 780 1 699 67 47 337 317 244 
7	0.0: 802 11 629 282 178 1 567 126 
7	0.0: 1211 1 582 338 290 215 641 395 
7	0.0: 603 116 751 145 22 309 376 51 
7	0.0: 609 118 760 500 1 226 274 399 
7	0.0: 639 57 520 299 83 5 467 468 
7	0.0: 460 1 890 118 1 142 503 206 
7	0.0: 880 96 730 413 1 164 478 111 
7	0.0: 634 33 468 1 248 1 595 1 
7	0.0: 582 78 597 69 1 161 258 291 
7	0.0: 612 37 715 258 121 1 282 176 
7	0.0: 979 1 681 523 1 94 291 132 
7	0.0: 586 1 507 543 138 386 361 318 
7	0.0: 660 29 744 193 135 126 446 81 
7	0.0: 838 33 790 171 116 267 276 145 
7	0.0: 885 1 450 248 264 55 578 150 
7	0.0: 915 39 740 1 1 198 243 159 
7	0.0: 600 1 667 320 1 255 295 230 
7	0.0: 898 1 789 502 90 283 393 282 
7	0.0: 861 31 628 231 323 324 325 258 
7	0.0: 984 97 695 303 3 25 379 1 
7	0.0: 749 7 651 377 1 144 273 1 
7	0.0: 480 1 777 163 81 1 555 379 
7	0.0: 809 1 674 396 256 35 494 35 
7	0.0: 541 1 589 524 1 1 352 97 
7	0.0: 645 1 851 688 1 148 374 366 
7	0.0: 802 1 671 485 1 22 463 214 
7	0.0: 326 87 550 18 36 1 323 1 
7	0.0: 517 1 737 148 28 135 347 73 
7	0.0: 904 9 859 407 43 204 458 100 
7	0.0: 755 1 912 290 29 185 336 345 
7	0.0: 907 55 771 339 43 1 346 1 
5	0.0: 931 1 614 14 186 265 53 752 
7	0.0: 816 1 701 420 1 45 191 406 
7	0.0: 712 8 666 320 1 1 346 23 
7	0.0: 893 1 776 268 1 302 311 165 
7	0.0: 529 1 557 133 211 4 505 295 
7	0.0: 147 94 789 232 1 219 338 1 
7	0.0: 824 48 690 537 1 141 376 117 
7	0.0: 714 2 688 346 1 52 483 429 
7	0.0: 650 1 736 234 1 127 582 373 
7	0.0: 442 1 530 170 19 206 402 204 
7	0.0: 887 56 555 169 1 253 336 1 
7	0.0: 543 1 621 404 28 115 393 344 
7	0.0: 840 15 727 141 74 166 386 1 
7	0.0: 682 53 888 108 1 1 420 1 
7	0.0: 605 94 531 418 275 179 466 1 
7	0.0: 864 1 565 268 159 1 295 465 
7	0.0: 779 2 859 542 132 17 297 269 
7	0.0: 1048 1 695 482 1 101 232 124 
7	0.0: 566 1 788 335 1 135 550 290 
7	0.0: 733 135 649 181 22 150 457 366 
7	0.0: 616 43 763 1 208 269 441 1 
7	0.0: 1150 25 646 147 1 1 332 92 
7	0.0: 668 55 648 386 11 1 532 107 
7	0.0: 832 15 833 270 83 159 167 255 
7	0.0: 941 1 559 233 1 211 440 100 
7	0.0: 1077 60 740 261 340 39 266 147 
7	0.0: 846 113 755 133 384 375 501 286 
7	0.0: 505 41 694 305 153 1 549 219 
7	0.0: 959 14 726 305 1 335 562 178 
7	0.0: 855 107 752 427 199 110 523 51 
7	0.0: 739 1 726 503 1 90 412 277 
7	0.0: 990 1 712 1 1 196 454 1 
7	0.0: 492 30 611 376 97 80 424 195 
7	0.0: 587 1 742 325 1 1 263 46 
7	0.0: 740 46 627 496 359 97 299 405 
7	0.0: 873 1 690 286 270 1 332 55 
7	0.0: 873 25 646 336 1 150 502 130 
7	0.0: 679 32 672 161 1 1 557 42 
7	0.0: 889 31 642 149 1 203 242 103 
7	0.0: 877 122 814 406 134 121 269 187 
7	0.0: 830 1 609 404 1 82 187 112 
7	0.0: 706 1 719 215 65 162 378 224 
7	0.0: 784 1 573 437 288 1 412 425 
7	0.0: 862 1 621 348 44 22 485 26 
7	0.0: 701 128 826 224 499 322 210 333 
7	0.0: 786 125 775 359 1 48 324 32 
7	0.0: 792 9 568 146 205 193 504 123 
7	0.0: 788 13 683 454 9 50 293 309 
7	0.0: 624 1 731 575 28 1 369 108 
7	0.0: 673 1 748 427 1 136 461 1 
7	0.0: 841 98 772 140 102 1 367 109 
7	0.0: 1121 129 681 500 217 95 294 196 
7	0.0: 753 2 558 549 1 162 493 166 
7	0.0: 816 1 744 431 1 1 729 1 
7	0.0: 850 1 605 279 1 199 500 43 
7	0.0: 741 1 819 507 1 88 405 143 
7	0.0: 691 136 605 237 1 236 259 1 
7	0.0: 912 1 677 144 92 301 454 1 
7	0.0: 938 1 713 217 1 122 368 224 
7	0.0: 546 50 737 1 1 1 371 1 
7	0.0: 753 107 746 158 1 423 397 407 
7	0.0: 610 34 545 172 13 415 440 243 
7	0.0: 784 1 822 228 216 12 344 278 
7	0.0: 891 43 767 196 1 1 645 1 
7	0.0: 482 1 858 364 203 268 466 8 
7	0.0: 551 73 770 160 1 1 251 377 
7	0.0: 853 68 869 320 218 44 247 1 
7	0.0: 767 68 611 210 1 161 315 296 
7	0.0: 1098 95 723 260 1 1 400 1 
7	0.0: 749 14 579 336 128 323 472 210 
7	0.0: 552 1 693 202 67 186 353 423 
7	0.0: 866 1 896 152 12 1 569 90 
7	0.0: 739 37 578 236 41 1 362 1 
7	0.0: 1092 1 884 163 348 1 395 238 
7	0.0: 1084 90 775 408 17 1 367 1 
7	0.0: 484 1 488 251 85 58 330 349 
7	0.0: 983 1 864 343 336 63 465 262 
7	0.0: 960 136 595 281 1 202 448 74 
7	0.0: 586 83 746 9 1 323 304 518 
7	0.0: 783 79 674 198 1 26 592 1 
7	0.0: 848 102 626 100 1 146 478 1 
7	0.0: 641 47 812 164 139 104 347 129 
7	0.0: 872 1 563 152 128 10 477 163 
7	0.0: 834 1 726 461 144 273 170 243 
7	0.0: 789 1 641 288 82 1 485 56 
7	0.0: 950 1 568 737 98 33 349 327 
7	0.0: 796 110 718 464 1 109 476 438 
7	0.0: 677 105 777 298 356 1 155 147 
7	0.0: 593 7 571 409 1 31 528 200 
7	0.0: 732 1 745 412 1 207 604 301 
7	0.0: 437 61 854 585 1 270 174 149 
7	0.0: 306 1 705 269 4 175 230 192 
7	0.0: 667 29 684 44 1 253 305 30 
7	0.0: 894 1 515 76 1 62 383 76 
7	0.0: 639 1 518 165 1 108 464 307 
7	0.0: 619 106 605 562 1 169 262 1 
7	0.0: 1028 35 589 360 1 1 500 537 
7	0.0: 890 1 745 333 1 1 221 20 
7	0.0: 725 1 917 189 1 27 464 1 
7	0.0: 443 1 661 810 66 42 505 153 
7	0.0: 637 1 690 267 251 65 498 274 
7	0.0: 923 17 693 138 5 268 266 193 
7	0.0: 402 114 664 328 114 51 493 366 
7	0.0: 943 64 746 204 1 278 477 140 
7	0.0: 908 11 714 153 71 1 457 337 
7	0.0: 816 73 692 186 1 102 674 1 
7	0.0: 659 28 695 553 1 396 258 1 
7	0.0: 402 8 836 349 31 183 219 420 
7	0.0: 783 48 757 399 248 66 500 258 
7	0.0: 511 1 656 403 364 83 375 118 
7	0.0: 586 1 626 380 1 153 373 91 
7	0.0: 569 31 748 707 183 449 436 418 
7	0.0: 646 1 505 310 171 6 472 158 
7	0.0: 572 3 791 231 144 17 504 1 
7	0.0: 963 23 642 44 1 1 342 139 
7	0.0: 656 96 842 398 2 1 544 283 
7	0.0: 616 49 782 134 91 47 475 1 
7	0.0: 1057 115 812 132 330 189 542 1 
7	0.0: 581 105 599 327 1 72 226 1 
7	0.0: 595 45 905 1 1 73 249 304 
7	0.0: 960 30 636 354 1 120 318 456 
7	0.0: 711 1 808 275 1 1 390 327 
7	0.0: 1041 27 596 46 1 59 235 277 
7	0.0: 838 1 596 368 1 87 355 152 
7	0.0: 923 1 747 253 116 1 445 15 
7	0.0: 1063 26 589 590 167 79 386 1 
7	0.0: 987 30 814 674 1 29 547 268 
7	0.0: 742 1 715 135 129 215 266 1 
7	0.0: 618 1 834 245 243 235 281 210 
7	0.0: 951 1 712 460 1 326 189 327 
7	0.0: 654 68 516 441 140 1 405 320 
7	0.0: 679 1 721 364 100 211 352 165 
7	0.0: 799 13 563 182 1 302 554 143 
7	0.0: 621 1 634 330 1 74 272 254 
7	0.0: 742 76 698 410 1 312 400 20 
7	0.0: 712 44 757 308 1 154 214 89 
7	0.0: 918 26 600 118 1 333 458 278 
7	0.0: 769 37 542 425 1 158 508 296 
7	0.0: 811 25 678 437 1 346 576 155 
7	0.0: 703 40 770 342 1 91 305 381 
7	0.0: 792 1 705 205 399 1 584 313 
7	0.0: 921 10 617 274 180 1 312 561 
7	0.0: 411 95 483 487 106 207 402 60 
7	0.0: 640 10 682 1 208 69 319 195 
7	0.0: 664 131 646 84 1 60 550 329 
7	0.0: 964 1 617 265 1 1 225 121 
7	0.0: 1160 109 762 308 1 250 314 229 
7	0.0: 816 50 796 414 307 193 416 342 
7	0.0: 959 1 711 74 88 1 423 492 
7	0.0: 694 1 667 361 1 143 531 152 
7	0.0: 579 1 662 251 355 69 319 311 
7	0.0: 629 1 686 186 1 150 519 457 
7	0.0: 713 1 860 248 1 28 432 335 
7	0.0: 834 72 559 459 35 306 414 266 
7	0.0: 407 1 753 297 1 1 245 382 
7	0.0: 492 53 673 318 1 197 362 1 
7	0.0: 952 1 786 1 68 257 501 454 
7	0.0: 516 59 749 163 46 37 347 241 
7	0.0: 669 86 574 1 1 262 352 173 
7	0.0: 686 41 563 536 10 173 520 297 
7	0.0: 634 1 712 266 1 183 447 120 
7	0.0: 812 1 727 1 53 123 417 418 
7	0.0: 903 7 638 306 1 179 458 297 
7	0.0: 473 46 725 345 75 83 277 275 
7	0.0: 664 1 631 647 1 120 393 1 
7	0.0: 984 1 735 493 39 1 332 89 
7	0.0: 424 43 678 293 281 183 296 214 
7	0.0: 740 117 675 204 73 1 252 42 
7	0.0: 942 18 706 548 1 220 266 353 
7	0.0: 747 24 728 344 127 41 505 53 
7	0.0: 879 121 663 343 293 1 529 304 
7	0.0: 891 33 775 785 99 6 202 192 
7	0.0: 1124 98 579 158 98 222 454 336 
7	0.0: 676 4 758 314 162 168 129 277 
7	0.0: 911 18 659 350 1 47 359 74 
7	0.0: 1010 1 477 616 64 52 350 99 
7	0.0: 714 34 676 635 169 31 260 610 
7	0.0: 908 1 699 1 1 61 323 209 
7	0.0: 1099 164 773 132 1 177 440 34 
7	0.0: 885 135 771 190 153 1 494 67 
7	0.0: 470 23 818 236 248 210 210 170 
7	0.0: 571 16 662 361 1 1 433 84 
7	0.0: 695 1 769 305 137 79 282 156 
7	0.0: 875 1 776 228 38 361 361 302 
7	0.0: 692 88 518 108 1 173 376 8 
7	0.0: 480 67 751 341 159 1 286 153 
7	0.0: 889 51 778 644 1 215 403 306 
7	0.0: 657 73 597 401 1 217 292 281 
7	0.0: 852 5 552 267 174 90 318 1 
7	0.0: 767 12 853 612 48 1 381 1 
7	0.0: 562 132 641 212 170 261 423 4 
7	0.0: 661 106 726 584 167 73 246 61 
7	0.0: 400 1 971 231 493 162 409 227 
7	0.0: 845 110 666 365 1 255 273 339 
7	0.0: 748 39 752 185 232 10 599 1 
7	0.0: 811 1 656 279 59 136 407 73 
7	0.0: 795 32 728 512 245 251 454 258 
7	0.0: 327 57 695 296 1 342 251 117 
7	0.0: 1345 62 970 325 1 59 189 145 
7	0.0: 344 47 619 493 92 229 275 189 
7	0.0: 996 81 759 611 1 168 242 272 
7	0.0: 858 1 776 429 108 1 377 90 
7	0.0: 344 19 643 439 51 175 489 99 
7	0.0: 430 1 804 320 1 283 454 166 
7	0.0: 947 1 745 356 1 101 415 441 
7	0.0: 833 1 684 152 83 175 421 55 
7	0.0: 697 41 788 238 93 184 238 231 
7	0.0: 620 99 776 119 1 202 228 328 
7	0.0: 780 52 737 207 147 91 484 239 
7	0.0: 994 1 808 373 98 104 510 389 
7	0.0: 996 1 617 149 115 115 339 58 
7	0.0: 976 115 720 400 1 170 377 178 
7	0.0: 854 90 651 308 151 40 463 315 
7	0.0: 827 76 689 170 1 1 238 365 
7	0.0: 689 30 814 229 138 312 450 4 
7	0.0: 433 65 876 223 307 143 337 244 
7	0.0: 496 28 740 136 352 245 353 1 
7	0.0: 864 1 639 478 242 76 381 102 
7	0.0: 772 55 826 436 1 212 416 244 
7	0.0: 750 23 918 452 1 1 306 184 
7	0.0: 1094 36 832 330 1 85 230 271 
7	0.0: 724 35 638 241 1 46 405 1 
7	0.0: 831 51 775 467 38 1 341 1 
7	0.0: 797 40 698 369 158 1 383 51 
7	0.0: 1129 42 634 271 1 47 423 389 
7	0.0: 607 125 764 218 1 100 423 167 
7	0.0: 853 31 817 199 59 293 273 128 
7	0.0: 967 1 792 296 157 21 400 86 
7	0.0: 886 65 778 473 1 194 574 1 
7	0.0: 1207 65 746 332 109 160 400 364 
7	0.0: 929 150 703 268 41 46 610 385 
7	0.0: 657 101 762 1 130 1 411 287 
7	0.0: 845 1 666 218 1 209 154 141 
7	0.0: 813 90 644 383 1 136 449 116 
7	0.0: 797 54 788 265 1 1 388 373 
7	0.0: 671 1 811 280 1 185 584 355 
7	0.0: 780 131 795 409 1 165 325 351 
7	0.0: 661 93 695 207 1 190 513 421 
7	0.0: 711 132 789 150 37 157 456 37 
7	0.0: 744 44 592 362 1 101 367 104 
7	0.0: 746 1 724 222 305 136 270 17 
7	0.0: 778 44 817 410 1 42 439 1 
7	0.0: 780 107 667 644 1 189 220 237 
7	0.0: 909 8 702 51 60 207 425 1 
7	0.0: 781 83 685 188 91 251 520 389 
7	0.0: 955 43 731 234 1 248 337 32 
7	0.0: 1097 56 799 54 309 1 306 1 
7	0.0: 881 36 743 1 147 68 202 316 
7	0.0: 938 45 720 269 1 1 265 51 
7	0.0: 653 69 731 482 400 77 169 1 
7	0.0: 672 146 606 299 115 71 320 201 
7	0.0: 847 1 821 480 151 1 333 97 
7	0.0: 904 1 756 246 1 168 427 1 
7	0.0: 881 1 705 200 125 50 328 206 
7	0.0: 547 1 763 362 32 1 279 152 
7	0.0: 959 1 529 165 34 1 407 234 
7	0.0: 895 1 707 615 1 4 493 55 
7	0.0: 1120 1 692 356 1 136 510 209 
7	0.0: 668 1 551 278 1 89 446 383 
7	0.0: 667 1 562 465 1 153 467 130 
7	0.0: 451 69 609 355 15 63 437 1 
7	0.0: 863 1 686 421 1 145 187 128 
7	0.0: 870 1 580 237 32 1 400 30 
7	0.0: 683 1 780 314 320 61 468 254 
7	0.0: 703 16 682 128 1 232 252 43 
7	0.0: 669 69 966 1 115 1 617 1 
7	0.0: 789 1 791 227 1 19 329 219 
7	0.0: 425 40 627 464 98 123 288 76 
7	0.0: 756 85 773 486 19 47 267 199 
7	0.0: 615 1 721 16 114 1 658 232 
7	0.0: 592 1 644 541 135 177 348 1 
7	0.0: 593 1 791 95 41 1 511 478 
7	0.0: 726 71 707 154 247 144 504 269 
7	0.0: 1025 6 673 97 26 1 505 100 
7	0.0: 784 1 734 366 1 15 535 225 
7	0.0: 919 86 724 185 122 113 388 48 
7	0.0: 749 62 641 240 267 95 276 13 
7	0.0: 722 26 665 264 1 69 338 193 
7	0.0: 649 21 820 181 1 171 359 1 
7	0.0: 859 1 782 251 260 2 539 248 
7	0.0: 965 68 863 538 1 146 350 300 
7	0.0: 776 73 622 1 63 228 504 451 
7	0.0: 767 88 638 197 1 165 452 163 
7	0.0: 560 1 613 277 68 97 525 174 
7	0.0: 879 26 706 423 1 62 97 435 
7	0.0: 791 51 581 368 55 141 225 414 
7	0.0: 766 17 740 8 275 262 607 125 
7	0.0: 862 76 622 347 189 182 124 354 
7	0.0: 845 106 745 101 221 233 452 333 
7	0.0: 726 67 841 299 1 140 270 218 
7	0.0: 752 45 692 47 1 281 352 294 
7	0.0: 604 4 718 50 1 106 445 1 
7	0.0: 742 1 878 485 1 168 421 241 
7	0.0: 908 93 739 570 1 79 441 98 
7	0.0: 1055 21 724 228 109 178 439 1 
7	0.0: 988 30 620 205 65 157 282 221 
7	0.0: 619 89 624 296 1 186 319 132 
7	0.0: 593 1 871 384 40 108 211 255 
7	0.0: 535 84 914 182 1 1 394 389 
7	0.0: 367 1 578 163 73 72 568 2 
7	0.0: 755 104 626 370 1 69 270 14 
7	0.0: 785 42 645 239 1 84 431 155 
7	0.0: 699 22 718 303 62 494 327 282 
7	0.0: 1009 61 568 245 37 143 206 153 
7	0.0: 820 35 643 77 1 79 339 1 
7	0.0: 868 57 621 23 1 1 447 1 
7	0.0: 570 90 727 43 260 155 255 113 
7	0.0: 1035 1 762 443 251 168 507 1 
7	0.0: 1019 122 760 498 98 332 289 101 
7	0.0: 725 57 724 492 1 1 374 141 
7	0.0: 797 1 633 482 301 171 426 11 
7	0.0: 838 1 733 673 1 1 259 158 
7	0.0: 877 1 784 506 1 1 388 514 
7	0.0: 895 96 752 293 408 300 311 62 
7	0.0: 777 98 717 151 12 28 514 108 
7	0.0: 664 31 656 522 1 342 160 197 
7	0.0: 872 1 708 264 82 10 488 187 
7	0.0: 967 1 754 325 273 407 374 9 
7	0.0: 680 67 746 279 111 343 431 167 
7	0.0: 900 79 647 470 1 269 389 323 
7	0.0: 904 1 566 1 1 333 533 254 
7	0.0: 661 47 628 171 12 111 491 100 
7	0.0: 914 172 696 368 237 18 361 100 
7	0.0: 814 115 686 621 1 208 384 239 
7	0.0: 850 39 737 223 144 203 313 345 
7	0.0: 867 92 882 366 112 60 383 132 
7	0.0: 668 25 718 390 138 280 282 29 
7	0.0: 1047 102 767 556 1 425 303 1 
7	0.0: 614 1 550 411 1 74 439 182 
7	0.0: 731 93 607 216 1 168 504 122 
7	0.0: 800 17 764 316 342 80 448 345 
7	0.0: 600 47 672 353 97 264 360 5 
