6	0.0: 640 760 303 144 783 215 837 300 
6	0.0: 672 775 329 149 614 1 917 377 
6	0.0: 696 629 260 151 397 145 855 464 
6	0.0: 801 941 409 141 666 1 948 377 
6	0.0: 685 817 314 154 806 1 788 77 
6	0.0: 662 888 379 146 1062 3 979 510 
6	0.0: 750 785 295 131 623 1 855 570 
6	0.0: 711 713 340 153 584 1 839 229 
6	0.0: 659 1016 349 113 549 39 935 491 
6	0.0: 758 848 445 127 776 30 948 569 
6	0.0: 712 801 217 164 625 180 908 233 
6	0.0: 673 1013 139 153 1077 1 764 205 
6	0.0: 594 941 404 137 974 1 877 376 
6	0.0: 617 961 210 160 69 1 822 385 
6	0.0: 701 743 367 139 467 1 864 215 
6	0.0: 650 984 304 143 704 143 885 274 
6	0.0: 861 1042 392 143 605 59 958 640 
6	0.0: 632 778 326 131 660 65 783 272 
6	0.0: 746 1033 177 163 993 1 880 409 
6	0.0: 675 642 241 157 598 17 837 393 
6	0.0: 817 1082 442 146 570 26 919 508 
6	0.0: 691 721 353 139 694 1 995 120 
6	0.0: 653 760 195 134 726 322 908 525 
6	0.0: 831 765 292 147 483 1 788 334 
6	0.0: 688 763 238 130 592 62 912 288 
6	0.0: 721 684 202 138 606 1 882 120 
6	0.0: 635 830 219 134 364 112 927 94 
6	0.0: 636 952 276 124 579 39 825 213 
6	0.0: 661 836 255 154 634 1 906 268 
6	0.0: 666 952 323 145 751 1 959 283 
6	0.0: 670 748 325 155 649 1 895 187 
6	0.0: 686 957 386 155 710 195 851 74 
6	0.0: 681 851 507 138 768 1 1029 212 
6	0.0: 673 1123 361 142 792 116 913 269 
6	0.0: 785 749 477 123 595 116 919 28 
6	0.0: 649 708 287 147 740 46 832 320 
6	0.0: 717 850 469 133 720 11 923 401 
6	0.0: 688 739 220 118 335 1 881 324 
6	0.0: 631 721 361 154 612 149 785 68 
6	0.0: 770 784 265 160 480 51 850 252 
6	0.0: 600 765 420 125 660 1 830 783 
6	0.0: 641 887 362 160 518 26 938 101 
6	0.0: 659 1028 356 153 713 1 988 453 
6	0.0: 708 860 462 155 777 150 896 503 
6	0.0: 755 925 306 165 599 1 963 277 
6	0.0: 729 719 294 158 625 263 916 476 
6	0.0: 643 882 406 175 1084 1 922 120 
6	0.0: 595 941 230 158 584 101 1060 454 
6	0.0: 518 748 186 149 727 1 891 149 
6	0.0: 751 959 352 141 564 171 845 168 
6	0.0: 622 856 433 124 756 41 842 260 
6	0.0: 677 767 361 140 572 1 834 406 
6	0.0: 689 928 450 159 754 1 806 652 
6	0.0: 743 924 346 168 648 293 899 202 
6	0.0: 703 924 284 140 440 1 875 630 
6	0.0: 709 988 311 148 651 1 978 466 
6	0.0: 653 936 328 174 631 39 861 245 
6	0.0: 692 981 228 150 410 1 843 198 
6	0.0: 744 813 247 143 619 1 860 779 
6	0.0: 601 860 512 141 518 37 931 504 
6	0.0: 673 871 477 149 299 1 919 182 
6	0.0: 635 655 315 145 227 111 929 280 
6	0.0: 806 918 350 146 336 1 960 581 
6	0.0: 722 901 304 140 831 1 912 374 
6	0.0: 779 939 417 169 951 71 948 416 
6	0.0: 637 844 258 140 624 1 860 612 
6	0.0: 756 953 379 139 109 1 786 223 
6	0.0: 639 647 354 137 449 235 767 388 
6	0.0: 698 852 349 138 655 1 808 242 
6	0.0: 657 894 306 144 545 1 944 222 
6	0.0: 650 905 340 149 581 123 899 463 
6	0.0: 733 986 315 148 763 1 827 450 
6	0.0: 716 926 212 151 707 212 882 294 
6	0.0: 659 971 314 150 635 1 856 844 
6	0.0: 696 801 324 144 560 1 956 373 
6	0.0: 735 1108 335 166 357 1 960 492 
6	0.0: 659 909 498 151 899 1 831 707 
6	0.0: 695 804 408 161 923 1 926 252 
6	0.0: 777 1011 488 165 990 17 807 278 
6	0.0: 774 889 281 164 727 105 824 208 
6	0.0: 779 983 374 137 381 1 863 328 
6	0.0: 734 711 323 163 694 1 869 251 
6	0.0: 704 860 460 146 743 1 936 122 
6	0.0: 692 591 225 136 648 1 923 105 
6	0.0: 738 746 232 165 289 74 809 662 
6	0.0: 583 716 327 160 640 1 763 204 
6	0.0: 574 875 314 152 787 10 914 273 
6	0.0: 767 605 317 154 325 116 918 487 
6	0.0: 751 572 368 135 809 14 816 390 
6	0.0: 752 754 295 149 501 33 876 375 
6	0.0: 610 940 215 146 573 1 853 586 
6	0.0: 698 889 182 150 587 1 922 435 
6	0.0: 747 853 306 133 736 116 708 445 
6	0.0: 749 766 257 149 559 1 878 377 
6	0.0: 650 823 411 148 840 1 924 285 
6	0.0: 714 978 200 159 945 84 897 234 
6	0.0: 724 832 317 136 833 1 890 268 
6	0.0: 699 1026 320 132 796 1 950 659 
6	0.0: 713 825 230 136 550 1 829 219 
6	0.0: 732 941 366 143 546 32 927 177 
6	0.0: 633 691 341 188 414 1 976 258 
6	0.0: 744 926 334 144 390 22 758 383 
6	0.0: 646 1099 382 159 752 1 963 1 
6	0.0: 764 835 373 140 483 102 829 283 
6	0.0: 690 860 349 138 386 1 879 462 
6	0.0: 625 979 394 166 625 1 760 287 
6	0.0: 815 630 387 155 407 1 965 394 
6	0.0: 617 938 291 145 339 1 942 553 
6	0.0: 799 800 290 159 894 1 823 358 
6	0.0: 736 1011 162 149 833 37 887 310 
6	0.0: 655 896 317 140 937 3 855 105 
6	0.0: 745 977 447 124 377 1 1066 331 
6	0.0: 713 1005 211 156 561 1 854 231 
6	0.0: 732 845 399 143 872 1 878 376 
6	0.0: 730 667 449 150 456 1 833 532 
6	0.0: 609 878 277 144 854 41 951 569 
6	0.0: 728 710 267 144 658 187 1031 241 
6	0.0: 853 735 316 147 942 311 838 474 
6	0.0: 667 969 299 144 627 1 940 559 
6	0.0: 661 1010 422 145 768 88 859 577 
6	0.0: 856 654 274 156 460 6 764 573 
6	0.0: 759 984 279 146 662 1 888 82 
6	0.0: 683 701 438 146 765 239 855 593 
6	0.0: 661 789 235 142 1341 184 874 424 
6	0.0: 755 685 305 146 413 1 885 453 
6	0.0: 659 967 354 139 743 1 835 576 
6	0.0: 710 718 324 151 914 1 936 1 
6	0.0: 724 721 272 167 653 123 747 689 
6	0.0: 817 960 374 157 749 58 818 243 
6	0.0: 760 586 375 150 630 271 1020 349 
6	0.0: 721 1075 361 182 637 1 803 33 
6	0.0: 794 712 294 167 576 221 969 376 
6	0.0: 582 692 277 149 825 1 935 128 
6	0.0: 725 739 313 142 378 25 787 526 
6	0.0: 677 1004 402 145 774 1 845 399 
6	0.0: 706 606 300 141 410 118 1012 299 
6	0.0: 663 717 288 135 491 1 962 387 
6	0.0: 777 916 286 151 568 1 847 370 
6	0.0: 785 700 269 151 846 1 961 1 
6	0.0: 784 808 336 125 638 1 976 420 
6	0.0: 702 600 346 158 354 119 1016 317 
6	0.0: 694 644 204 132 279 1 893 146 
6	0.0: 679 685 341 137 543 1 890 249 
6	0.0: 651 897 310 126 792 7 943 268 
6	0.0: 677 1129 441 128 528 149 938 428 
6	0.0: 568 853 321 126 350 22 926 338 
6	0.0: 654 1081 171 169 169 75 844 508 
6	0.0: 604 549 355 140 365 97 859 180 
6	0.0: 697 911 300 150 812 1 820 335 
6	0.0: 684 747 327 160 747 1 869 162 
6	0.0: 804 853 356 143 724 339 901 605 
6	0.0: 756 965 297 138 803 136 1014 198 
6	0.0: 834 818 347 140 191 1 882 311 
6	0.0: 667 1087 154 143 364 1 941 390 
6	0.0: 688 803 373 160 388 92 901 356 
6	0.0: 722 805 363 154 659 214 953 390 
6	0.0: 605 850 229 158 688 168 809 397 
6	0.0: 827 843 429 163 249 25 930 185 
6	0.0: 610 802 397 152 770 1 900 90 
6	0.0: 634 821 527 152 478 136 863 234 
6	0.0: 691 892 328 160 820 12 895 301 
6	0.0: 670 700 94 143 771 133 910 639 
6	0.0: 687 1215 334 170 925 59 853 511 
6	0.0: 675 737 256 144 372 141 796 260 
6	0.0: 581 737 292 172 517 188 894 171 
6	0.0: 755 774 401 146 307 136 881 240 
6	0.0: 713 854 376 142 773 54 814 532 
6	0.0: 718 793 129 153 810 1 871 361 
6	0.0: 724 772 402 156 469 1 879 370 
6	0.0: 708 1058 369 137 511 166 998 427 
6	0.0: 563 743 318 127 921 165 878 535 
6	0.0: 781 908 139 152 658 1 1079 292 
6	0.0: 606 569 306 144 752 79 904 375 
6	0.0: 711 808 240 170 439 36 831 501 
6	0.0: 655 890 430 138 1000 1 907 50 
6	0.0: 611 1038 199 154 632 1 976 331 
6	0.0: 738 1071 327 142 553 194 794 402 
6	0.0: 639 780 455 144 663 17 881 114 
6	0.0: 723 1063 329 153 448 1 962 328 
6	0.0: 660 949 272 146 487 1 918 532 
6	0.0: 691 1005 212 137 479 1 841 546 
6	0.0: 704 687 385 136 502 41 974 232 
6	0.0: 697 934 353 147 643 1 923 415 
6	0.0: 725 745 395 127 767 1 1013 211 
6	0.0: 658 750 406 158 964 1 770 299 
6	0.0: 689 720 328 140 558 1 954 179 
6	0.0: 832 819 318 141 748 1 919 272 
6	0.0: 666 919 380 147 602 1 973 176 
6	0.0: 702 822 233 116 576 1 807 425 
6	0.0: 741 613 306 152 727 1 903 622 
6	0.0: 690 885 276 120 638 1 823 286 
6	0.0: 851 912 233 156 480 1 732 262 
6	0.0: 741 695 249 143 465 1 820 300 
6	0.0: 605 589 514 141 701 192 1002 201 
6	0.0: 780 858 323 149 776 1 1002 532 
6	0.0: 726 979 321 166 739 72 858 628 
6	0.0: 774 992 337 133 386 1 1002 653 
6	0.0: 705 809 403 139 314 1 920 371 
6	0.0: 692 655 438 139 766 6 1070 297 
6	0.0: 737 905 280 122 306 1 874 182 
6	0.0: 698 679 225 171 762 223 995 424 
6	0.0: 843 891 383 138 801 71 1032 361 
6	0.0: 738 706 375 143 830 1 962 370 
6	0.0: 661 836 240 128 767 1 921 526 
6	0.0: 603 798 367 149 500 1 969 245 
6	0.0: 595 702 284 144 794 180 884 550 
6	0.0: 561 678 405 152 588 1 867 1 
6	0.0: 726 856 465 127 358 1 1007 205 
6	0.0: 730 705 403 178 502 126 949 425 
6	0.0: 606 904 426 176 393 125 770 313 
6	0.0: 627 893 299 165 528 112 897 175 
6	0.0: 724 792 355 147 722 1 829 182 
6	0.0: 691 614 256 172 750 10 863 231 
6	0.0: 713 770 213 162 437 1 893 656 
6	0.0: 656 966 313 164 742 122 1022 321 
6	0.0: 855 722 345 122 1009 1 908 385 
6	0.0: 670 862 299 159 738 1 918 263 
6	0.0: 637 1072 249 137 787 1 948 477 
6	0.0: 666 679 304 162 398 1 956 321 
6	0.0: 690 707 273 141 364 1 933 180 
6	0.0: 721 716 421 142 711 1 787 768 
6	0.0: 674 712 262 125 631 45 942 438 
6	0.0: 711 569 435 164 629 1 899 399 
6	0.0: 589 924 343 148 812 1 949 291 
6	0.0: 609 759 499 153 574 225 843 283 
6	0.0: 706 730 235 173 636 1 756 243 
6	0.0: 759 1043 384 141 573 217 915 386 
6	0.0: 657 822 316 145 973 124 855 294 
6	0.0: 705 844 305 136 463 1 884 30 
6	0.0: 677 781 259 142 550 128 966 350 
6	0.0: 770 966 375 168 484 164 909 421 
6	0.0: 678 853 296 153 822 1 867 375 
6	0.0: 645 966 262 133 640 1 929 1 
6	0.0: 650 874 327 158 888 1 878 307 
6	0.0: 612 845 302 136 554 1 896 455 
6	0.0: 779 830 449 119 979 65 830 337 
6	0.0: 645 923 227 150 1030 48 817 341 
6	0.0: 695 976 334 160 633 17 895 469 
6	0.0: 675 637 430 155 994 1 922 515 
6	0.0: 637 977 398 154 218 294 831 363 
6	0.0: 680 1000 241 151 548 1 902 408 
6	0.0: 636 845 337 167 582 127 718 391 
6	0.0: 692 754 297 144 812 1 954 454 
6	0.0: 568 793 381 144 569 1 974 119 
6	0.0: 709 747 317 149 375 1 988 465 
6	0.0: 735 906 226 167 449 1 1033 555 
6	0.0: 662 958 257 133 1043 2 980 133 
6	0.0: 726 796 251 138 781 176 837 324 
6	0.0: 667 782 175 153 635 1 881 214 
6	0.0: 682 829 202 159 654 1 806 411 
6	0.0: 693 692 258 138 236 224 999 533 
6	0.0: 675 1039 175 160 803 176 762 410 
6	0.0: 719 820 163 176 922 1 873 549 
6	0.0: 689 988 326 144 442 132 824 90 
6	0.0: 791 517 268 156 763 1 1025 98 
6	0.0: 678 964 199 137 992 164 928 161 
6	0.0: 636 845 352 161 458 1 1023 196 
6	0.0: 671 945 401 156 858 1 848 671 
6	0.0: 731 677 256 152 641 12 828 492 
6	0.0: 594 892 153 144 417 128 946 1 
6	0.0: 626 898 350 122 578 1 1005 313 
6	0.0: 633 702 313 147 640 1 949 622 
6	0.0: 637 1107 479 166 588 1 891 205 
6	0.0: 558 728 366 155 135 56 956 337 
6	0.0: 756 617 412 155 657 1 869 172 
6	0.0: 687 833 370 143 504 48 920 467 
6	0.0: 636 637 378 161 471 1 896 83 
6	0.0: 737 788 296 150 829 1 817 171 
6	0.0: 787 696 422 143 676 1 836 442 
6	0.0: 602 975 292 152 462 182 863 538 
5	0.0: 731 991 509 152 27 1 863 418 
6	0.0: 822 762 415 155 664 61 766 118 
6	0.0: 690 960 332 168 632 24 1005 389 
6	0.0: 722 989 203 145 1003 54 924 636 
6	0.0: 727 788 391 175 958 60 1012 631 
6	0.0: 749 888 275 163 572 166 799 549 
6	0.0: 706 1043 276 164 534 105 877 132 
6	0.0: 710 950 298 139 625 1 940 118 
6	0.0: 764 671 348 130 558 114 990 457 
6	0.0: 723 946 288 145 416 109 836 367 
6	0.0: 676 987 266 142 546 47 833 725 
6	0.0: 711 918 115 162 686 227 900 410 
6	0.0: 638 758 530 157 631 1 948 473 
6	0.0: 776 848 332 137 858 1 989 531 
6	0.0: 746 729 335 151 734 250 911 355 
6	0.0: 701 667 241 132 654 68 816 402 
6	0.0: 825 773 361 143 678 124 897 699 
6	0.0: 707 778 377 140 611 10 742 13 
6	0.0: 698 941 311 152 729 1 879 333 
6	0.0: 664 762 488 159 349 60 858 422 
6	0.0: 726 930 253 171 478 1 971 327 
6	0.0: 740 767 404 145 918 1 856 306 
6	0.0: 632 723 317 124 559 1 851 381 
6	0.0: 745 795 418 149 1010 1 839 512 
6	0.0: 722 600 274 139 616 198 914 344 
6	0.0: 649 703 436 139 726 1 1030 1 
6	0.0: 833 1053 303 143 656 1 964 236 
6	0.0: 820 912 324 130 782 203 953 500 
6	0.0: 741 666 336 138 676 1 837 525 
6	0.0: 701 713 317 157 633 113 927 463 
6	0.0: 657 703 278 147 786 1 844 504 
6	0.0: 702 851 352 131 720 1 877 390 
6	0.0: 658 759 266 164 441 1 810 366 
6	0.0: 594 882 358 151 756 227 776 631 
6	0.0: 664 902 366 152 804 1 911 276 
6	0.0: 653 786 456 156 667 103 905 418 
6	0.0: 740 751 197 150 528 26 1014 265 
6	0.0: 636 673 369 132 968 1 894 646 
6	0.0: 729 806 423 146 339 78 903 532 
6	0.0: 636 808 398 143 832 1 816 314 
6	0.0: 693 815 364 158 501 90 1012 224 
6	0.0: 801 1037 337 171 586 1 845 398 
6	0.0: 823 613 350 145 879 159 934 363 
6	0.0: 572 813 473 138 744 61 826 1 
6	0.0: 810 1096 351 141 691 1 941 1 
6	0.0: 748 1007 216 140 669 154 909 120 
6	0.0: 728 702 507 126 705 154 843 63 
6	0.0: 804 964 470 147 608 1 879 653 
6	0.0: 773 652 268 162 667 1 1033 448 
6	0.0: 717 859 315 150 743 1 892 301 
6	0.0: 704 912 430 146 805 30 906 408 
6	0.0: 770 699 286 124 663 1 993 98 
6	0.0: 672 573 312 161 628 1 784 223 
6	0.0: 727 969 388 140 883 2 863 397 
6	0.0: 702 976 387 123 372 111 990 98 
6	0.0: 717 966 381 160 786 77 759 582 
6	0.0: 720 736 314 174 600 181 1036 530 
6	0.0: 751 706 263 144 467 1 777 60 
6	0.0: 701 848 390 159 510 27 911 271 
6	0.0: 607 907 267 147 782 6 852 505 
6	0.0: 702 722 348 158 685 1 834 279 
6	0.0: 768 687 341 142 555 53 985 353 
6	0.0: 681 946 421 139 559 1 877 367 
6	0.0: 727 967 392 168 516 1 842 485 
6	0.0: 648 851 276 147 439 1 829 232 
6	0.0: 644 892 373 127 853 15 936 400 
6	0.0: 685 793 219 131 124 1 897 485 
6	0.0: 689 812 376 143 660 1 961 515 
6	0.0: 762 727 420 142 744 1 707 238 
6	0.0: 610 811 243 134 418 14 823 664 
6	0.0: 724 817 226 154 704 132 1012 462 
6	0.0: 680 833 319 157 1 105 901 297 
6	0.0: 792 1067 377 152 564 1 790 577 
6	0.0: 667 861 336 142 431 1 892 89 
6	0.0: 716 722 490 137 526 1 1039 141 
6	0.0: 766 841 390 162 959 1 917 304 
6	0.0: 709 849 307 144 679 1 1016 59 
6	0.0: 799 841 253 150 841 190 871 221 
6	0.0: 815 757 336 163 645 1 888 342 
6	0.0: 652 633 269 149 806 162 926 461 
6	0.0: 731 736 369 153 811 277 850 274 
6	0.0: 764 757 414 135 389 1 688 290 
6	0.0: 719 903 337 144 639 97 1028 367 
6	0.0: 828 910 246 138 279 1 974 228 
6	0.0: 743 679 280 143 568 1 941 517 
6	0.0: 681 776 253 145 731 183 914 516 
6	0.0: 628 834 303 135 416 263 958 403 
6	0.0: 522 953 222 133 824 37 980 456 
6	0.0: 800 846 264 135 644 1 869 813 
6	0.0: 688 639 390 173 390 1 950 191 
6	0.0: 794 998 364 139 586 180 802 346 
6	0.0: 791 945 454 147 595 95 820 277 
6	0.0: 734 1004 157 139 573 1 927 446 
6	0.0: 705 992 395 147 657 36 763 38 
6	0.0: 762 874 345 141 402 1 861 410 
6	0.0: 748 880 418 140 614 1 1004 27 
6	0.0: 722 814 440 149 550 1 783 141 
6	0.0: 768 872 335 143 701 41 817 432 
6	0.0: 685 903 209 142 305 216 841 517 
6	0.0: 807 836 301 128 885 155 912 176 
6	0.0: 704 792 375 146 507 116 928 464 
6	0.0: 677 916 369 146 808 199 982 730 
6	0.0: 729 889 373 164 513 338 848 240 
6	0.0: 738 868 288 147 1127 1 975 470 
6	0.0: 695 889 216 140 479 128 829 104 
6	0.0: 634 864 368 124 898 176 957 305 
6	0.0: 738 577 315 132 500 1 1015 255 
6	0.0: 669 930 416 138 577 1 906 644 
6	0.0: 770 872 348 151 612 177 950 414 
6	0.0: 656 591 551 145 506 46 816 375 
6	0.0: 725 989 379 111 678 9 874 372 
6	0.0: 709 781 310 155 662 127 1048 515 
6	0.0: 698 684 361 169 542 183 864 479 
6	0.0: 633 955 361 126 544 1 805 240 
6	0.0: 639 1041 306 123 744 14 949 1 
6	0.0: 750 881 356 133 978 1 959 91 
6	0.0: 794 854 376 153 377 1 864 193 
6	0.0: 785 806 419 152 710 1 852 413 
6	0.0: 727 584 225 131 714 118 865 534 
6	0.0: 783 995 321 139 1057 237 979 336 
6	0.0: 723 903 413 160 862 1 795 190 
6	0.0: 727 1025 298 129 455 3 892 249 
6	0.0: 690 939 312 153 629 162 777 7 
6	0.0: 722 923 356 157 436 1 911 293 
6	0.0: 756 1021 295 145 234 1 925 403 
6	0.0: 654 836 410 156 588 1 903 151 
6	0.0: 574 1167 265 141 490 1 995 552 
6	0.0: 678 847 284 152 776 1 968 463 
6	0.0: 815 869 308 156 1052 128 1000 217 
6	0.0: 778 562 378 168 568 1 887 142 
6	0.0: 682 973 375 147 613 1 966 307 
6	0.0: 777 816 501 137 739 71 921 75 
6	0.0: 604 883 348 154 513 111 1001 388 
6	0.0: 653 830 278 171 730 1 1014 1 
6	0.0: 752 907 293 142 665 84 922 557 
6	0.0: 713 767 311 193 797 66 971 450 
6	0.0: 704 959 283 162 611 63 886 482 
6	0.0: 602 764 432 141 672 10 868 322 
6	0.0: 675 847 460 134 462 1 837 222 
6	0.0: 752 903 246 166 772 1 931 140 
6	0.0: 791 974 294 152 472 1 1051 428 
6	0.0: 803 949 447 170 779 1 946 475 
6	0.0: 709 1031 274 132 588 154 797 368 
6	0.0: 860 967 446 143 890 19 831 368 
6	0.0: 739 842 423 131 738 1 1036 162 
6	0.0: 594 761 281 141 294 1 878 307 
6	0.0: 613 898 488 142 370 1 811 349 
6	0.0: 568 931 351 143 329 1 807 124 
6	0.0: 786 727 418 153 475 1 920 562 
6	0.0: 717 718 439 160 668 4 789 226 
6	0.0: 654 955 216 152 739 1 952 230 
6	0.0: 739 576 294 144 925 68 871 128 
6	0.0: 594 735 498 154 680 1 845 484 
6	0.0: 732 680 435 175 749 258 931 760 
6	0.0: 609 1086 290 125 731 1 878 878 
6	0.0: 888 931 381 143 646 1 959 392 
6	0.0: 616 820 147 145 350 1 965 1 
6	0.0: 810 838 332 132 872 37 886 723 
6	0.0: 765 928 285 136 605 191 910 348 
6	0.0: 664 720 343 154 521 1 938 243 
6	0.0: 724 952 228 156 975 187 918 134 
6	0.0: 743 909 317 142 558 1 976 639 
6	0.0: 740 883 315 131 780 15 835 599 
6	0.0: 823 544 455 149 692 65 935 61 
6	0.0: 718 889 297 167 761 118 987 127 
6	0.0: 696 693 421 153 754 1 862 539 
6	0.0: 711 649 293 148 581 1 891 416 
6	0.0: 754 884 196 182 946 1 911 580 
6	0.0: 681 766 173 136 935 1 816 117 
6	0.0: 796 646 367 130 687 12 905 437 
6	0.0: 654 827 336 160 517 1 842 40 
6	0.0: 702 743 244 131 271 178 846 411 
6	0.0: 818 1017 315 149 487 1 884 626 
6	0.0: 664 993 404 152 473 1 1041 486 
6	0.0: 642 1064 268 147 507 1 877 414 
6	0.0: 795 617 273 153 652 27 781 290 
6	0.0: 816 744 347 149 636 48 895 503 
6	0.0: 621 887 325 166 690 258 899 658 
6	0.0: 782 846 379 149 459 78 926 488 
6	0.0: 786 877 378 152 603 266 879 49 
6	0.0: 742 710 446 162 548 1 861 555 
6	0.0: 756 981 336 173 713 95 873 468 
6	0.0: 621 816 427 141 893 1 837 474 
6	0.0: 763 1103 245 172 541 121 748 595 
6	0.0: 807 772 420 140 549 112 935 188 
6	0.0: 750 871 332 162 368 1 788 631 
6	0.0: 810 704 367 171 480 155 742 255 
6	0.0: 698 966 369 148 952 6 830 270 
6	0.0: 699 792 351 144 479 1 858 1 
6	0.0: 699 722 186 147 815 178 838 393 
6	0.0: 558 696 446 141 737 136 1039 232 
6	0.0: 716 567 373 160 629 267 967 100 
6	0.0: 695 612 390 137 651 1 896 347 
6	0.0: 691 792 267 145 568 61 964 306 
6	0.0: 705 985 353 136 767 92 920 442 
6	0.0: 758 907 361 135 480 120 715 478 
6	0.0: 761 720 344 142 769 54 795 281 
6	0.0: 732 891 173 139 550 1 987 272 
6	0.0: 692 772 414 159 527 99 865 239 
6	0.0: 613 697 286 139 810 1 926 265 
6	0.0: 789 743 318 132 724 1 867 258 
6	0.0: 665 716 217 170 911 1 877 596 
6	0.0: 553 748 363 149 902 1 902 797 
6	0.0: 669 862 286 144 949 1 842 50 
6	0.0: 686 799 331 171 479 49 870 40 
6	0.0: 812 898 478 155 666 80 883 159 
6	0.0: 660 826 298 143 536 1 908 319 
6	0.0: 569 710 217 154 782 98 869 118 
6	0.0: 667 783 488 165 531 157 894 425 
6	0.0: 795 872 331 125 737 1 872 478 
6	0.0: 657 916 318 145 604 1 934 317 
6	0.0: 649 782 227 157 663 1 911 418 
6	0.0: 753 911 327 138 690 29 958 337 
6	0.0: 676 914 373 132 257 183 975 196 
6	0.0: 653 718 361 168 580 120 928 358 
6	0.0: 718 884 282 168 917 82 934 529 
6	0.0: 769 871 374 156 802 51 959 479 
6	0.0: 737 916 412 148 674 105 912 347 
6	0.0: 599 640 286 124 631 1 831 190 
6	0.0: 663 838 399 153 483 202 1041 471 
6	0.0: 763 726 385 150 505 1 974 59 
6	0.0: 711 786 334 152 946 150 949 379 
6	0.0: 810 856 341 150 331 188 928 516 
6	0.0: 742 735 363 157 653 1 894 531 
6	0.0: 747 855 269 151 546 1 932 421 
6	0.0: 679 845 368 170 648 164 939 245 
6	0.0: 605 1052 277 140 341 38 768 394 
6	0.0: 759 809 414 152 618 71 850 199 
6	0.0: 665 665 424 154 847 313 775 568 
6	0.0: 657 1025 427 147 781 1 880 366 
6	0.0: 735 717 293 154 663 156 828 416 
6	0.0: 760 600 458 131 730 146 966 404 
6	0.0: 760 1048 389 146 946 205 811 454 
6	0.0: 705 871 270 157 613 115 876 421 
6	0.0: 755 834 338 124 814 1 855 342 
6	0.0: 793 616 369 150 360 94 907 249 
6	0.0: 664 792 243 145 508 1 985 399 
6	0.0: 584 891 307 134 328 1 901 281 
6	0.0: 781 812 356 142 839 135 839 336 
6	0.0: 646 642 306 144 963 61 960 401 
6	0.0: 707 953 283 140 622 93 892 640 
6	0.0: 745 831 183 140 695 1 805 840 
6	0.0: 640 807 351 141 837 1 796 210 
6	0.0: 571 638 222 130 991 1 910 687 
6	0.0: 742 897 359 160 358 170 925 335 
6	0.0: 710 641 408 163 1072 102 823 478 
6	0.0: 641 943 226 153 765 1 958 568 
6	0.0: 625 935 258 141 424 1 851 372 
6	0.0: 760 1033 324 129 843 32 922 1 
6	0.0: 737 895 340 135 868 12 834 399 
6	0.0: 738 648 267 133 1129 1 932 261 
6	0.0: 682 885 508 143 676 1 953 131 
6	0.0: 737 857 282 141 794 33 940 138 
6	0.0: 632 670 349 148 828 253 923 1 
6	0.0: 618 872 403 158 653 1 772 367 
6	0.0: 649 684 365 163 1074 148 924 421 
6	0.0: 643 980 410 148 722 143 840 517 
6	0.0: 761 819 361 162 683 1 906 214 
6	0.0: 732 954 366 171 640 1 845 145 
6	0.0: 662 708 306 128 616 98 1023 739 
6	0.0: 571 807 437 149 904 1 942 619 
6	0.0: 638 838 439 132 637 28 903 546 
6	0.0: 635 867 341 145 971 50 790 430 
6	0.0: 719 779 280 140 453 1 1032 410 
6	0.0: 740 941 399 147 694 91 1008 165 
6	0.0: 697 889 350 127 605 239 892 198 
6	0.0: 701 939 248 143 997 175 920 649 
6	0.0: 753 587 339 158 631 11 897 232 
6	0.0: 538 758 374 153 606 281 960 287 
6	0.0: 701 619 468 169 509 1 902 609 
6	0.0: 652 810 453 159 968 36 810 413 
6	0.0: 798 849 320 170 780 4 928 331 
6	0.0: 648 717 196 130 890 133 887 288 
6	0.0: 821 728 555 155 577 1 839 290 
6	0.0: 691 736 323 155 799 98 928 328 
6	0.0: 729 752 288 147 413 1 834 179 
6	0.0: 655 872 277 133 821 1 989 474 
6	0.0: 636 851 417 149 854 46 1008 157 
6	0.0: 573 933 411 126 324 1 913 253 
6	0.0: 675 745 439 143 622 1 1000 757 
6	0.0: 631 794 392 127 477 1 771 677 
6	0.0: 688 1087 346 149 571 12 849 258 
6	0.0: 675 870 379 155 488 1 990 210 
6	0.0: 735 743 400 145 800 1 739 386 
6	0.0: 564 507 328 120 513 1 886 260 
6	0.0: 647 629 318 150 981 1 928 423 
6	0.0: 722 883 372 174 250 85 954 503 
6	0.0: 611 819 373 168 768 1 853 314 
6	0.0: 670 918 353 156 403 68 872 1 
6	0.0: 761 817 241 145 586 1 771 718 
6	0.0: 838 782 233 151 964 81 1015 410 
6	0.0: 771 813 202 151 718 1 746 263 
6	0.0: 724 794 314 154 605 82 946 508 
6	0.0: 755 697 336 167 799 74 788 814 
6	0.0: 834 874 246 148 294 1 836 324 
6	0.0: 622 920 446 154 750 1 869 314 
6	0.0: 635 907 351 150 575 307 847 383 
6	0.0: 646 767 307 159 632 3 997 322 
6	0.0: 677 689 374 137 636 48 989 650 
6	0.0: 699 964 416 159 360 1 970 192 
6	0.0: 577 936 303 141 889 148 923 344 
6	0.0: 618 564 330 160 661 1 775 332 
6	0.0: 803 829 500 152 641 134 912 353 
6	0.0: 736 692 311 150 949 3 961 323 
6	0.0: 757 921 207 146 663 139 994 486 
6	0.0: 627 923 232 155 451 1 954 267 
6	0.0: 710 646 306 133 865 60 887 355 
6	0.0: 698 914 200 148 928 112 905 283 
6	0.0: 736 639 243 139 894 1 855 164 
6	0.0: 719 822 290 130 865 1 1026 234 
6	0.0: 714 659 335 151 644 75 932 330 
6	0.0: 771 878 214 153 1052 1 926 319 
6	0.0: 766 815 247 138 633 257 880 709 
6	0.0: 738 889 487 146 334 101 888 322 
6	0.0: 702 850 305 157 979 43 848 418 
6	0.0: 626 676 362 151 535 1 843 367 
6	0.0: 688 748 322 136 733 1 885 372 
6	0.0: 737 905 221 150 402 23 891 274 
6	0.0: 627 958 380 138 650 94 873 102 
6	0.0: 717 1029 330 148 502 25 913 297 
6	0.0: 720 775 389 164 832 64 959 678 
6	0.0: 770 1062 301 132 790 1 884 270 
6	0.0: 622 993 231 149 475 1 842 71 
6	0.0: 756 552 458 152 719 1 794 537 
6	0.0: 805 781 284 165 986 160 866 540 
6	0.0: 613 851 496 138 719 1 897 1 
6	0.0: 616 740 302 126 677 1 911 420 
6	0.0: 683 784 370 148 508 1 1009 247 
6	0.0: 742 561 299 158 669 272 1019 614 
6	0.0: 800 996 461 145 499 1 838 376 
6	0.0: 660 758 353 154 516 246 833 88 
6	0.0: 643 717 351 145 849 187 926 1 
6	0.0: 671 843 429 145 570 50 844 1068 
6	0.0: 683 1015 263 146 694 46 932 112 
6	0.0: 671 901 416 155 372 22 864 256 
6	0.0: 777 924 445 137 944 43 987 232 
6	0.0: 751 668 269 138 305 114 835 260 
6	0.0: 713 820 374 176 1209 99 918 238 
6	0.0: 558 891 390 146 949 1 974 409 
6	0.0: 772 914 385 144 703 1 820 241 
6	0.0: 729 727 310 131 738 188 894 72 
6	0.0: 722 707 287 152 752 203 881 211 
6	0.0: 642 737 383 185 828 1 830 512 
6	0.0: 705 759 247 141 560 1 1014 463 
6	0.0: 662 818 303 174 968 1 964 401 
6	0.0: 562 902 465 165 372 1 915 322 
6	0.0: 683 842 366 150 925 1 936 632 
6	0.0: 600 530 463 145 700 1 799 284 
6	0.0: 746 948 378 164 695 68 956 471 
6	0.0: 681 933 331 160 925 83 928 752 
6	0.0: 845 834 454 147 826 1 888 374 
6	0.0: 865 896 318 130 283 89 857 411 
6	0.0: 707 937 341 157 891 294 896 148 
6	0.0: 772 705 356 159 383 149 968 354 
6	0.0: 735 732 266 143 791 1 891 1 
6	0.0: 724 884 286 153 334 130 804 230 
6	0.0: 655 763 252 173 816 1 987 229 
6	0.0: 721 813 371 140 469 1 1028 173 
6	0.0: 702 652 423 154 833 17 859 89 
6	0.0: 760 657 334 158 639 1 938 368 
6	0.0: 682 878 459 156 601 1 999 519 
6	0.0: 752 631 401 157 678 364 912 493 
6	0.0: 844 1063 292 143 812 1 832 170 
6	0.0: 705 903 367 168 533 1 897 106 
6	0.0: 816 637 324 124 474 1 861 194 
6	0.0: 772 780 290 164 648 1 892 374 
6	0.0: 739 930 340 136 1015 1 913 459 
6	0.0: 781 952 358 159 409 61 928 321 
6	0.0: 684 724 445 172 919 1 897 570 
6	0.0: 670 1069 248 132 722 186 885 26 
6	0.0: 782 958 323 161 879 178 821 489 
6	0.0: 690 1047 293 158 557 243 784 158 
6	0.0: 544 737 306 166 615 1 886 115 
6	0.0: 820 1076 310 144 457 133 948 711 
6	0.0: 684 902 260 148 723 1 892 462 
6	0.0: 726 867 404 130 437 172 847 173 
6	0.0: 595 874 291 185 337 266 932 116 
6	0.0: 586 842 347 137 197 323 828 368 
6	0.0: 678 682 404 133 740 69 957 139 
6	0.0: 713 796 388 141 599 1 828 1 
6	0.0: 756 728 195 155 849 24 1034 571 
6	0.0: 598 715 198 148 716 1 855 443 
6	0.0: 703 906 319 152 821 1 864 484 
6	0.0: 534 752 359 157 523 1 995 328 
6	0.0: 670 816 292 153 795 119 986 578 
6	0.0: 732 786 264 118 676 49 912 402 
6	0.0: 724 861 258 141 513 1 917 71 
6	0.0: 688 876 302 148 677 49 804 361 
6	0.0: 656 916 427 137 652 11 876 490 
6	0.0: 641 896 272 158 398 43 859 504 
6	0.0: 630 1102 345 147 822 62 946 136 
6	0.0: 724 777 268 163 599 119 886 408 
6	0.0: 708 826 310 129 315 11 876 78 
6	0.0: 788 813 287 159 834 1 889 543 
6	0.0: 656 891 265 150 760 1 820 400 
6	0.0: 676 845 287 164 530 119 917 276 
6	0.0: 707 899 394 149 854 122 888 212 
6	0.0: 716 881 515 141 550 7 937 291 
6	0.0: 689 770 198 154 620 6 805 706 
6	0.0: 527 1064 297 167 967 1 909 285 
6	0.0: 564 1068 243 153 514 80 917 538 
6	0.0: 802 664 414 149 636 90 817 230 
6	0.0: 604 892 211 146 257 219 873 287 
6	0.0: 685 921 361 156 862 1 1007 185 
6	0.0: 732 1133 252 155 706 1 875 817 
6	0.0: 756 762 331 149 716 133 1017 166 
6	0.0: 680 886 319 154 730 90 814 564 
6	0.0: 658 665 356 151 353 1 1050 621 
6	0.0: 735 758 320 143 708 72 855 440 
6	0.0: 735 895 425 161 733 1 870 600 
6	0.0: 667 968 470 157 650 1 938 197 
6	0.0: 769 925 405 140 184 1 904 316 
6	0.0: 777 653 555 160 503 23 842 1 
6	0.0: 757 815 257 120 534 1 905 444 
6	0.0: 756 798 453 152 588 1 952 655 
6	0.0: 769 1194 311 141 761 1 853 435 
6	0.0: 629 768 291 167 724 1 868 314 
6	0.0: 683 752 296 148 490 1 909 937 
6	0.0: 639 673 491 149 662 1 879 521 
6	0.0: 734 535 459 135 535 321 862 373 
6	0.0: 737 1019 258 167 563 1 886 523 
6	0.0: 753 703 327 177 250 323 858 492 
6	0.0: 656 867 250 133 901 1 860 717 
6	0.0: 779 812 292 157 783 314 824 300 
6	0.0: 762 747 341 163 598 153 821 624 
6	0.0: 623 714 408 146 655 1 793 375 
6	0.0: 659 770 199 160 966 139 812 362 
6	0.0: 707 885 365 150 837 86 931 576 
6	0.0: 728 894 252 145 633 1 927 497 
6	0.0: 667 894 390 142 603 1 962 809 
6	0.0: 751 724 492 157 879 49 894 206 
6	0.0: 702 732 398 171 679 42 859 446 
6	0.0: 782 988 170 139 728 1 900 285 
6	0.0: 845 838 418 152 553 1 845 416 
6	0.0: 820 1143 472 128 511 1 894 222 
6	0.0: 620 889 285 121 658 258 797 590 
6	0.0: 710 753 342 149 399 40 916 94 
6	0.0: 626 680 293 153 910 1 825 395 
6	0.0: 751 967 238 149 625 94 936 303 
6	0.0: 750 761 430 112 667 49 892 282 
6	0.0: 519 738 416 141 781 332 813 554 
6	0.0: 706 779 321 153 930 1 820 414 
6	0.0: 645 1013 317 141 488 1 952 318 
6	0.0: 845 748 326 153 582 21 682 530 
6	0.0: 721 882 383 163 435 1 915 429 
6	0.0: 726 708 368 123 289 196 834 586 
6	0.0: 735 792 418 163 654 70 875 468 
6	0.0: 511 934 476 154 450 27 867 575 
6	0.0: 678 842 331 161 403 1 956 225 
6	0.0: 676 851 317 167 775 1 960 476 
6	0.0: 752 727 258 172 411 1 988 268 
6	0.0: 631 910 328 142 604 42 806 778 
6	0.0: 616 769 361 123 662 1 892 275 
6	0.0: 586 780 384 141 357 66 856 490 
6	0.0: 634 695 349 146 289 1 885 451 
6	0.0: 716 759 363 155 639 1 895 548 
6	0.0: 741 871 297 156 538 47 1037 741 
6	0.0: 706 978 370 141 1122 158 916 263 
6	0.0: 760 732 210 170 937 1 908 162 
6	0.0: 720 1015 311 155 342 107 876 500 
6	0.0: 805 718 329 152 873 1 983 1 
6	0.0: 661 981 301 146 517 63 1039 431 
6	0.0: 740 717 319 146 850 13 818 549 
6	0.0: 789 719 394 137 751 286 851 355 
6	0.0: 760 1013 353 139 661 83 938 1 
6	0.0: 606 843 138 138 694 1 883 402 
6	0.0: 735 692 139 142 441 112 868 222 
6	0.0: 702 701 398 158 984 1 974 484 
6	0.0: 697 629 310 149 446 1 941 489 
6	0.0: 662 880 322 140 539 1 902 564 
6	0.0: 773 915 267 126 817 1 841 518 
6	0.0: 702 812 254 143 718 78 791 698 
6	0.0: 679 1005 326 131 769 56 943 388 
6	0.0: 665 839 158 127 681 1 905 316 
6	0.0: 713 628 391 127 697 1 1074 489 
6	0.0: 699 750 158 157 880 39 837 467 
6	0.0: 812 793 404 141 975 1 928 245 
6	0.0: 701 914 306 151 673 1 762 576 
6	0.0: 693 624 321 147 567 225 923 384 
6	0.0: 696 744 359 132 712 224 948 26 
6	0.0: 677 731 344 142 1070 100 944 522 
6	0.0: 687 545 286 145 692 39 792 607 
6	0.0: 766 817 333 138 461 1 961 254 
6	0.0: 566 1037 401 167 535 140 975 494 
6	0.0: 734 874 288 155 550 171 902 182 
6	0.0: 638 862 399 177 717 1 931 139 
6	0.0: 646 802 326 137 772 211 796 156 
6	0.0: 665 991 433 124 1073 1 1023 207 
6	0.0: 683 712 366 143 742 33 900 126 
6	0.0: 720 823 185 143 508 1 904 634 
6	0.0: 748 884 282 135 606 154 892 429 
6	0.0: 661 842 513 168 432 25 887 140 
6	0.0: 745 680 363 147 391 72 997 354 
6	0.0: 564 851 215 143 500 1 956 371 
6	0.0: 710 894 435 171 420 237 822 382 
6	0.0: 767 907 305 157 915 113 966 450 
6	0.0: 686 982 240 163 604 217 855 455 
6	0.0: 567 760 503 145 376 154 903 419 
6	0.0: 803 1070 296 177 597 1 906 1 
6	0.0: 732 926 296 136 536 161 895 466 
6	0.0: 647 992 299 163 361 1 979 590 
6	0.0: 596 669 173 140 544 16 840 123 
6	0.0: 623 891 286 168 176 1 834 325 
6	0.0: 712 712 294 160 793 1 991 563 
6	0.0: 662 957 198 149 645 1 982 114 
6	0.0: 753 896 383 142 594 1 920 546 
6	0.0: 802 842 233 149 597 5 893 1 
6	0.0: 760 1044 307 153 485 1 1011 176 
6	0.0: 611 728 265 146 625 1 917 360 
6	0.0: 729 976 248 145 691 1 1021 392 
6	0.0: 752 609 375 130 570 22 838 247 
6	0.0: 627 713 246 131 891 1 883 250 
6	0.0: 721 906 188 132 835 1 956 401 
6	0.0: 732 797 453 151 1090 56 895 749 
6	0.0: 667 582 408 116 608 10 923 22 
6	0.0: 679 662 173 127 628 1 904 65 
6	0.0: 665 714 373 131 754 1 899 447 
6	0.0: 647 809 416 165 641 79 938 369 
6	0.0: 649 1044 343 146 858 146 884 346 
6	0.0: 628 741 401 151 733 71 905 347 
6	0.0: 575 900 381 155 538 1 861 25 
6	0.0: 779 874 366 148 306 1 859 24 
6	0.0: 732 988 279 141 755 1 837 199 
6	0.0: 687 637 371 152 780 1 779 497 
6	0.0: 668 907 411 146 791 1 838 325 
6	0.0: 638 771 446 138 544 119 839 398 
6	0.0: 699 933 319 145 1014 1 871 179 
6	0.0: 771 1069 191 136 673 26 962 305 
6	0.0: 621 922 492 144 860 115 1051 199 
6	0.0: 741 727 395 138 516 36 865 563 
6	0.0: 727 920 270 136 917 161 841 897 
6	0.0: 697 628 245 147 522 133 1009 591 
6	0.0: 562 996 420 148 447 191 807 440 
6	0.0: 766 767 415 142 14 214 867 223 
6	0.0: 594 684 364 143 666 119 816 178 
6	0.0: 576 885 191 160 626 1 943 348 
6	0.0: 701 806 389 156 467 186 846 1 
6	0.0: 751 826 278 146 573 1 1018 529 
6	0.0: 697 795 253 140 661 1 957 521 
6	0.0: 611 621 294 154 663 50 944 515 
6	0.0: 757 862 224 145 634 167 842 635 
6	0.0: 774 997 397 139 648 1 958 478 
6	0.0: 797 845 194 153 918 1 916 188 
6	0.0: 693 594 428 162 575 53 883 1 
6	0.0: 701 775 399 148 706 1 911 258 
6	0.0: 629 935 381 160 737 1 849 148 
6	0.0: 718 808 358 186 706 48 850 330 
6	0.0: 698 792 345 178 875 170 936 724 
6	0.0: 683 914 299 145 526 82 993 637 
6	0.0: 704 852 202 164 429 1 939 159 
6	0.0: 811 744 379 152 440 68 915 46 
6	0.0: 764 737 395 169 621 1 938 387 
6	0.0: 803 802 309 160 818 1 820 208 
6	0.0: 642 728 376 150 504 193 819 85 
6	0.0: 708 857 352 161 718 1 873 318 
6	0.0: 706 657 369 130 676 157 753 1 
6	0.0: 663 973 254 153 585 221 963 443 
6	0.0: 689 839 314 155 657 19 873 452 
6	0.0: 665 658 415 118 336 1 998 300 
6	0.0: 699 981 226 135 615 1 904 441 
6	0.0: 825 716 224 163 890 330 899 348 
6	0.0: 773 980 275 133 573 6 931 364 
6	0.0: 673 905 269 164 778 1 967 457 
6	0.0: 644 647 439 165 542 2 859 148 
6	0.0: 667 699 176 148 899 1 935 431 
6	0.0: 638 906 263 139 858 1 973 744 
6	0.0: 684 861 314 145 580 1 859 377 
6	0.0: 763 893 295 170 791 1 946 650 
6	0.0: 676 921 268 149 603 1 914 659 
6	0.0: 649 910 293 164 652 1 794 273 
6	0.0: 689 868 341 129 460 7 869 321 
6	0.0: 850 852 455 148 674 1 890 447 
6	0.0: 700 871 369 140 549 60 849 586 
6	0.0: 711 1078 240 159 241 32 997 174 
6	0.0: 668 848 449 142 791 132 766 382 
6	0.0: 715 827 469 165 361 220 903 39 
6	0.0: 675 968 330 139 590 1 847 346 
6	0.0: 811 562 450 152 695 21 817 90 
6	0.0: 687 1045 343 147 712 1 865 309 
6	0.0: 767 1027 399 158 583 1 952 1 
6	0.0: 701 900 319 133 429 153 905 286 
6	0.0: 736 685 534 140 551 1 959 1 
6	0.0: 636 842 248 128 1104 33 956 314 
6	0.0: 756 663 437 148 303 1 822 129 
6	0.0: 756 873 311 149 589 1 786 474 
6	0.0: 662 723 234 143 374 1 822 109 
6	0.0: 685 725 112 144 326 45 901 371 
6	0.0: 641 1048 195 154 997 7 843 21 
6	0.0: 621 1080 405 163 334 1 783 432 
6	0.0: 713 744 431 140 517 1 920 523 
6	0.0: 645 833 336 149 851 203 947 185 
6	0.0: 745 545 126 147 519 47 915 182 
6	0.0: 716 887 252 163 792 18 901 319 
6	0.0: 708 754 490 139 725 1 820 559 
6	0.0: 627 725 318 152 623 1 895 390 
6	0.0: 771 820 295 159 658 68 1025 478 
6	0.0: 773 545 240 148 779 1 866 464 
6	0.0: 653 783 293 123 399 1 845 347 
6	0.0: 632 750 244 126 461 37 801 339 
6	0.0: 643 948 365 136 502 225 805 206 
6	0.0: 692 738 236 147 786 121 942 39 
6	0.0: 632 508 344 144 867 85 904 74 
6	0.0: 814 982 372 151 404 1 982 307 
6	0.0: 746 859 462 146 155 1 851 33 
6	0.0: 781 842 469 156 686 255 822 298 
6	0.0: 607 907 293 133 450 95 945 293 
6	0.0: 728 956 289 136 570 114 854 398 
6	0.0: 750 694 161 164 551 65 941 498 
6	0.0: 694 717 310 142 933 196 862 406 
6	0.0: 658 863 359 156 1059 169 951 578 
6	0.0: 685 775 185 132 852 137 782 1 
6	0.0: 695 773 293 139 513 122 834 493 
6	0.0: 616 620 215 167 698 1 990 315 
6	0.0: 607 774 328 129 810 1 996 463 
6	0.0: 796 571 286 151 712 1 974 423 
6	0.0: 738 584 347 146 797 15 925 521 
6	0.0: 765 523 482 150 393 1 831 433 
6	0.0: 734 785 318 142 844 1 984 531 
6	0.0: 650 771 330 132 934 1 1026 479 
6	0.0: 724 784 462 133 572 1 933 775 
6	0.0: 768 844 194 147 782 1 836 112 
6	0.0: 740 983 400 151 590 104 953 343 
6	0.0: 551 757 250 142 514 1 979 337 
6	0.0: 574 967 279 137 482 1 916 1 
6	0.0: 675 791 320 159 975 36 869 472 
6	0.0: 729 764 315 151 556 1 848 520 
6	0.0: 594 868 254 170 804 132 821 477 
6	0.0: 612 717 411 155 510 28 891 447 
6	0.0: 686 776 395 143 313 163 879 522 
6	0.0: 644 1028 253 141 716 1 833 165 
6	0.0: 579 816 314 175 687 3 868 39 
6	0.0: 759 990 298 131 208 42 915 336 
6	0.0: 673 879 282 156 287 100 997 280 
6	0.0: 676 797 331 154 919 359 966 379 
6	0.0: 591 884 250 142 555 1 802 574 
6	0.0: 749 705 356 145 775 1 802 650 
6	0.0: 743 1142 313 128 468 1 840 228 
6	0.0: 698 703 238 130 595 1 902 314 
6	0.0: 591 878 447 154 464 100 937 528 
6	0.0: 809 801 224 137 625 1 936 267 
6	0.0: 614 798 244 176 760 1 898 441 
6	0.0: 731 895 269 150 620 108 970 323 
6	0.0: 706 985 317 134 664 116 896 205 
6	0.0: 637 922 383 156 821 33 876 735 
6	0.0: 642 1052 370 147 957 1 919 125 
6	0.0: 662 732 352 155 521 201 900 136 
6	0.0: 698 831 229 149 722 63 954 563 
6	0.0: 777 793 200 146 622 1 900 433 
6	0.0: 786 867 472 165 772 439 885 121 
6	0.0: 813 901 336 155 400 76 879 179 
6	0.0: 636 810 336 139 614 222 966 553 
6	0.0: 812 835 277 153 519 60 853 593 
6	0.0: 783 697 218 137 578 99 837 255 
6	0.0: 728 809 318 120 380 235 810 686 
6	0.0: 754 787 387 158 393 36 970 370 
6	0.0: 575 681 356 156 474 1 906 224 
6	0.0: 688 860 322 131 648 1 949 178 
6	0.0: 665 792 435 163 510 10 949 591 
6	0.0: 704 758 241 152 731 1 905 602 
6	0.0: 734 921 255 139 705 1 906 211 
6	0.0: 811 577 346 142 916 160 956 322 
6	0.0: 660 812 355 145 721 1 938 545 
6	0.0: 699 527 267 129 631 165 910 92 
6	0.0: 718 829 347 137 349 94 962 592 
6	0.0: 650 798 281 168 625 194 897 310 
6	0.0: 702 868 333 139 669 1 1040 350 
6	0.0: 853 919 443 147 299 1 973 496 
6	0.0: 858 837 430 141 851 261 867 457 
6	0.0: 735 700 357 143 550 1 965 86 
6	0.0: 667 807 395 145 121 53 990 381 
6	0.0: 676 786 382 150 851 41 990 298 
6	0.0: 749 846 262 145 874 1 978 57 
6	0.0: 630 861 217 151 542 97 931 127 
6	0.0: 661 907 293 148 616 18 921 206 
6	0.0: 688 918 273 167 636 222 895 371 
6	0.0: 701 661 305 146 819 61 811 693 
6	0.0: 779 970 460 145 938 168 855 217 
6	0.0: 766 707 274 150 563 1 971 270 
6	0.0: 707 517 380 153 559 1 924 128 
6	0.0: 633 825 331 128 306 1 819 274 
6	0.0: 664 854 390 164 686 42 933 39 
6	0.0: 635 726 371 149 579 68 936 575 
6	0.0: 763 871 348 148 586 1 965 653 
6	0.0: 700 720 371 147 965 1 924 132 
6	0.0: 708 884 280 148 401 183 1002 359 
6	0.0: 665 920 326 160 554 1 858 443 
6	0.0: 661 773 311 116 590 32 993 170 
6	0.0: 726 589 428 130 805 1 871 520 
6	0.0: 664 1021 291 157 591 55 857 644 
6	0.0: 640 884 311 151 611 1 872 125 
6	0.0: 608 876 317 151 672 38 865 346 
6	0.0: 720 864 265 150 566 1 855 495 
6	0.0: 700 1022 421 151 383 4 1029 566 
6	0.0: 657 942 351 138 435 195 938 297 
6	0.0: 833 785 351 162 593 1 927 115 
6	0.0: 646 904 255 173 630 131 904 52 
6	0.0: 747 636 351 162 556 313 1041 312 
6	0.0: 848 725 340 158 734 251 943 252 
6	0.0: 667 929 295 141 495 12 870 1 
6	0.0: 634 861 366 151 774 1 891 339 
6	0.0: 620 719 247 162 580 4 862 534 
6	0.0: 735 834 319 155 724 319 838 154 
6	0.0: 710 590 324 154 798 1 1007 333 
6	0.0: 664 670 179 140 390 1 998 482 
6	0.0: 707 722 438 138 358 388 838 424 
6	0.0: 675 596 277 138 767 1 808 512 
6	0.0: 624 911 332 157 386 34 777 418 
6	0.0: 766 744 397 121 731 25 861 599 
6	0.0: 733 686 374 145 764 148 828 161 
6	0.0: 620 1050 230 147 902 181 855 228 
6	0.0: 759 908 227 117 802 1 913 523 
6	0.0: 819 755 263 134 752 180 867 357 
6	0.0: 692 1053 326 148 623 30 931 161 
6	0.0: 787 1196 357 156 420 50 983 434 
6	0.0: 864 980 312 149 327 174 827 212 
6	0.0: 691 726 328 149 439 1 955 464 
6	0.0: 723 867 381 145 601 112 859 548 
6	0.0: 779 879 378 138 270 26 992 305 
6	0.0: 736 1101 341 151 824 1 873 237 
6	0.0: 622 838 435 156 509 158 927 493 
6	0.0: 696 682 407 147 351 1 997 147 
6	0.0: 735 875 241 151 982 1 879 597 
6	0.0: 736 890 361 159 648 1 856 300 
6	0.0: 701 906 306 147 469 141 803 89 
6	0.0: 682 803 258 133 876 1 913 790 
6	0.0: 682 825 314 142 578 1 870 445 
6	0.0: 710 731 337 167 596 164 908 216 
6	0.0: 583 738 295 150 810 40 813 583 
6	0.0: 636 602 444 163 713 124 918 98 
6	0.0: 592 977 308 174 709 66 956 511 
