0	0.0: 1 881 995 429 460 367 48 265 
0	0.0: 127 1135 1002 416 252 280 99 284 
0	0.0: 117 1098 812 428 335 299 105 1 
0	0.0: 1 905 897 426 444 83 111 156 
0	0.0: 318 742 1014 413 102 297 59 425 
0	0.0: 148 609 1028 424 179 228 113 96 
0	0.0: 161 1009 1082 422 139 226 152 216 
0	0.0: 1 1009 686 426 94 300 126 228 
0	0.0: 1 859 863 423 239 172 77 237 
0	0.0: 1 948 932 422 248 356 108 196 
0	0.0: 155 909 966 415 1 195 102 139 
0	0.0: 181 727 1071 414 475 326 37 1 
0	0.0: 1 885 1045 428 297 1 72 205 
0	0.0: 1 997 510 423 413 316 61 24 
0	0.0: 1 1133 721 430 426 275 93 51 
0	0.0: 302 723 953 427 686 368 61 17 
0	0.0: 135 846 929 427 141 559 93 1 
0	0.0: 30 988 836 424 193 336 82 34 
0	0.0: 1 1162 884 421 193 216 96 235 
0	0.0: 21 803 877 426 331 275 42 1 
0	0.0: 1 953 773 418 443 677 84 412 
0	0.0: 1 986 837 415 2 144 103 323 
0	0.0: 210 721 945 422 253 193 128 320 
0	0.0: 1 1057 691 427 166 270 106 324 
0	0.0: 20 787 904 421 693 452 130 41 
0	0.0: 158 769 1103 427 377 316 98 1 
0	0.0: 1 1060 913 429 445 362 82 168 
0	0.0: 1 1107 935 429 247 320 126 268 
0	0.0: 78 681 973 422 238 218 121 252 
0	0.0: 527 485 992 426 139 338 99 243 
0	0.0: 1 945 737 433 37 374 81 1 
0	0.0: 111 860 954 427 240 203 53 28 
0	0.0: 126 662 947 418 327 197 95 66 
0	0.0: 1 876 637 421 1 589 71 187 
0	0.0: 43 962 1045 417 203 138 126 264 
0	0.0: 1 838 1153 420 61 195 88 2 
0	0.0: 1 930 937 423 426 343 62 34 
0	0.0: 1 690 860 427 314 256 75 84 
0	0.0: 257 813 706 430 60 212 86 135 
0	0.0: 1 956 1095 421 441 472 77 61 
0	0.0: 52 672 833 420 546 285 113 578 
0	0.0: 1 743 915 425 197 85 105 94 
0	0.0: 352 617 1022 432 387 193 68 114 
0	0.0: 172 677 765 424 1 335 82 1 
0	0.0: 1 912 890 430 452 230 85 352 
0	0.0: 67 706 845 416 340 291 136 218 
0	0.0: 128 1141 928 420 381 245 97 150 
0	0.0: 1 611 883 427 311 213 96 206 
0	0.0: 50 1159 932 411 525 185 60 77 
0	0.0: 168 923 824 431 366 235 130 40 
0	0.0: 1 966 1075 431 319 339 76 134 
0	0.0: 21 1152 1205 424 242 281 91 77 
0	0.0: 266 788 791 426 289 88 51 54 
0	0.0: 148 778 966 417 306 112 26 49 
0	0.0: 153 890 1219 422 73 155 126 316 
0	0.0: 1 617 1043 424 356 51 83 1 
0	0.0: 268 931 909 417 159 316 72 232 
0	0.0: 1 803 748 417 247 127 55 275 
0	0.0: 1 946 954 416 119 286 58 157 
0	0.0: 10 797 822 428 125 155 98 139 
0	0.0: 1 1116 871 431 377 246 32 128 
0	0.0: 1 921 829 411 271 340 60 119 
0	0.0: 1 894 997 424 129 397 65 130 
0	0.0: 206 1059 747 426 246 199 70 156 
0	0.0: 1 887 990 426 495 224 60 211 
0	0.0: 48 634 1097 418 98 326 59 117 
0	0.0: 1 1029 1009 421 81 340 60 87 
0	0.0: 1 843 752 424 249 105 111 44 
0	0.0: 237 865 848 427 193 182 42 185 
0	0.0: 403 964 1034 426 160 182 136 50 
0	0.0: 1 621 942 423 104 367 76 271 
0	0.0: 35 841 1036 414 11 482 20 283 
0	0.0: 1 799 530 432 1 142 51 117 
0	0.0: 111 883 1082 416 239 280 101 6 
0	0.0: 1 988 1294 431 117 566 59 105 
0	0.0: 1 1091 879 417 294 286 93 1 
0	0.0: 197 1081 1036 429 100 333 59 171 
0	0.0: 133 779 1130 423 188 339 83 127 
0	0.0: 1 1118 652 417 247 283 23 418 
0	0.0: 158 711 870 438 170 48 101 73 
0	0.0: 1 941 1216 428 298 187 52 179 
0	0.0: 60 815 933 426 27 396 111 106 
0	0.0: 1 715 918 427 264 75 104 230 
0	0.0: 189 881 1216 417 241 484 118 108 
0	0.0: 1 869 708 418 440 188 60 109 
0	0.0: 1 955 1012 426 205 238 121 297 
0	0.0: 334 885 904 422 370 190 47 220 
0	0.0: 73 993 858 420 593 281 70 397 
0	0.0: 1 820 1131 417 394 201 66 239 
0	0.0: 144 957 897 419 118 231 69 207 
0	0.0: 1 734 748 416 274 385 72 1 
0	0.0: 1 842 886 427 240 204 57 113 
0	0.0: 1 580 610 415 302 134 72 1 
0	0.0: 26 1082 506 414 118 46 30 101 
0	0.0: 390 891 1084 425 129 91 146 77 
0	0.0: 20 918 794 421 388 238 141 12 
0	0.0: 1 616 881 422 242 83 96 1 
0	0.0: 1 747 971 435 549 240 62 216 
0	0.0: 1 1032 785 417 482 39 59 102 
0	0.0: 61 849 787 413 249 270 49 138 
0	0.0: 1 839 939 427 216 296 93 55 
0	0.0: 193 963 953 421 176 32 157 1 
0	0.0: 1 851 1091 424 114 185 128 1 
0	0.0: 1 737 868 430 337 279 87 434 
0	0.0: 1 863 1066 422 205 12 134 382 
0	0.0: 112 1155 1163 424 141 232 64 93 
0	0.0: 1 1096 1095 417 319 51 81 235 
0	0.0: 1 893 826 428 352 423 172 110 
0	0.0: 1 955 935 422 341 82 32 47 
0	0.0: 1 781 972 419 270 174 57 299 
0	0.0: 69 802 881 423 325 251 72 1 
0	0.0: 1 493 772 420 4 280 51 1 
0	0.0: 1 523 901 421 104 239 108 232 
0	0.0: 70 926 684 423 479 387 76 68 
0	0.0: 1 1206 727 423 302 324 65 190 
0	0.0: 1 857 610 423 465 328 48 150 
0	0.0: 31 544 1070 415 283 145 109 43 
0	0.0: 156 771 836 416 119 231 53 181 
0	0.0: 125 938 508 426 109 265 135 119 
0	0.0: 244 1082 1013 425 238 435 128 294 
0	0.0: 1 1069 627 425 94 137 31 1 
0	0.0: 1 704 886 423 87 153 87 141 
0	0.0: 1 702 1175 416 350 220 112 23 
0	0.0: 1 672 1155 425 196 421 87 228 
0	0.0: 45 1165 1100 431 46 113 97 1 
0	0.0: 1 809 795 423 120 373 49 1 
0	0.0: 1 703 1030 429 340 265 65 1 
0	0.0: 1 1103 1237 427 281 242 79 223 
0	0.0: 128 994 1093 428 263 264 105 41 
0	0.0: 1 660 750 427 463 318 114 327 
0	0.0: 1 873 1001 425 374 186 40 62 
0	0.0: 111 1016 887 413 475 351 42 181 
0	0.0: 1 929 920 430 154 382 156 361 
0	0.0: 8 864 776 418 140 422 101 281 
0	0.0: 225 795 1025 425 282 446 53 231 
0	0.0: 154 883 881 421 206 427 97 326 
0	0.0: 101 517 787 416 337 287 73 131 
0	0.0: 1 1041 1158 424 360 194 133 109 
0	0.0: 1 736 952 427 287 361 102 111 
0	0.0: 217 989 721 431 338 499 138 255 
0	0.0: 1 934 1024 421 417 181 87 93 
0	0.0: 185 592 1017 422 1 383 125 141 
0	0.0: 203 866 1062 416 479 293 69 320 
0	0.0: 1 870 1011 427 124 489 93 235 
0	0.0: 1 1171 1201 425 1 346 111 116 
0	0.0: 1 745 729 418 332 415 55 181 
0	0.0: 82 1108 1066 420 503 173 70 34 
0	0.0: 56 1114 795 422 349 275 140 186 
0	0.0: 37 1227 828 415 1 203 96 1 
0	0.0: 32 722 1071 425 593 315 60 114 
0	0.0: 1 827 904 427 251 260 65 72 
0	0.0: 1 963 1013 421 325 314 49 7 
0	0.0: 119 724 657 425 236 232 117 119 
0	0.0: 1 601 879 417 395 198 168 121 
0	0.0: 1 761 968 427 417 236 115 392 
0	0.0: 145 907 914 428 241 32 71 229 
0	0.0: 27 1150 809 429 109 299 47 359 
0	0.0: 271 976 1000 426 163 271 136 136 
0	0.0: 1 859 766 420 1 8 72 319 
0	0.0: 1 868 1043 424 168 162 89 60 
0	0.0: 1 825 999 427 341 134 84 194 
0	0.0: 118 610 825 423 217 424 64 184 
0	0.0: 144 1034 882 426 482 85 96 1 
0	0.0: 1 675 723 428 515 162 71 202 
0	0.0: 1 981 1248 425 41 286 44 98 
0	0.0: 404 767 910 413 307 277 85 263 
0	0.0: 126 914 1374 429 170 229 85 1 
0	0.0: 1 1011 541 438 526 536 53 1 
0	0.0: 1 812 824 423 131 94 50 217 
0	0.0: 319 964 782 425 22 165 139 209 
0	0.0: 214 1080 904 414 450 304 102 1 
0	0.0: 56 1025 806 430 368 265 83 58 
0	0.0: 102 904 622 416 318 183 68 1 
0	0.0: 1 649 821 419 437 288 104 90 
0	0.0: 211 684 955 424 181 150 102 1 
0	0.0: 95 899 1241 419 38 412 86 1 
0	0.0: 1 861 905 423 237 235 103 101 
0	0.0: 1 826 894 421 239 400 89 155 
0	0.0: 1 706 646 420 342 307 118 342 
0	0.0: 1 851 1070 432 383 305 40 74 
0	0.0: 1 1209 852 420 503 80 64 204 
0	0.0: 1 762 875 424 74 80 95 259 
0	0.0: 1 783 1234 416 203 155 58 236 
0	0.0: 1 735 1004 429 83 323 114 255 
0	0.0: 25 711 977 426 278 221 101 46 
0	0.0: 359 1089 975 428 371 114 143 133 
0	0.0: 47 929 848 430 231 375 75 1 
0	0.0: 1 1080 773 420 286 316 58 335 
0	0.0: 51 814 1065 424 351 387 112 1 
0	0.0: 203 725 981 409 160 74 115 112 
0	0.0: 297 1168 797 425 343 357 50 192 
0	0.0: 13 663 1265 422 90 320 89 129 
0	0.0: 126 575 812 427 451 133 115 81 
0	0.0: 1 1079 1036 416 295 417 111 166 
0	0.0: 1 1129 768 426 106 201 71 1 
0	0.0: 221 825 768 422 209 381 88 182 
0	0.0: 57 710 1111 421 67 94 154 340 
0	0.0: 127 1088 1203 423 389 180 61 132 
0	0.0: 113 1020 1102 424 281 94 82 157 
0	0.0: 12 906 985 422 168 336 70 293 
0	0.0: 1 721 1066 425 311 285 104 182 
0	0.0: 1 834 616 425 1 236 155 300 
0	0.0: 1 852 735 420 293 436 111 115 
0	0.0: 116 991 756 427 251 287 41 120 
0	0.0: 1 1167 773 420 1 111 98 1 
0	0.0: 16 1207 972 421 233 220 82 331 
0	0.0: 214 632 907 424 478 200 53 250 
0	0.0: 45 869 1145 423 405 223 61 289 
0	0.0: 190 581 770 423 196 170 76 273 
0	0.0: 1 1141 865 420 343 338 122 100 
0	0.0: 217 746 887 425 283 243 150 55 
0	0.0: 161 1315 916 435 418 385 86 332 
0	0.0: 1 726 836 422 130 127 79 308 
0	0.0: 1 559 1091 419 276 68 51 52 
0	0.0: 10 1115 1180 425 56 5 77 125 
0	0.0: 1 895 982 437 171 340 103 22 
0	0.0: 316 891 956 422 543 278 118 1 
0	0.0: 45 864 1148 424 136 152 56 48 
0	0.0: 1 711 1191 425 401 203 90 308 
0	0.0: 1 726 1220 423 373 410 5 149 
0	0.0: 195 723 940 420 468 337 81 294 
0	0.0: 83 888 914 429 183 124 48 112 
0	0.0: 1 978 729 428 365 294 66 108 
0	0.0: 1 1321 868 418 410 221 54 1 
0	0.0: 272 1111 924 418 263 196 121 348 
0	0.0: 1 821 903 429 153 206 110 1 
0	0.0: 35 833 869 427 469 236 60 150 
0	0.0: 1 853 750 429 1 349 63 237 
0	0.0: 1 1164 868 422 462 235 88 1 
0	0.0: 64 958 926 423 332 432 100 32 
0	0.0: 1 640 762 417 337 301 88 1 
0	0.0: 46 823 685 418 651 248 87 1 
0	0.0: 1 930 900 427 242 270 99 1 
0	0.0: 1 1154 903 425 342 292 79 227 
0	0.0: 1 903 1006 424 280 356 123 316 
0	0.0: 196 1234 787 420 79 380 42 26 
0	0.0: 39 837 796 426 173 382 73 232 
0	0.0: 1 722 1031 421 211 241 40 180 
0	0.0: 1 816 981 423 535 441 91 43 
0	0.0: 87 851 1188 413 408 514 86 368 
0	0.0: 1 405 992 421 556 149 91 146 
0	0.0: 220 795 842 415 50 128 67 227 
0	0.0: 1 1347 1103 421 401 173 91 311 
0	0.0: 1 600 956 428 252 285 69 1 
0	0.0: 95 906 883 427 272 322 135 137 
0	0.0: 1 1132 1064 416 490 232 92 43 
0	0.0: 48 836 1063 427 308 309 122 216 
0	0.0: 1 704 683 423 1 116 70 106 
0	0.0: 92 916 1024 423 307 540 77 131 
0	0.0: 1 657 932 428 172 295 107 204 
0	0.0: 1 670 776 422 413 287 65 166 
0	0.0: 1 1047 1004 421 354 347 63 253 
0	0.0: 201 887 815 425 267 396 77 1 
0	0.0: 61 654 660 430 391 224 79 203 
0	0.0: 1 803 776 415 147 183 78 184 
0	0.0: 1 798 867 419 530 329 50 366 
0	0.0: 1 673 1037 430 381 343 84 264 
0	0.0: 170 663 987 418 111 478 119 236 
0	0.0: 15 979 762 442 404 224 121 1 
0	0.0: 1 886 1086 419 314 329 51 98 
0	0.0: 1 746 938 430 386 226 63 1 
0	0.0: 1 776 1081 426 14 222 90 1 
0	0.0: 246 1210 792 421 158 429 95 182 
0	0.0: 1 898 879 429 40 367 110 181 
0	0.0: 1 837 925 426 454 150 69 464 
0	0.0: 1 894 1096 421 239 363 109 206 
0	0.0: 38 513 1024 424 185 378 64 333 
0	0.0: 354 979 758 421 364 120 74 256 
0	0.0: 1 927 947 416 210 294 101 37 
0	0.0: 124 1201 826 427 205 231 137 1 
0	0.0: 1 793 937 423 611 289 96 350 
0	0.0: 81 1246 744 424 368 282 176 71 
0	0.0: 130 818 975 425 427 297 53 223 
0	0.0: 1 917 942 431 505 153 81 119 
0	0.0: 219 814 1232 415 373 164 84 11 
0	0.0: 89 985 1282 418 414 444 84 44 
0	0.0: 139 639 1141 417 250 129 75 1 
0	0.0: 1 702 1002 433 172 76 87 1 
0	0.0: 134 753 1111 420 40 308 77 292 
0	0.0: 24 1153 1000 414 310 265 116 126 
0	0.0: 1 904 821 434 450 264 42 135 
0	0.0: 475 865 976 423 463 233 77 88 
0	0.0: 1 508 546 424 252 122 74 1 
0	0.0: 117 613 838 424 533 291 88 25 
0	0.0: 166 709 986 423 1 138 61 441 
0	0.0: 1 888 1044 422 51 49 65 267 
0	0.0: 1 891 964 434 11 221 53 1 
0	0.0: 165 1120 827 424 348 460 16 397 
0	0.0: 1 338 928 429 1 376 97 1 
0	0.0: 108 966 1083 425 225 477 49 83 
0	0.0: 223 740 962 425 468 270 114 196 
0	0.0: 1 917 949 420 425 236 72 1 
0	0.0: 94 1066 719 432 203 203 123 1 
0	0.0: 135 785 855 431 93 321 51 383 
0	0.0: 1 1041 947 410 220 296 98 95 
0	0.0: 75 1064 976 423 237 182 47 192 
0	0.0: 1 984 601 427 100 408 125 1 
0	0.0: 46 942 950 424 299 391 87 313 
0	0.0: 1 1018 739 419 160 383 78 139 
0	0.0: 1 890 672 431 176 91 122 147 
0	0.0: 1 880 1094 424 310 253 98 1 
0	0.0: 1 996 1158 423 305 124 112 372 
0	0.0: 1 1065 968 421 345 298 56 1 
0	0.0: 1 1008 1008 415 86 270 139 146 
0	0.0: 26 838 1171 411 454 345 133 1 
0	0.0: 1 947 908 429 320 259 73 327 
0	0.0: 1 471 888 425 233 253 84 280 
0	0.0: 143 566 1232 421 345 367 108 1 
0	0.0: 81 975 854 432 183 292 98 300 
0	0.0: 1 874 752 442 262 257 101 86 
0	0.0: 1 869 1174 427 247 260 97 307 
0	0.0: 15 740 879 417 477 61 103 57 
0	0.0: 180 867 994 425 122 258 16 130 
0	0.0: 1 816 840 414 215 213 71 311 
0	0.0: 34 934 848 422 51 549 104 136 
0	0.0: 1 1086 1055 406 517 185 87 113 
0	0.0: 1 804 959 427 433 148 21 126 
0	0.0: 393 836 741 431 387 239 40 70 
0	0.0: 1 986 836 419 95 192 93 172 
0	0.0: 1 811 862 417 186 136 1 138 
0	0.0: 1 815 775 431 32 413 35 255 
0	0.0: 1 640 1099 428 265 36 89 293 
0	0.0: 274 983 743 423 72 235 69 111 
0	0.0: 12 1039 1127 412 486 248 70 108 
0	0.0: 104 822 802 424 164 189 104 176 
0	0.0: 2 1005 1120 414 23 175 117 118 
0	0.0: 1 602 967 422 119 133 61 67 
0	0.0: 1 876 708 427 288 93 122 291 
0	0.0: 1 902 1063 417 138 151 116 227 
0	0.0: 82 848 861 423 465 278 143 28 
0	0.0: 115 942 864 422 251 300 76 92 
0	0.0: 1 975 847 417 636 440 119 186 
0	0.0: 68 1060 670 427 393 25 103 17 
0	0.0: 1 854 814 412 274 178 50 316 
0	0.0: 1 968 689 421 123 303 61 1 
0	0.0: 1 821 905 417 285 630 61 34 
0	0.0: 354 893 828 428 370 373 103 311 
0	0.0: 1 761 743 423 201 407 123 255 
0	0.0: 125 641 1103 423 244 282 82 154 
0	0.0: 231 865 953 427 167 256 74 6 
0	0.0: 1 745 903 412 171 347 72 272 
0	0.0: 159 819 994 429 50 178 49 311 
0	0.0: 1 1323 976 420 349 419 102 71 
0	0.0: 27 1012 803 425 171 91 41 98 
0	0.0: 1 916 826 425 74 87 83 217 
0	0.0: 1 789 1011 422 97 357 54 119 
0	0.0: 126 872 631 428 473 477 65 1 
0	0.0: 176 736 1157 423 523 249 98 119 
0	0.0: 10 860 1047 421 428 212 80 97 
0	0.0: 1 1176 678 424 330 287 89 28 
0	0.0: 1 963 988 412 429 171 44 1 
0	0.0: 55 750 1004 424 210 177 36 279 
0	0.0: 1 540 1017 412 70 253 152 357 
0	0.0: 1 1251 1059 426 583 235 99 1 
0	0.0: 1 895 1194 416 165 371 78 190 
0	0.0: 70 981 819 427 170 189 136 261 
0	0.0: 51 761 1103 425 79 257 72 46 
0	0.0: 1 826 768 432 261 284 131 192 
0	0.0: 1 672 1100 425 437 275 147 213 
0	0.0: 1 608 779 425 87 181 58 26 
0	0.0: 1 701 1090 423 158 226 87 168 
0	0.0: 1 734 554 412 263 1 120 1 
0	0.0: 41 525 1204 420 166 492 68 1 
0	0.0: 252 821 986 423 227 235 103 445 
0	0.0: 160 1076 644 420 72 121 94 84 
0	0.0: 1 801 920 429 220 435 89 149 
0	0.0: 55 873 1019 425 407 426 73 188 
0	0.0: 25 947 701 422 469 311 121 181 
0	0.0: 190 884 937 426 8 372 54 67 
0	0.0: 85 829 972 422 195 383 159 6 
0	0.0: 1 914 818 419 287 409 87 1 
0	0.0: 84 840 1163 418 229 339 45 112 
0	0.0: 96 855 924 420 246 439 51 264 
0	0.0: 3 773 697 426 214 219 101 296 
0	0.0: 16 1144 881 428 234 187 78 1 
0	0.0: 188 877 832 412 182 228 118 84 
0	0.0: 9 875 844 425 16 388 83 1 
0	0.0: 1 1239 907 426 196 251 97 212 
0	0.0: 1 976 940 417 201 138 178 456 
0	0.0: 48 1055 821 419 240 370 34 210 
0	0.0: 32 967 728 423 515 35 39 122 
0	0.0: 1 893 1203 430 287 117 93 95 
0	0.0: 86 786 1132 423 304 508 52 179 
0	0.0: 1 861 729 421 416 469 68 393 
0	0.0: 136 710 695 418 498 122 61 319 
0	0.0: 206 835 1085 429 260 307 54 38 
0	0.0: 1 1059 850 424 272 224 107 1 
0	0.0: 1 868 912 422 470 191 71 1 
0	0.0: 134 883 859 418 138 217 58 157 
0	0.0: 234 924 703 431 426 232 55 128 
0	0.0: 1 1052 762 423 1 132 36 1 
0	0.0: 1 707 850 421 331 166 127 206 
0	0.0: 1 845 972 437 118 96 86 60 
0	0.0: 1 1027 663 423 172 249 132 543 
0	0.0: 62 961 983 424 139 376 32 256 
0	0.0: 1 888 953 427 317 136 111 26 
0	0.0: 1 732 826 424 313 521 109 300 
0	0.0: 1 971 950 425 308 118 104 276 
0	0.0: 14 603 916 418 35 375 94 1 
0	0.0: 80 598 878 432 200 477 62 1 
0	0.0: 180 938 856 427 268 115 107 170 
0	0.0: 266 941 789 430 181 507 80 24 
0	0.0: 1 796 944 414 340 253 41 124 
0	0.0: 162 998 939 420 309 253 72 70 
0	0.0: 148 936 971 418 480 348 69 1 
0	0.0: 1 828 883 424 33 231 47 140 
0	0.0: 104 1045 880 430 284 135 63 324 
0	0.0: 1 925 761 422 131 466 81 50 
0	0.0: 7 743 1094 423 66 212 75 395 
0	0.0: 89 1157 746 424 203 514 80 130 
0	0.0: 69 645 828 424 43 249 56 56 
0	0.0: 108 917 1006 417 227 342 64 154 
0	0.0: 1 1059 750 413 3 423 53 1 
0	0.0: 130 855 934 418 122 101 85 141 
0	0.0: 1 971 689 429 344 280 64 7 
0	0.0: 164 794 679 424 445 325 84 192 
0	0.0: 1 595 787 410 289 1 78 268 
0	0.0: 1 979 1251 423 212 316 87 1 
0	0.0: 22 749 1151 428 33 379 78 74 
0	0.0: 46 846 991 420 138 283 110 234 
0	0.0: 176 845 1208 417 1 253 122 1 
0	0.0: 1 919 1265 417 369 334 35 25 
0	0.0: 226 903 1002 412 309 125 91 208 
0	0.0: 1 1178 640 418 37 529 34 204 
0	0.0: 40 962 942 428 421 259 110 90 
0	0.0: 29 1037 757 422 352 280 55 116 
0	0.0: 186 880 945 425 190 383 18 87 
0	0.0: 1 1004 837 421 336 436 109 121 
0	0.0: 1 774 783 429 144 37 64 145 
0	0.0: 1 938 1008 425 282 452 77 327 
0	0.0: 234 1130 737 427 128 433 137 177 
0	0.0: 116 754 614 420 253 269 74 1 
0	0.0: 1 886 459 435 234 134 86 55 
0	0.0: 1 744 1097 417 189 313 69 303 
0	0.0: 191 1156 947 417 154 229 133 136 
0	0.0: 1 1012 695 427 446 266 89 294 
0	0.0: 113 688 698 415 472 138 99 151 
0	0.0: 330 1003 647 421 317 270 112 1 
0	0.0: 113 865 924 422 39 95 68 1 
0	0.0: 53 926 496 420 476 232 92 107 
0	0.0: 135 605 747 420 570 367 71 1 
0	0.0: 79 970 793 419 254 226 81 145 
0	0.0: 90 824 1103 420 1 276 137 28 
0	0.0: 1 806 882 421 396 255 31 230 
0	0.0: 279 1001 1018 419 212 503 112 75 
0	0.0: 1 965 856 424 200 74 111 121 
0	0.0: 178 887 964 425 112 262 100 1 
0	0.0: 1 749 782 418 1 342 122 168 
0	0.0: 1 1025 1019 433 514 374 90 1 
0	0.0: 1 813 1011 423 64 196 49 120 
0	0.0: 70 726 698 421 499 181 98 150 
0	0.0: 1 941 754 438 377 288 30 59 
0	0.0: 39 971 839 427 334 172 49 144 
0	0.0: 26 958 1087 413 117 206 76 33 
0	0.0: 1 983 895 422 227 80 70 82 
0	0.0: 65 697 1080 430 136 297 11 216 
0	0.0: 85 906 349 431 299 170 129 205 
0	0.0: 1 784 1062 419 75 84 45 230 
0	0.0: 216 1160 891 430 79 382 88 211 
0	0.0: 72 847 686 417 317 190 83 89 
0	0.0: 95 967 1031 422 488 275 73 8 
0	0.0: 1 840 1163 425 173 186 45 146 
0	0.0: 1 683 753 420 160 318 87 231 
0	0.0: 75 950 604 421 22 240 114 303 
0	0.0: 1 997 671 426 349 234 129 1 
0	0.0: 1 548 1030 428 345 313 94 143 
0	0.0: 1 569 1150 424 1 334 77 251 
0	0.0: 1 665 963 437 523 116 101 48 
0	0.0: 47 1046 895 423 139 360 76 301 
0	0.0: 194 1016 745 420 362 286 46 240 
0	0.0: 36 1154 891 425 1 437 97 371 
0	0.0: 1 1024 880 429 178 296 36 257 
0	0.0: 1 666 1143 436 186 199 65 49 
0	0.0: 384 822 867 429 343 390 75 449 
0	0.0: 1 1020 608 426 481 426 63 1 
0	0.0: 15 648 975 426 63 97 58 51 
0	0.0: 131 552 916 413 560 374 107 160 
0	0.0: 172 878 775 416 392 306 100 117 
0	0.0: 1 1041 794 420 86 265 86 1 
0	0.0: 1 858 974 431 261 387 85 194 
0	0.0: 181 736 806 426 466 315 74 101 
0	0.0: 155 990 925 416 424 42 151 352 
0	0.0: 1 760 979 425 454 418 110 1 
0	0.0: 1 1041 751 422 199 234 95 211 
0	0.0: 146 1163 757 422 56 268 91 353 
0	0.0: 1 1053 888 415 278 360 106 201 
0	0.0: 1 843 736 430 114 16 71 143 
0	0.0: 73 750 761 429 217 339 89 1 
0	0.0: 199 870 1004 424 1 156 30 1 
0	0.0: 142 784 891 428 402 566 79 77 
0	0.0: 1 1214 922 425 242 104 104 47 
0	0.0: 1 844 1029 424 140 430 71 301 
0	0.0: 1 870 1128 428 2 258 75 414 
0	0.0: 237 974 1210 428 1 98 83 19 
0	0.0: 1 930 825 424 1 92 109 197 
0	0.0: 22 843 662 431 162 314 71 176 
0	0.0: 157 893 889 425 1 331 94 197 
0	0.0: 1 1181 610 427 197 440 78 237 
0	0.0: 145 734 864 430 134 378 145 292 
0	0.0: 99 751 1054 436 338 104 88 5 
0	0.0: 1 827 615 423 44 206 46 1 
0	0.0: 1 643 1029 426 346 302 54 25 
0	0.0: 1 1126 753 417 447 293 126 340 
0	0.0: 1 929 926 423 493 429 95 246 
0	0.0: 1 816 1023 427 264 437 69 95 
0	0.0: 1 1145 702 416 374 154 168 182 
0	0.0: 1 894 1057 419 382 157 70 244 
0	0.0: 98 836 750 430 419 111 76 225 
0	0.0: 1 933 801 430 266 302 73 296 
0	0.0: 90 987 836 425 266 172 123 95 
0	0.0: 211 824 698 432 403 595 104 168 
0	0.0: 229 876 826 422 357 50 67 170 
0	0.0: 93 618 1162 418 166 255 66 203 
0	0.0: 1 666 1025 419 77 594 111 423 
0	0.0: 120 765 723 414 336 230 71 217 
0	0.0: 187 785 697 425 280 254 65 1 
0	0.0: 104 823 856 421 172 51 114 42 
0	0.0: 1 869 1116 429 451 337 89 200 
0	0.0: 193 875 732 419 347 186 77 1 
0	0.0: 17 897 817 421 162 144 74 1 
0	0.0: 1 875 865 412 413 213 75 37 
0	0.0: 396 810 1134 432 358 257 55 1 
0	0.0: 1 817 779 428 279 1 84 185 
0	0.0: 1 1047 909 416 402 194 156 1 
0	0.0: 1 966 999 425 193 185 118 203 
0	0.0: 1 674 969 418 234 336 66 41 
0	0.0: 1 972 840 419 427 317 84 304 
0	0.0: 12 757 1027 421 311 596 62 131 
0	0.0: 35 911 737 428 277 105 37 22 
0	0.0: 2 1024 1205 424 34 269 67 106 
0	0.0: 179 794 1137 420 298 341 49 130 
0	0.0: 1 686 1049 430 181 165 104 1 
0	0.0: 14 876 939 423 264 413 86 1 
0	0.0: 13 1080 794 429 180 404 95 259 
0	0.0: 20 826 930 430 157 356 41 1 
0	0.0: 1 962 1248 420 130 324 63 130 
0	0.0: 111 1199 674 428 116 206 71 277 
0	0.0: 126 778 1066 420 1 434 40 76 
0	0.0: 1 819 599 417 187 266 72 170 
0	0.0: 197 961 813 423 299 204 53 203 
0	0.0: 1 1019 891 427 10 265 25 129 
0	0.0: 16 710 1008 425 234 318 97 135 
0	0.0: 1 1070 935 424 1 382 132 89 
0	0.0: 1 1016 962 419 194 218 101 1 
0	0.0: 218 931 766 419 369 248 130 524 
0	0.0: 1 1004 904 426 420 321 120 1 
0	0.0: 1 660 719 418 206 139 82 184 
0	0.0: 1 902 845 419 423 535 57 230 
0	0.0: 1 910 997 424 319 303 61 71 
0	0.0: 203 879 1167 428 254 342 60 171 
0	0.0: 1 979 667 427 208 173 86 140 
0	0.0: 1 698 782 430 40 400 73 148 
0	0.0: 1 795 705 423 230 58 70 137 
0	0.0: 1 927 1160 425 317 172 69 196 
0	0.0: 79 1055 1118 415 342 83 60 175 
0	0.0: 1 1075 1086 437 1 178 91 106 
0	0.0: 1 895 793 429 88 287 87 87 
0	0.0: 69 772 790 422 540 257 136 216 
0	0.0: 152 874 922 419 66 131 67 1 
0	0.0: 1 1172 1130 428 401 532 60 1 
0	0.0: 290 1044 1254 424 229 209 20 1 
0	0.0: 140 912 866 424 413 334 89 90 
0	0.0: 1 809 1125 430 386 78 118 139 
0	0.0: 1 710 668 424 372 363 137 204 
0	0.0: 117 871 882 415 212 252 147 197 
0	0.0: 104 756 1045 414 293 231 111 278 
0	0.0: 54 1037 727 429 303 436 108 42 
0	0.0: 1 917 1068 419 430 228 29 1 
0	0.0: 1 1082 994 427 218 290 86 295 
0	0.0: 1 1050 1090 415 314 252 96 168 
0	0.0: 457 745 1012 428 152 391 119 223 
0	0.0: 109 731 890 423 286 123 74 147 
0	0.0: 163 867 919 421 210 237 72 150 
0	0.0: 104 820 860 423 150 361 92 98 
0	0.0: 1 1060 682 419 55 92 115 206 
0	0.0: 26 548 1110 416 48 325 94 101 
0	0.0: 32 881 1200 430 167 132 53 197 
0	0.0: 1 527 882 425 89 421 90 212 
0	0.0: 1 1027 867 424 117 300 95 226 
0	0.0: 232 920 898 419 376 236 167 323 
0	0.0: 1 971 639 432 251 250 51 1 
0	0.0: 249 931 1056 409 418 184 79 1 
0	0.0: 248 1159 665 418 93 397 111 133 
0	0.0: 177 847 725 429 103 146 95 119 
0	0.0: 80 958 829 432 270 120 94 161 
0	0.0: 1 1070 1143 419 54 166 98 204 
0	0.0: 1 1008 693 416 457 203 114 171 
0	0.0: 1 1081 814 421 183 149 83 54 
0	0.0: 22 976 785 424 16 585 88 102 
0	0.0: 1 745 918 421 31 10 112 168 
0	0.0: 1 795 708 419 388 275 118 208 
0	0.0: 91 1123 746 423 107 190 122 67 
0	0.0: 58 635 777 430 349 43 47 108 
0	0.0: 1 582 1168 425 280 460 64 180 
0	0.0: 1 812 747 418 1 285 88 105 
0	0.0: 1 706 761 413 425 194 108 189 
0	0.0: 50 561 1012 432 1 489 66 179 
0	0.0: 149 767 843 419 184 153 61 37 
0	0.0: 1 790 698 416 487 287 61 324 
0	0.0: 21 957 1078 427 398 512 83 193 
0	0.0: 114 832 1314 431 240 230 85 116 
0	0.0: 201 906 710 420 184 306 55 1 
0	0.0: 1 993 1019 424 457 306 72 1 
0	0.0: 1 652 826 425 502 152 55 85 
0	0.0: 81 744 834 418 199 470 84 225 
0	0.0: 193 1004 959 426 421 418 46 176 
0	0.0: 197 1046 1166 420 613 148 71 85 
0	0.0: 1 1187 633 434 278 320 70 350 
0	0.0: 1 672 1026 426 304 441 74 1 
0	0.0: 183 1001 1245 424 24 149 98 149 
0	0.0: 1 917 830 419 195 263 120 224 
0	0.0: 1 1061 585 422 190 521 73 40 
0	0.0: 20 1078 969 411 197 212 58 234 
0	0.0: 180 1019 862 425 144 274 96 317 
0	0.0: 50 939 967 422 325 238 93 185 
0	0.0: 1 666 750 420 387 369 138 289 
0	0.0: 1 996 797 419 108 171 57 23 
0	0.0: 126 966 778 432 1 59 113 1 
0	0.0: 113 687 804 428 147 399 53 1 
0	0.0: 1 1235 952 419 220 49 136 4 
0	0.0: 1 885 1000 415 186 204 107 131 
0	0.0: 1 860 1045 424 319 194 71 231 
0	0.0: 174 915 920 431 441 102 67 198 
0	0.0: 1 874 1021 419 261 395 72 130 
0	0.0: 2 767 796 433 449 263 26 226 
0	0.0: 1 1078 973 425 235 328 130 252 
0	0.0: 1 733 730 415 200 83 46 106 
0	0.0: 100 920 967 432 545 566 69 290 
0	0.0: 1 919 886 428 172 190 98 98 
0	0.0: 1 819 997 422 295 513 92 85 
0	0.0: 1 756 1145 417 162 367 94 264 
0	0.0: 256 651 958 430 63 274 50 206 
0	0.0: 238 876 786 414 191 189 56 540 
0	0.0: 1 669 841 425 120 33 89 53 
0	0.0: 93 601 877 430 404 1 91 280 
0	0.0: 1 874 1388 415 605 177 54 473 
0	0.0: 12 615 1044 418 402 112 89 124 
0	0.0: 254 793 1052 417 462 268 102 1 
0	0.0: 80 780 978 428 1 1 64 120 
0	0.0: 156 732 1313 428 344 54 146 312 
0	0.0: 1 717 797 428 323 145 53 137 
0	0.0: 57 1015 1151 425 559 267 122 225 
0	0.0: 1 998 864 412 234 533 39 95 
0	0.0: 1 951 828 419 258 391 100 292 
0	0.0: 1 974 934 425 126 319 41 307 
0	0.0: 262 1017 1070 429 120 372 57 311 
0	0.0: 245 952 892 425 267 148 77 227 
0	0.0: 1 748 805 412 250 373 76 63 
0	0.0: 1 872 819 420 443 218 148 61 
0	0.0: 127 766 1098 416 332 266 45 76 
0	0.0: 46 1105 1122 428 412 118 93 1 
0	0.0: 1 719 784 434 265 286 56 175 
0	0.0: 56 729 877 420 253 140 141 66 
0	0.0: 108 794 876 418 440 256 13 1 
0	0.0: 181 972 694 429 350 270 64 113 
0	0.0: 133 851 911 425 172 322 113 107 
0	0.0: 71 625 982 420 369 303 125 329 
0	0.0: 1 795 750 420 568 47 96 211 
0	0.0: 90 832 784 411 411 106 77 218 
0	0.0: 1 743 847 425 32 301 119 1 
0	0.0: 187 1146 753 424 183 392 166 67 
0	0.0: 145 884 826 426 103 368 86 219 
0	0.0: 1 973 681 416 407 354 97 1 
0	0.0: 1 888 896 432 294 252 135 87 
0	0.0: 277 747 771 426 316 415 124 213 
0	0.0: 183 879 1032 427 248 167 82 1 
0	0.0: 1 668 927 415 154 1 61 258 
0	0.0: 1 1082 985 422 339 308 88 52 
0	0.0: 1 979 675 421 208 84 93 19 
0	0.0: 254 749 1150 419 82 281 66 373 
0	0.0: 217 1233 1024 430 453 245 127 68 
0	0.0: 186 1047 848 417 440 274 111 273 
0	0.0: 1 796 1154 406 158 260 143 367 
0	0.0: 82 711 958 425 324 119 155 172 
0	0.0: 100 739 859 425 136 202 29 53 
0	0.0: 138 621 915 428 519 291 77 210 
0	0.0: 1 943 726 419 1 1 142 244 
0	0.0: 1 844 903 417 261 296 87 1 
0	0.0: 111 888 745 415 428 501 156 129 
0	0.0: 55 979 827 424 432 197 119 41 
0	0.0: 1 1005 706 432 436 62 130 1 
0	0.0: 1 795 940 418 498 291 140 260 
0	0.0: 105 1012 780 415 1 320 82 19 
0	0.0: 33 1169 495 439 184 551 88 1 
0	0.0: 1 881 1133 424 145 407 95 53 
0	0.0: 129 902 1084 434 352 391 17 350 
0	0.0: 49 873 815 431 349 221 91 264 
0	0.0: 97 625 822 420 195 202 103 86 
0	0.0: 74 794 959 426 215 194 93 127 
0	0.0: 241 803 874 423 76 239 75 166 
0	0.0: 64 860 1001 424 378 374 108 241 
0	0.0: 1 790 1106 425 393 172 142 178 
0	0.0: 318 873 819 422 249 319 94 1 
0	0.0: 1 633 647 427 107 199 46 221 
0	0.0: 1 575 789 425 153 234 104 17 
0	0.0: 1 831 1024 431 567 305 70 37 
0	0.0: 1 1190 1016 422 217 221 61 256 
0	0.0: 188 794 903 418 208 204 118 166 
0	0.0: 113 1033 1106 425 343 347 91 356 
0	0.0: 98 476 1099 416 444 293 36 85 
0	0.0: 80 883 440 421 215 423 155 32 
0	0.0: 1 604 1053 422 400 165 106 133 
0	0.0: 169 911 801 423 269 326 9 1 
0	0.0: 136 615 955 417 124 202 46 145 
0	0.0: 10 938 1043 421 346 412 85 89 
0	0.0: 1 796 1114 418 293 271 123 164 
0	0.0: 1 893 1032 417 102 375 113 219 
0	0.0: 1 966 1019 421 1 103 46 55 
0	0.0: 48 1038 1174 418 375 251 106 1 
0	0.0: 3 805 905 431 141 412 85 286 
0	0.0: 1 930 667 428 382 1 84 1 
0	0.0: 89 910 1024 426 134 432 130 28 
0	0.0: 72 934 784 419 1 300 86 181 
0	0.0: 1 770 934 425 536 208 67 134 
0	0.0: 1 877 1158 420 229 177 4 7 
0	0.0: 1 705 757 422 70 451 107 1 
0	0.0: 1 1024 920 425 454 403 71 196 
0	0.0: 1 846 755 419 174 261 77 121 
0	0.0: 1 699 1372 431 317 308 84 1 
0	0.0: 1 707 992 420 190 242 129 64 
0	0.0: 1 797 842 429 392 257 42 126 
0	0.0: 1 784 899 417 92 120 133 286 
0	0.0: 1 733 784 422 459 71 47 155 
0	0.0: 15 816 709 422 297 420 103 141 
0	0.0: 58 815 943 420 471 458 143 101 
0	0.0: 188 759 680 425 250 360 103 350 
0	0.0: 1 815 928 423 378 336 127 249 
0	0.0: 103 897 974 420 119 489 100 154 
0	0.0: 23 629 1141 421 174 11 85 339 
0	0.0: 93 994 929 425 169 134 72 237 
0	0.0: 1 960 1104 422 320 460 80 416 
0	0.0: 1 1181 1268 429 46 111 107 1 
0	0.0: 1 1265 913 422 78 164 75 271 
0	0.0: 1 952 832 435 354 248 57 75 
0	0.0: 236 868 1002 424 73 349 39 1 
0	0.0: 1 862 1002 428 145 285 149 56 
0	0.0: 59 722 813 421 99 366 153 178 
0	0.0: 377 1002 1047 424 247 147 60 166 
0	0.0: 94 960 890 419 325 1 81 2 
0	0.0: 1 966 1222 422 310 323 105 22 
0	0.0: 1 937 726 426 16 134 58 135 
0	0.0: 1 738 779 432 293 242 112 54 
0	0.0: 253 1047 797 426 312 64 37 235 
0	0.0: 59 919 1100 429 189 175 74 51 
0	0.0: 239 772 740 425 323 184 149 188 
0	0.0: 265 757 678 421 463 252 54 65 
0	0.0: 1 852 790 424 493 255 155 180 
0	0.0: 82 935 923 425 168 523 57 186 
0	0.0: 1 1094 993 422 344 269 86 52 
0	0.0: 1 894 1220 421 162 290 69 1 
0	0.0: 1 668 919 422 274 212 120 1 
0	0.0: 149 904 812 413 551 394 53 179 
0	0.0: 1 673 683 421 673 88 81 193 
0	0.0: 42 755 815 422 106 194 94 253 
0	0.0: 57 623 743 419 284 302 50 1 
0	0.0: 1 940 958 424 395 382 104 165 
0	0.0: 154 682 902 417 101 253 51 279 
0	0.0: 1 916 823 419 246 271 84 69 
0	0.0: 1 804 864 425 311 315 125 1 
0	0.0: 1 971 781 422 83 221 62 261 
0	0.0: 137 832 1005 424 70 526 101 347 
0	0.0: 162 859 1030 431 1 1 109 239 
0	0.0: 1 1051 748 413 132 225 35 147 
0	0.0: 167 612 817 426 147 279 33 79 
0	0.0: 1 624 606 418 440 285 127 1 
0	0.0: 132 834 789 421 82 369 105 163 
0	0.0: 1 690 1081 433 179 243 71 463 
0	0.0: 1 926 1106 421 78 329 86 1 
0	0.0: 102 1077 988 419 227 54 62 307 
0	0.0: 1 1025 673 435 481 80 59 100 
0	0.0: 1 708 894 415 92 374 46 223 
0	0.0: 1 837 1037 420 200 497 106 33 
0	0.0: 41 673 953 408 45 123 121 244 
0	0.0: 121 815 550 427 32 144 60 113 
0	0.0: 1 943 972 421 574 178 77 258 
0	0.0: 147 1098 1008 428 345 203 59 98 
0	0.0: 118 836 695 426 102 457 70 1 
0	0.0: 1 894 912 415 245 549 34 1 
0	0.0: 53 594 712 418 285 341 70 310 
0	0.0: 1 693 802 424 1 77 87 196 
0	0.0: 1 942 988 421 5 461 69 1 
0	0.0: 108 1156 1002 421 416 325 67 4 
0	0.0: 1 782 739 427 241 299 77 231 
0	0.0: 15 893 812 423 156 282 99 38 
0	0.0: 220 556 709 423 355 246 88 82 
0	0.0: 93 673 1242 424 204 207 165 11 
0	0.0: 105 1057 898 415 371 335 117 18 
0	0.0: 330 626 586 419 256 255 76 448 
0	0.0: 221 789 902 421 258 282 165 458 
0	0.0: 81 885 741 423 538 335 91 248 
0	0.0: 139 1060 730 419 228 536 120 153 
0	0.0: 1 766 797 427 239 242 94 315 
0	0.0: 1 817 492 432 331 67 113 284 
0	0.0: 261 1009 1020 418 316 132 54 464 
0	0.0: 94 1104 952 422 257 345 57 1 
0	0.0: 115 1328 882 416 559 142 75 181 
0	0.0: 1 982 965 420 104 142 94 62 
0	0.0: 1 998 946 419 265 296 112 55 
0	0.0: 55 952 1286 421 1 464 96 1 
0	0.0: 1 533 912 424 421 211 96 1 
0	0.0: 19 732 708 424 263 344 82 1 
0	0.0: 1 834 1004 424 300 180 101 20 
0	0.0: 1 877 827 427 401 236 66 12 
0	0.0: 297 1037 850 423 170 281 46 347 
0	0.0: 224 733 1013 422 196 130 62 95 
0	0.0: 1 825 1087 420 504 259 79 295 
0	0.0: 168 961 987 413 152 349 112 50 
0	0.0: 77 933 931 419 317 384 91 75 
0	0.0: 299 758 936 414 277 280 60 192 
0	0.0: 14 1113 621 429 101 288 90 274 
0	0.0: 106 935 728 419 285 365 74 54 
0	0.0: 1 650 954 415 174 298 76 183 
0	0.0: 237 851 1149 414 581 87 124 291 
0	0.0: 1 885 988 423 450 336 109 18 
0	0.0: 1 652 1087 418 52 128 95 311 
0	0.0: 1 712 757 418 194 236 126 99 
0	0.0: 1 679 1102 431 360 222 57 46 
0	0.0: 186 748 986 431 227 106 99 129 
0	0.0: 1 699 624 439 264 362 84 418 
0	0.0: 122 816 770 428 298 115 126 282 
0	0.0: 1 1045 944 421 157 70 135 310 
0	0.0: 1 813 1069 427 366 298 144 260 
0	0.0: 1 823 1176 423 465 466 95 203 
0	0.0: 1 752 903 425 248 187 95 176 
0	0.0: 1 719 900 424 239 168 102 52 
0	0.0: 281 991 666 423 329 357 84 304 
0	0.0: 141 613 922 425 81 272 61 1 
0	0.0: 140 988 695 432 1 290 84 243 
0	0.0: 1 751 868 416 489 101 85 204 
0	0.0: 1 720 946 418 1 269 89 147 
0	0.0: 20 791 1083 424 558 227 53 36 
0	0.0: 57 744 527 425 325 157 96 161 
0	0.0: 1 736 742 420 111 370 34 1 
0	0.0: 225 957 828 436 45 52 68 151 
0	0.0: 1 808 1002 428 226 191 78 158 
0	0.0: 339 775 860 420 101 219 67 173 
0	0.0: 1 1113 699 420 462 368 72 356 
0	0.0: 275 860 864 416 152 320 120 33 
0	0.0: 84 1123 978 425 230 282 65 174 
0	0.0: 1 1027 1007 423 104 241 40 325 
0	0.0: 1 720 1046 416 406 152 67 1 
0	0.0: 1 922 907 431 224 316 59 46 
0	0.0: 280 871 719 421 288 210 91 301 
0	0.0: 234 818 827 426 367 200 91 211 
0	0.0: 1 1033 686 427 309 248 89 1 
0	0.0: 32 909 856 422 436 268 96 152 
0	0.0: 65 858 855 424 393 278 90 216 
0	0.0: 227 871 867 427 210 235 111 120 
0	0.0: 1 828 1154 423 177 251 85 1 
0	0.0: 1 753 781 419 172 174 16 229 
0	0.0: 1 631 1004 420 218 277 86 401 
0	0.0: 1 999 1156 426 202 339 79 155 
0	0.0: 64 1034 866 419 299 360 114 282 
0	0.0: 245 954 915 437 386 307 115 165 
0	0.0: 1 838 1035 428 171 209 141 179 
0	0.0: 250 825 846 418 118 59 123 1 
0	0.0: 201 1032 1166 424 86 326 72 39 
0	0.0: 1 692 909 423 627 149 36 128 
0	0.0: 1 674 947 426 85 227 119 97 
0	0.0: 43 941 700 421 352 176 102 1 
0	0.0: 1 791 662 419 44 183 48 14 
0	0.0: 159 695 816 412 186 160 81 159 
0	0.0: 1 872 1232 416 4 198 108 195 
0	0.0: 100 1175 911 429 206 336 76 1 
0	0.0: 258 1039 865 415 286 211 56 406 
0	0.0: 1 943 1017 424 293 478 73 230 
0	0.0: 25 743 836 422 104 260 109 62 
0	0.0: 1 1142 1064 428 300 64 95 157 
0	0.0: 1 947 1017 435 87 166 111 101 
0	0.0: 228 1061 1000 427 46 1 105 230 
0	0.0: 1 721 846 422 126 450 154 1 
0	0.0: 1 722 1028 427 400 274 112 168 
0	0.0: 40 1006 993 420 465 41 82 1 
0	0.0: 1 708 1088 429 286 116 97 136 
0	0.0: 208 1036 884 429 185 264 51 63 
0	0.0: 242 921 824 424 371 295 107 341 
0	0.0: 1 951 918 426 176 193 81 66 
0	0.0: 1 709 1080 428 308 153 39 1 
0	0.0: 1 1034 791 427 323 464 77 345 
0	0.0: 1 996 850 416 164 236 73 113 
0	0.0: 1 1039 993 427 239 90 136 141 
0	0.0: 183 943 776 414 303 371 98 26 
0	0.0: 89 806 1297 437 111 297 103 191 
0	0.0: 480 648 766 419 284 311 72 66 
0	0.0: 1 944 799 427 1 252 158 268 
0	0.0: 32 819 872 427 148 75 126 452 
0	0.0: 55 835 856 430 237 73 49 98 
0	0.0: 1 1010 822 427 30 327 88 1 
0	0.0: 88 791 910 414 416 159 52 98 
0	0.0: 1 740 1104 429 364 277 68 134 
0	0.0: 1 930 789 424 205 202 36 249 
0	0.0: 1 698 840 427 272 220 68 324 
0	0.0: 23 1031 850 429 229 319 73 13 
0	0.0: 1 531 785 426 376 482 63 279 
0	0.0: 27 934 996 433 367 559 50 343 
0	0.0: 1 592 1035 429 188 355 70 272 
0	0.0: 16 1115 963 420 438 341 113 1 
0	0.0: 1 540 888 416 221 91 83 205 
0	0.0: 1 619 815 420 139 446 82 29 
0	0.0: 365 699 1093 427 185 330 43 16 
0	0.0: 1 815 969 425 284 209 55 494 
0	0.0: 84 907 1075 419 301 138 82 1 
0	0.0: 31 627 1023 414 166 387 122 95 
0	0.0: 30 1080 773 421 276 1 130 219 
0	0.0: 243 734 750 419 351 283 64 76 
0	0.0: 58 842 635 428 442 338 48 124 
0	0.0: 123 716 1006 426 187 306 70 118 
0	0.0: 1 916 863 427 208 226 106 47 
0	0.0: 221 740 584 428 477 430 68 119 
0	0.0: 1 694 734 411 343 220 48 192 
0	0.0: 234 949 698 423 205 193 78 158 
0	0.0: 112 809 1052 422 106 210 74 8 
0	0.0: 1 1146 786 420 493 280 54 312 
0	0.0: 1 1016 1049 424 393 142 131 115 
0	0.0: 1 936 847 416 104 206 77 209 
0	0.0: 94 1008 684 430 352 360 92 158 
0	0.0: 1 814 752 420 54 554 89 418 
0	0.0: 1 1013 890 422 91 616 111 275 
0	0.0: 1 884 1219 416 1 357 60 144 
0	0.0: 1 641 954 429 153 104 112 272 
0	0.0: 57 690 1005 423 216 295 114 328 
0	0.0: 13 837 924 432 312 360 110 154 
0	0.0: 1 746 577 420 354 1 107 157 
0	0.0: 119 1082 692 426 273 223 131 240 
0	0.0: 168 1144 758 415 311 272 50 218 
0	0.0: 1 1300 853 425 271 370 98 277 
0	0.0: 194 1008 1227 422 328 343 121 385 
0	0.0: 207 853 816 425 392 66 91 1 
0	0.0: 188 875 533 415 397 192 55 193 
0	0.0: 222 900 785 432 101 238 133 58 
0	0.0: 1 915 888 417 492 251 51 278 
0	0.0: 42 880 1111 425 179 108 57 257 
0	0.0: 1 894 1193 412 447 152 73 188 
0	0.0: 1 929 938 427 184 477 61 494 
0	0.0: 93 891 841 416 429 297 73 3 
0	0.0: 65 826 967 422 236 212 98 1 
0	0.0: 1 885 926 423 1 252 85 269 
0	0.0: 147 1085 1116 418 592 363 112 81 
0	0.0: 55 1040 713 435 152 231 158 91 
0	0.0: 167 713 793 419 237 441 84 325 
0	0.0: 1 754 914 431 485 426 101 109 
0	0.0: 1 909 869 424 351 184 87 93 
0	0.0: 136 1133 1014 428 240 201 1 1 
0	0.0: 55 1083 995 424 419 295 64 101 
0	0.0: 125 684 790 428 326 99 139 298 
0	0.0: 1 1086 726 423 278 63 81 137 
0	0.0: 1 1137 939 418 159 192 78 1 
0	0.0: 1 906 1013 423 156 244 88 1 
0	0.0: 109 769 1145 433 250 281 144 375 
0	0.0: 1 953 1039 420 187 156 101 1 
0	0.0: 1 642 905 429 221 417 72 146 
0	0.0: 1 885 675 419 435 48 64 120 
0	0.0: 160 724 978 421 362 157 126 284 
0	0.0: 36 541 959 423 204 150 118 42 
0	0.0: 150 873 862 426 333 514 91 226 
0	0.0: 49 820 1115 425 620 384 68 165 
0	0.0: 261 854 818 431 52 380 132 210 
0	0.0: 297 955 906 433 93 280 72 215 
0	0.0: 1 994 972 417 375 464 15 247 
0	0.0: 1 1004 691 426 279 340 99 70 
0	0.0: 129 962 829 431 320 441 82 85 
0	0.0: 76 487 841 424 153 345 114 86 
0	0.0: 1 808 846 415 259 249 49 1 
0	0.0: 279 938 634 424 366 374 117 1 
0	0.0: 49 1045 1030 432 296 125 105 204 
0	0.0: 200 988 865 420 346 21 123 109 
0	0.0: 1 1015 1020 428 269 248 77 134 
0	0.0: 311 817 711 424 94 375 150 161 
0	0.0: 123 439 1114 433 291 361 85 136 
0	0.0: 1 636 838 429 284 135 73 1 
0	0.0: 24 860 803 430 171 244 92 1 
0	0.0: 1 890 794 423 196 323 95 102 
0	0.0: 365 1053 979 419 206 352 83 15 
0	0.0: 1 962 878 417 409 79 91 1 
0	0.0: 26 893 970 419 172 426 104 235 
0	0.0: 1 898 1041 426 313 494 84 303 
0	0.0: 1 1097 1055 432 165 19 110 225 
0	0.0: 1 927 899 429 356 94 55 96 
0	0.0: 1 949 690 413 60 133 48 1 
0	0.0: 160 1164 723 429 680 424 68 66 
0	0.0: 1 721 1114 419 398 165 93 160 
0	0.0: 100 785 1209 427 203 352 95 279 
0	0.0: 1 1072 783 416 59 439 104 189 
0	0.0: 1 967 1180 429 1 229 67 298 
0	0.0: 1 678 845 418 452 314 111 123 
0	0.0: 1 862 915 425 196 277 70 303 
0	0.0: 260 764 815 416 330 418 91 1 
0	0.0: 1 701 866 416 104 61 70 1 
0	0.0: 1 946 1345 431 441 242 107 342 
0	0.0: 221 559 905 431 363 429 160 290 
0	0.0: 51 931 879 426 580 305 89 146 
0	0.0: 33 1029 913 425 129 565 146 150 
0	0.0: 1 996 788 421 128 301 72 21 
0	0.0: 74 818 892 428 180 314 76 304 
0	0.0: 121 986 1109 422 203 228 61 61 
0	0.0: 436 886 979 418 356 260 70 1 
0	0.0: 1 918 759 415 321 161 6 176 
0	0.0: 1 891 867 429 101 401 134 246 
0	0.0: 318 785 763 421 234 419 74 358 
0	0.0: 38 924 815 424 344 263 99 150 
