7	0.0: 671 100 970 955 442 315 919 123 
7	0.0: 686 161 783 939 457 302 927 128 
7	0.0: 540 74 905 957 200 310 833 125 
7	0.0: 786 336 902 961 120 372 905 131 
7	0.0: 678 113 1280 980 135 309 749 134 
7	0.0: 672 134 964 992 275 282 1038 128 
7	0.0: 679 160 868 961 158 272 1068 127 
7	0.0: 525 36 838 968 378 227 630 129 
7	0.0: 522 272 670 976 114 307 981 133 
7	0.0: 590 260 875 966 1 214 842 125 
7	0.0: 755 223 891 997 20 298 698 131 
7	0.0: 688 167 1019 948 421 347 841 132 
7	0.0: 700 107 1069 961 41 280 680 124 
7	0.0: 515 169 991 955 465 304 1031 130 
7	0.0: 588 1 735 978 86 366 906 124 
7	0.0: 463 147 914 989 164 300 582 124 
7	0.0: 777 51 1231 976 301 382 584 127 
7	0.0: 791 89 1163 956 401 294 1235 131 
7	0.0: 684 286 902 917 189 325 976 128 
7	0.0: 570 6 680 986 131 233 926 126 
7	0.0: 572 158 675 1008 290 297 720 128 
7	0.0: 601 261 938 982 189 288 929 129 
7	0.0: 575 199 1126 989 276 265 655 132 
7	0.0: 610 231 997 991 264 357 797 131 
7	0.0: 589 1 886 992 518 347 692 126 
7	0.0: 784 242 924 955 475 305 897 129 
7	0.0: 637 97 900 984 342 277 876 124 
7	0.0: 841 159 1132 959 598 363 762 127 
7	0.0: 761 206 837 937 1 310 717 129 
7	0.0: 647 166 1130 960 180 285 1023 129 
7	0.0: 566 44 965 1060 287 295 572 126 
7	0.0: 691 210 872 1003 199 313 577 129 
7	0.0: 740 268 1131 954 96 339 633 127 
7	0.0: 706 107 798 912 366 349 700 129 
7	0.0: 585 210 978 887 621 257 1107 123 
7	0.0: 460 217 805 936 238 321 697 127 
7	0.0: 318 209 970 1020 247 195 640 130 
7	0.0: 471 84 715 1006 112 228 721 128 
7	0.0: 707 207 845 964 318 289 452 134 
7	0.0: 576 1 1176 939 171 301 689 127 
7	0.0: 686 167 840 996 249 219 1014 128 
7	0.0: 704 206 927 982 363 231 714 129 
7	0.0: 650 103 878 942 418 318 694 128 
7	0.0: 606 102 758 901 124 214 848 129 
7	0.0: 659 6 1074 969 200 291 869 127 
7	0.0: 708 200 826 928 349 248 1129 134 
7	0.0: 717 34 928 952 231 209 995 130 
7	0.0: 692 126 924 955 406 309 1042 130 
7	0.0: 486 149 948 975 121 190 1149 127 
7	0.0: 750 35 957 997 288 309 948 132 
7	0.0: 593 97 1061 960 104 199 606 133 
7	0.0: 841 195 883 970 213 280 912 131 
7	0.0: 681 1 975 992 153 346 1116 138 
7	0.0: 696 62 844 987 505 288 1233 129 
7	0.0: 536 77 715 909 229 220 549 127 
7	0.0: 693 234 874 919 373 290 941 134 
7	0.0: 746 42 740 967 349 204 958 129 
7	0.0: 790 212 1158 984 263 312 931 120 
7	0.0: 674 86 1092 996 445 245 1174 133 
7	0.0: 572 93 983 977 142 278 922 123 
7	0.0: 483 146 974 1004 344 297 1057 134 
7	0.0: 553 9 940 961 76 252 1088 127 
7	0.0: 722 262 716 979 273 310 562 128 
7	0.0: 694 41 1000 1025 207 371 967 133 
7	0.0: 697 206 814 930 65 316 885 128 
7	0.0: 548 22 944 992 410 241 981 130 
7	0.0: 706 250 1061 968 326 322 668 121 
7	0.0: 634 1 999 932 503 275 910 120 
7	0.0: 653 135 1110 973 217 353 770 136 
7	0.0: 669 232 790 943 97 252 644 130 
7	0.0: 702 80 997 992 26 234 692 132 
7	0.0: 666 114 984 944 240 325 684 126 
7	0.0: 514 328 900 963 100 313 846 126 
7	0.0: 706 254 821 956 282 270 745 134 
7	0.0: 727 39 1047 919 243 339 577 123 
7	0.0: 691 285 966 948 229 256 1099 133 
7	0.0: 687 243 736 964 315 313 923 130 
7	0.0: 611 1 934 999 209 296 684 130 
7	0.0: 735 32 983 917 186 337 851 130 
7	0.0: 729 144 959 945 195 307 757 128 
7	0.0: 725 77 717 957 319 295 960 125 
7	0.0: 654 214 1200 981 251 289 970 127 
7	0.0: 515 77 1177 933 419 331 804 127 
7	0.0: 538 109 875 955 249 290 1066 131 
7	0.0: 538 156 967 1014 241 307 625 135 
7	0.0: 695 100 1042 899 259 263 971 126 
7	0.0: 720 32 812 1001 458 284 962 129 
7	0.0: 680 217 630 966 215 221 804 124 
7	0.0: 559 46 1054 1010 392 228 598 133 
7	0.0: 666 149 960 971 1 369 853 132 
7	0.0: 809 136 759 930 344 235 1174 125 
7	0.0: 728 167 1056 975 618 271 820 129 
7	0.0: 464 167 987 922 408 338 1024 126 
7	0.0: 457 239 662 986 395 270 707 119 
7	0.0: 758 161 1061 958 279 299 834 127 
7	0.0: 780 22 861 952 281 304 749 127 
7	0.0: 812 164 997 968 607 183 688 131 
7	0.0: 802 175 678 958 353 223 936 130 
7	0.0: 646 131 1066 987 259 292 980 127 
7	0.0: 715 1 1015 944 229 291 1011 132 
7	0.0: 703 369 673 991 465 284 959 124 
7	0.0: 864 26 764 949 323 255 782 133 
7	0.0: 702 42 1060 937 119 340 552 128 
7	0.0: 544 176 1026 988 452 321 1082 126 
7	0.0: 625 236 928 938 242 283 902 134 
7	0.0: 481 280 895 1005 262 236 934 128 
7	0.0: 636 1 1044 1000 98 329 991 129 
7	0.0: 651 224 1041 998 504 349 880 129 
7	0.0: 675 289 798 968 351 364 1060 131 
7	0.0: 801 259 1230 974 330 279 843 128 
7	0.0: 563 163 813 966 523 361 906 130 
7	0.0: 620 387 512 972 1 308 1176 124 
7	0.0: 757 288 1138 1005 380 356 856 125 
7	0.0: 657 65 940 959 329 341 1126 123 
7	0.0: 687 45 1027 973 363 293 814 126 
7	0.0: 478 44 1100 922 564 250 607 132 
7	0.0: 937 17 1024 1007 209 277 846 130 
7	0.0: 650 1 949 973 279 379 783 129 
7	0.0: 633 1 864 968 396 339 920 128 
7	0.0: 596 70 998 929 170 267 748 131 
7	0.0: 759 138 708 968 359 273 476 129 
7	0.0: 608 205 1131 970 531 288 1045 124 
7	0.0: 602 112 860 992 314 286 820 128 
7	0.0: 770 45 762 937 330 296 511 134 
7	0.0: 611 115 1102 995 525 356 908 128 
7	0.0: 567 1 1073 1021 468 255 628 124 
7	0.0: 802 138 847 929 264 282 937 131 
7	0.0: 581 199 1082 889 356 275 785 134 
7	0.0: 575 149 886 986 309 270 949 130 
7	0.0: 602 134 965 984 494 271 965 135 
7	0.0: 705 244 868 951 300 330 702 131 
7	0.0: 680 69 1124 944 407 253 924 133 
7	0.0: 524 195 1060 922 336 309 810 122 
7	0.0: 674 105 981 937 383 252 1162 122 
7	0.0: 615 39 975 981 244 363 962 128 
7	0.0: 711 1 1118 968 222 236 540 130 
7	0.0: 609 91 1023 962 162 390 575 124 
7	0.0: 663 119 981 1016 351 319 797 133 
7	0.0: 632 51 677 1032 589 270 644 126 
7	0.0: 603 156 742 991 121 216 906 128 
7	0.0: 722 184 557 955 214 258 784 133 
7	0.0: 690 248 812 945 482 272 526 129 
7	0.0: 724 222 972 959 657 302 734 129 
7	0.0: 638 237 970 939 111 224 764 121 
7	0.0: 627 83 1148 948 367 291 1116 124 
7	0.0: 624 1 919 928 234 286 775 123 
7	0.0: 723 15 761 991 350 321 773 132 
7	0.0: 763 76 779 982 298 259 1241 136 
7	0.0: 591 126 959 934 130 337 812 130 
7	0.0: 719 79 775 955 260 258 889 127 
7	0.0: 579 83 873 966 205 329 943 126 
7	0.0: 511 75 727 986 1 270 849 131 
7	0.0: 657 303 859 984 253 329 713 132 
7	0.0: 734 1 918 941 310 351 647 124 
7	0.0: 697 310 641 1016 292 215 1005 132 
7	0.0: 555 1 780 960 448 229 920 133 
7	0.0: 690 92 590 1050 370 294 802 128 
7	0.0: 817 168 899 926 333 247 828 126 
7	0.0: 638 1 914 992 492 344 1093 126 
7	0.0: 654 347 686 970 313 313 1120 131 
7	0.0: 713 279 811 996 190 311 806 124 
7	0.0: 594 233 1001 988 159 264 895 132 
7	0.0: 605 52 676 942 223 257 832 128 
7	0.0: 673 237 916 1024 291 263 668 128 
7	0.0: 723 106 1096 990 260 383 850 131 
7	0.0: 625 240 848 941 408 265 473 130 
7	0.0: 785 272 1082 924 551 367 747 135 
7	0.0: 584 155 1038 926 505 262 925 124 
7	0.0: 715 227 735 961 422 250 803 130 
7	0.0: 646 115 990 981 228 324 968 128 
7	0.0: 651 46 1050 942 283 291 953 123 
7	0.0: 887 247 972 963 283 230 778 124 
7	0.0: 810 93 1310 931 262 240 1132 132 
7	0.0: 646 47 893 974 331 275 375 130 
7	0.0: 541 227 963 942 407 198 920 123 
7	0.0: 668 18 1038 956 166 321 672 130 
7	0.0: 682 45 955 962 101 272 774 122 
7	0.0: 657 23 1014 933 116 277 881 125 
7	0.0: 583 179 630 982 259 278 997 128 
7	0.0: 760 189 1076 946 550 314 946 131 
7	0.0: 855 1 873 937 161 333 637 129 
7	0.0: 513 98 1142 961 434 285 823 126 
7	0.0: 624 145 877 971 269 287 635 128 
7	0.0: 769 144 1051 949 265 321 916 129 
7	0.0: 640 203 1053 982 144 245 699 126 
7	0.0: 559 1 870 978 507 298 812 134 
7	0.0: 448 1 829 943 209 245 985 129 
7	0.0: 557 178 900 1000 339 242 999 130 
7	0.0: 634 202 837 956 356 323 945 135 
7	0.0: 708 3 753 910 396 246 571 129 
7	0.0: 722 102 933 924 72 354 882 132 
7	0.0: 692 95 1021 943 90 287 712 127 
7	0.0: 722 117 883 931 142 270 1153 123 
7	0.0: 524 100 893 951 221 304 700 137 
7	0.0: 547 78 853 979 212 239 815 123 
7	0.0: 748 26 823 970 264 308 939 127 
7	0.0: 548 233 1091 944 406 330 966 132 
7	0.0: 418 224 1107 975 192 283 603 131 
7	0.0: 774 90 900 974 345 267 1123 130 
7	0.0: 533 203 986 943 336 213 823 127 
7	0.0: 617 20 607 938 403 254 780 126 
7	0.0: 712 1 1045 987 553 241 637 125 
7	0.0: 622 70 833 989 386 289 518 128 
7	0.0: 672 129 1116 933 309 240 986 123 
7	0.0: 584 68 1127 978 348 296 894 133 
7	0.0: 587 261 988 977 314 281 665 123 
7	0.0: 705 139 992 1013 313 277 993 128 
7	0.0: 804 226 704 965 1 321 847 129 
7	0.0: 648 244 722 1055 146 336 965 128 
7	0.0: 765 1 982 978 103 276 919 134 
7	0.0: 644 1 802 970 154 289 755 128 
7	0.0: 518 46 1061 964 256 253 977 127 
7	0.0: 582 5 927 976 378 290 629 130 
7	0.0: 521 31 1115 963 304 255 893 122 
7	0.0: 679 283 771 952 445 291 915 124 
7	0.0: 718 234 895 974 239 272 731 129 
7	0.0: 743 191 763 978 228 312 927 119 
7	0.0: 587 147 927 955 161 278 1200 136 
7	0.0: 533 1 1002 955 236 225 1221 128 
7	0.0: 669 274 832 962 210 308 882 124 
7	0.0: 748 272 1186 958 219 327 929 136 
7	0.0: 662 42 999 1041 356 277 1145 132 
7	0.0: 650 260 779 939 83 334 1205 129 
7	0.0: 777 142 1036 1013 180 288 1002 129 
7	0.0: 939 143 1098 929 398 299 718 132 
7	0.0: 627 159 934 958 378 326 963 131 
7	0.0: 549 149 872 990 1 283 775 126 
7	0.0: 669 115 1041 941 627 349 800 130 
7	0.0: 608 216 873 971 196 291 881 138 
7	0.0: 640 351 1025 998 140 302 798 132 
7	0.0: 658 113 816 990 642 277 840 135 
7	0.0: 480 210 789 892 318 307 929 130 
7	0.0: 599 276 1135 967 520 339 1234 125 
7	0.0: 744 1 1130 995 466 281 718 128 
7	0.0: 543 162 1103 975 300 238 1059 133 
7	0.0: 699 188 972 959 428 290 1062 137 
7	0.0: 646 102 1051 953 91 325 734 134 
7	0.0: 658 118 634 947 428 310 749 127 
7	0.0: 622 112 707 958 656 284 602 123 
7	0.0: 787 256 1100 955 225 262 717 125 
7	0.0: 765 262 1122 981 335 290 1213 126 
7	0.0: 699 312 1145 946 44 247 990 125 
7	0.0: 685 88 997 946 69 253 607 128 
7	0.0: 573 102 1175 930 364 279 1085 126 
7	0.0: 829 233 928 997 322 321 646 126 
7	0.0: 675 144 983 1015 280 316 965 128 
7	0.0: 583 146 838 960 172 284 873 134 
7	0.0: 549 83 1130 981 403 254 992 133 
7	0.0: 661 182 950 969 555 321 804 125 
7	0.0: 675 352 972 927 208 214 1112 129 
7	0.0: 726 206 932 1021 208 346 681 131 
7	0.0: 770 133 674 983 168 306 929 127 
7	0.0: 562 290 794 974 405 216 857 130 
7	0.0: 715 86 878 927 357 247 922 126 
7	0.0: 663 168 824 974 1 228 973 128 
7	0.0: 666 2 1372 988 358 329 771 131 
7	0.0: 635 21 1197 998 331 267 863 127 
7	0.0: 735 276 910 1006 1 305 905 128 
7	0.0: 576 4 1042 1006 554 180 830 123 
7	0.0: 592 124 980 976 365 332 966 127 
7	0.0: 716 150 1004 967 322 314 951 128 
7	0.0: 665 76 759 988 302 254 695 129 
7	0.0: 742 257 1214 992 172 284 647 123 
7	0.0: 885 52 807 952 279 240 915 134 
7	0.0: 646 145 714 965 312 314 746 127 
7	0.0: 680 110 775 963 399 296 926 128 
7	0.0: 676 258 1011 955 106 254 724 132 
7	0.0: 554 89 1110 991 473 198 962 133 
7	0.0: 754 1 975 988 289 232 664 122 
7	0.0: 561 176 975 939 379 263 1147 132 
7	0.0: 659 73 819 966 334 266 1012 130 
7	0.0: 695 53 838 968 267 257 924 130 
7	0.0: 700 26 732 1032 439 260 715 131 
7	0.0: 633 117 950 990 173 253 812 128 
7	0.0: 762 1 1149 935 302 317 595 130 
7	0.0: 741 64 760 942 170 353 1082 132 
7	0.0: 637 107 1061 919 149 293 679 126 
7	0.0: 760 30 803 996 294 286 897 128 
7	0.0: 541 208 965 965 1 306 699 126 
7	0.0: 672 183 996 959 264 277 1010 131 
7	0.0: 773 163 899 998 291 355 905 129 
7	0.0: 577 1 1033 978 297 259 639 129 
7	0.0: 724 1 839 991 244 277 856 125 
7	0.0: 717 117 1034 987 70 326 1097 130 
7	0.0: 605 242 925 954 336 274 549 127 
7	0.0: 494 92 1004 960 558 337 920 125 
7	0.0: 744 218 980 979 358 232 886 122 
7	0.0: 580 334 697 903 267 310 649 132 
7	0.0: 653 112 828 985 185 241 1086 129 
7	0.0: 599 175 824 944 279 305 624 132 
7	0.0: 747 1 1094 922 173 277 492 125 
7	0.0: 666 61 1009 1002 311 219 782 126 
7	0.0: 674 119 906 914 166 316 618 131 
7	0.0: 805 45 947 900 214 220 723 128 
7	0.0: 590 1 706 970 321 255 680 128 
7	0.0: 590 294 652 1004 339 319 995 127 
7	0.0: 724 1 1045 961 461 202 590 127 
7	0.0: 636 114 1118 1006 386 258 1010 124 
7	0.0: 705 89 1153 976 172 228 937 130 
7	0.0: 638 212 733 970 222 282 650 132 
7	0.0: 695 32 765 947 432 308 976 123 
7	0.0: 662 1 941 986 251 202 874 126 
7	0.0: 558 90 1009 980 185 288 891 125 
7	0.0: 730 132 988 952 290 283 923 125 
7	0.0: 592 50 1177 949 316 321 1001 131 
7	0.0: 853 1 763 927 78 255 768 129 
7	0.0: 655 37 978 998 674 276 1318 125 
7	0.0: 553 322 806 949 444 354 557 132 
7	0.0: 681 145 1047 962 317 216 766 127 
7	0.0: 482 37 845 969 462 172 984 130 
7	0.0: 645 119 848 1022 222 210 1152 129 
7	0.0: 603 162 999 1000 366 275 949 128 
7	0.0: 737 190 974 994 277 343 637 126 
7	0.0: 700 235 593 955 175 263 954 134 
7	0.0: 633 259 1152 992 141 203 557 126 
7	0.0: 697 57 1088 969 136 274 955 131 
7	0.0: 695 202 857 983 505 313 840 126 
7	0.0: 651 185 1034 944 272 307 555 124 
7	0.0: 515 55 871 946 100 319 737 122 
7	0.0: 811 141 1041 936 229 243 791 128 
7	0.0: 737 394 1116 979 106 192 863 128 
7	0.0: 800 40 738 966 441 253 774 127 
7	0.0: 689 1 957 967 267 293 591 131 
7	0.0: 607 229 838 972 304 265 706 125 
7	0.0: 773 88 1075 976 405 281 804 131 
7	0.0: 620 251 983 982 268 235 474 124 
7	0.0: 760 156 731 983 276 262 716 133 
7	0.0: 639 185 829 931 111 331 855 127 
7	0.0: 509 215 895 934 84 225 717 131 
7	0.0: 730 106 760 1004 168 337 653 126 
7	0.0: 681 1 1156 970 137 290 856 118 
7	0.0: 605 117 961 931 64 315 881 132 
7	0.0: 633 18 1029 971 576 347 722 129 
7	0.0: 805 90 553 985 397 355 664 132 
7	0.0: 738 173 956 961 96 335 932 132 
7	0.0: 657 28 764 1007 447 297 682 125 
7	0.0: 732 180 1197 991 264 247 541 129 
7	0.0: 740 82 955 956 466 252 672 126 
7	0.0: 568 1 925 968 225 281 830 122 
7	0.0: 554 60 974 983 173 268 641 130 
7	0.0: 536 73 450 990 268 228 467 123 
7	0.0: 540 229 705 890 188 256 358 131 
7	0.0: 635 68 739 931 355 284 794 129 
7	0.0: 647 201 897 976 384 235 1022 130 
7	0.0: 699 67 1142 938 303 313 820 132 
7	0.0: 616 233 974 999 291 270 756 131 
7	0.0: 537 151 887 1019 354 328 478 124 
7	0.0: 781 83 912 969 158 274 848 126 
7	0.0: 613 25 1099 979 1 204 820 126 
7	0.0: 543 120 1043 1002 444 316 761 130 
7	0.0: 664 167 1019 940 353 240 812 131 
7	0.0: 678 139 1122 963 1 293 623 130 
7	0.0: 728 99 965 959 209 257 713 132 
7	0.0: 730 129 1029 988 598 284 928 135 
7	0.0: 466 178 1041 948 277 222 680 125 
7	0.0: 726 53 795 1009 569 250 628 130 
7	0.0: 676 106 1048 978 99 190 984 127 
7	0.0: 848 178 951 952 397 292 843 126 
7	0.0: 608 189 1040 996 204 321 1094 131 
7	0.0: 719 1 608 961 90 301 559 132 
7	0.0: 921 1 914 995 307 246 1010 133 
7	0.0: 638 298 887 933 288 277 856 127 
7	0.0: 696 15 886 982 400 294 758 132 
7	0.0: 541 237 954 981 386 307 1139 132 
7	0.0: 706 26 885 940 159 238 633 129 
7	0.0: 585 199 928 966 224 284 595 126 
7	0.0: 748 128 1174 949 493 269 793 133 
7	0.0: 470 260 911 972 176 282 926 131 
7	0.0: 855 173 1181 974 366 249 613 132 
7	0.0: 711 186 877 946 525 255 1157 130 
7	0.0: 748 147 878 977 275 346 507 124 
7	0.0: 892 165 923 1020 211 196 989 134 
7	0.0: 742 21 792 957 333 315 1126 118 
7	0.0: 787 217 963 945 233 287 892 125 
7	0.0: 722 116 770 951 116 278 821 129 
7	0.0: 690 1 858 992 200 306 729 128 
7	0.0: 635 198 1147 957 1 264 515 124 
7	0.0: 627 271 814 985 467 376 844 134 
7	0.0: 697 1 659 951 498 224 721 126 
7	0.0: 833 1 690 951 489 263 1158 128 
7	0.0: 656 70 941 971 268 269 991 127 
7	0.0: 585 176 1249 950 499 185 863 129 
7	0.0: 663 195 674 976 203 280 1205 127 
7	0.0: 758 302 829 982 354 301 773 132 
7	0.0: 651 236 870 940 568 327 669 134 
7	0.0: 723 111 808 941 163 234 735 121 
7	0.0: 753 278 813 972 614 353 1188 133 
7	0.0: 658 204 903 966 383 269 1034 131 
7	0.0: 539 2 983 948 270 244 964 124 
7	0.0: 591 316 963 1015 403 241 991 129 
7	0.0: 666 72 1073 972 44 313 751 126 
7	0.0: 714 142 837 944 314 312 555 122 
7	0.0: 712 216 1031 966 368 272 807 129 
7	0.0: 580 194 851 998 332 270 884 130 
7	0.0: 570 241 839 979 238 382 824 125 
7	0.0: 574 115 851 953 234 358 902 131 
7	0.0: 472 147 924 932 515 301 849 129 
7	0.0: 760 226 718 939 360 304 907 126 
7	0.0: 520 280 863 974 118 245 906 125 
7	0.0: 708 31 895 987 248 326 760 125 
7	0.0: 592 1 907 933 387 214 634 129 
7	0.0: 788 243 666 965 355 214 651 131 
7	0.0: 602 215 724 928 148 264 360 128 
7	0.0: 712 101 841 1039 448 271 955 132 
7	0.0: 519 198 934 977 413 286 1010 127 
7	0.0: 650 189 804 956 280 243 743 133 
7	0.0: 764 145 869 954 249 306 824 122 
7	0.0: 653 1 1010 989 1 290 761 131 
7	0.0: 689 165 761 934 438 302 718 126 
7	0.0: 821 78 966 965 374 252 672 130 
7	0.0: 656 229 953 960 254 303 895 128 
7	0.0: 690 207 929 925 495 352 1010 130 
7	0.0: 500 316 913 975 510 199 753 131 
7	0.0: 800 57 849 936 121 293 863 130 
7	0.0: 675 26 817 986 574 294 923 131 
7	0.0: 643 226 1005 960 246 277 683 124 
7	0.0: 510 249 964 941 318 294 711 130 
7	0.0: 703 100 994 986 173 219 804 133 
7	0.0: 644 85 915 935 239 280 1018 126 
7	0.0: 810 138 760 887 352 292 820 124 
7	0.0: 419 1 999 987 116 228 731 122 
7	0.0: 648 188 966 971 341 311 710 128 
7	0.0: 819 282 1031 991 476 326 673 121 
7	0.0: 436 273 758 993 326 311 899 134 
7	0.0: 700 1 752 969 317 261 855 130 
7	0.0: 688 157 1041 982 268 347 702 127 
7	0.0: 800 260 1186 990 177 271 773 127 
7	0.0: 629 140 963 961 506 217 605 130 
7	0.0: 684 61 694 990 305 295 620 129 
7	0.0: 616 265 1051 1020 484 307 657 126 
7	0.0: 686 98 989 1022 166 370 1083 130 
7	0.0: 622 64 1007 968 264 279 928 131 
7	0.0: 675 141 819 1001 344 285 629 128 
7	0.0: 719 87 1004 968 214 228 974 124 
7	0.0: 546 212 1158 948 317 233 770 133 
7	0.0: 592 74 1342 966 400 235 615 130 
7	0.0: 529 1 989 1000 101 250 741 122 
7	0.0: 620 167 1003 1003 270 308 1010 133 
7	0.0: 595 80 862 932 243 351 555 130 
7	0.0: 825 1 961 937 479 343 853 126 
7	0.0: 570 254 693 990 253 225 635 131 
7	0.0: 796 170 826 939 356 301 627 136 
7	0.0: 457 292 849 977 270 277 950 127 
7	0.0: 625 58 769 986 196 283 778 124 
7	0.0: 603 129 742 994 290 228 1210 128 
7	0.0: 703 163 937 960 62 225 546 138 
7	0.0: 690 166 1042 966 303 321 679 130 
7	0.0: 789 46 941 947 290 228 444 122 
7	0.0: 543 112 942 991 129 317 556 122 
7	0.0: 624 429 866 977 527 328 1206 125 
7	0.0: 629 120 877 956 123 305 944 133 
7	0.0: 705 268 871 1020 396 233 880 129 
7	0.0: 612 109 797 952 324 296 908 127 
7	0.0: 599 295 986 970 502 244 1094 127 
3	0.0: 658 1 732 933 737 363 375 130 
7	0.0: 680 266 857 966 375 298 627 124 
7	0.0: 705 1 685 972 263 285 794 128 
7	0.0: 643 124 801 960 89 330 906 123 
7	0.0: 711 1 995 1022 321 323 1104 127 
7	0.0: 647 366 977 1032 296 287 1010 128 
7	0.0: 820 93 806 1032 695 291 1164 131 
7	0.0: 689 45 948 946 266 276 868 127 
7	0.0: 640 296 1068 945 1 396 946 124 
7	0.0: 699 199 960 974 317 285 903 125 
7	0.0: 601 1 899 963 556 343 1262 132 
7	0.0: 677 170 1185 941 189 285 510 131 
7	0.0: 760 232 1219 984 38 277 648 134 
7	0.0: 705 50 910 963 120 350 446 128 
7	0.0: 806 160 755 1030 564 291 722 127 
7	0.0: 620 282 940 962 1 360 982 127 
7	0.0: 569 228 937 948 504 331 646 131 
7	0.0: 761 199 1037 965 206 228 851 129 
7	0.0: 594 123 977 1029 449 290 801 130 
7	0.0: 562 1 839 906 159 294 1070 128 
7	0.0: 552 239 739 1002 261 251 669 133 
7	0.0: 886 156 885 957 87 329 805 131 
7	0.0: 674 308 844 947 108 357 1123 135 
7	0.0: 769 57 718 957 1 308 1143 134 
7	0.0: 563 160 959 960 302 260 700 125 
7	0.0: 659 167 840 981 217 252 941 117 
7	0.0: 706 48 1039 939 368 344 1150 128 
7	0.0: 589 127 967 949 354 291 672 121 
7	0.0: 559 128 880 930 648 342 676 132 
7	0.0: 775 34 913 1028 52 309 1065 131 
7	0.0: 559 133 860 963 385 225 949 131 
7	0.0: 677 155 754 987 282 281 741 127 
7	0.0: 693 237 815 959 88 320 1058 127 
7	0.0: 697 165 927 954 149 358 1138 130 
7	0.0: 741 1 690 942 351 263 816 124 
7	0.0: 688 183 765 978 184 220 854 132 
7	0.0: 603 61 935 997 58 282 1108 129 
7	0.0: 591 231 848 925 528 271 840 127 
7	0.0: 757 192 912 1039 184 267 1341 131 
7	0.0: 626 110 1138 983 499 306 573 132 
7	0.0: 693 255 699 962 255 367 783 128 
7	0.0: 821 264 1196 935 113 300 548 128 
7	0.0: 657 129 815 937 678 269 560 126 
7	0.0: 524 208 1020 993 158 302 636 128 
7	0.0: 726 1 1273 892 660 261 418 125 
7	0.0: 667 208 941 981 475 211 990 129 
7	0.0: 663 131 1113 998 191 223 901 126 
7	0.0: 458 296 965 955 234 267 762 127 
7	0.0: 676 275 868 946 477 287 965 129 
7	0.0: 742 336 903 960 363 346 690 131 
7	0.0: 767 1 1097 978 66 311 917 134 
7	0.0: 687 196 1079 964 252 271 1064 129 
7	0.0: 729 102 797 942 261 293 728 134 
7	0.0: 725 182 1104 965 371 343 806 125 
7	0.0: 724 148 901 912 452 329 1096 128 
7	0.0: 619 140 878 920 378 284 558 131 
7	0.0: 444 36 594 910 250 296 706 126 
7	0.0: 475 163 1076 923 219 284 1096 125 
7	0.0: 531 1 830 959 300 249 770 127 
7	0.0: 653 101 857 969 290 305 443 123 
7	0.0: 648 243 980 945 395 329 1086 126 
7	0.0: 657 173 759 957 298 239 1170 130 
7	0.0: 602 84 864 936 282 275 618 127 
7	0.0: 527 1 996 999 298 301 1003 124 
7	0.0: 654 2 927 976 1 356 1070 134 
7	0.0: 815 202 889 995 217 262 799 135 
7	0.0: 687 204 844 998 171 286 782 127 
7	0.0: 768 71 1157 1020 338 292 858 129 
7	0.0: 682 24 1202 952 287 240 850 125 
7	0.0: 647 1 1003 922 109 326 886 131 
7	0.0: 640 258 1084 951 284 241 915 130 
7	0.0: 658 5 1033 1030 1 368 819 127 
7	0.0: 597 157 710 1012 145 237 993 133 
7	0.0: 669 374 817 943 433 275 989 132 
7	0.0: 645 1 850 998 494 276 838 129 
7	0.0: 760 108 1140 908 253 233 723 126 
7	0.0: 667 162 1214 901 270 292 638 124 
7	0.0: 647 130 1160 952 115 277 727 132 
7	0.0: 777 184 1170 970 533 248 876 126 
7	0.0: 642 178 912 945 519 312 1104 127 
7	0.0: 566 1 1086 955 514 239 401 127 
7	0.0: 508 256 891 988 227 297 961 128 
7	0.0: 786 281 1157 989 284 303 694 125 
7	0.0: 698 52 856 973 279 243 921 131 
7	0.0: 751 1 1107 1012 480 234 1050 127 
7	0.0: 545 243 770 969 397 353 671 135 
7	0.0: 796 125 951 993 211 326 1067 131 
7	0.0: 634 223 622 939 206 291 746 131 
7	0.0: 646 125 725 974 451 202 1209 126 
7	0.0: 599 43 875 1009 421 279 1131 126 
7	0.0: 765 111 834 954 364 304 967 131 
7	0.0: 544 239 1176 994 129 249 1264 132 
7	0.0: 758 74 940 964 524 336 706 132 
7	0.0: 461 415 709 956 340 247 989 131 
7	0.0: 644 139 973 967 384 313 848 127 
7	0.0: 574 76 1065 928 263 171 861 132 
7	0.0: 816 192 923 971 91 239 1039 122 
7	0.0: 720 44 1090 999 98 281 927 131 
7	0.0: 700 1 1024 981 1 253 1087 122 
7	0.0: 654 98 1009 999 383 230 982 122 
7	0.0: 566 294 774 964 388 247 799 131 
7	0.0: 679 100 795 985 255 339 1052 126 
7	0.0: 736 159 1016 925 394 230 780 128 
7	0.0: 638 258 985 999 368 276 811 136 
7	0.0: 723 244 904 974 148 295 581 126 
7	0.0: 744 27 1032 965 466 231 839 131 
7	0.0: 587 201 984 984 277 251 1093 126 
7	0.0: 699 227 851 931 305 240 957 131 
7	0.0: 549 1 685 932 265 241 718 126 
7	0.0: 768 8 975 967 275 267 809 128 
7	0.0: 677 285 934 957 176 232 750 124 
7	0.0: 469 185 847 968 364 225 1025 127 
7	0.0: 668 91 1038 954 260 292 960 126 
7	0.0: 578 92 727 981 307 246 982 131 
7	0.0: 554 272 1120 944 395 327 919 131 
7	0.0: 703 40 792 973 329 278 855 122 
7	0.0: 934 278 923 970 301 248 641 126 
7	0.0: 734 170 910 1008 35 312 979 128 
7	0.0: 711 315 1026 961 444 302 814 123 
7	0.0: 794 186 1199 937 407 288 760 134 
7	0.0: 531 1 1109 958 355 251 931 129 
7	0.0: 546 31 998 978 446 303 935 132 
7	0.0: 691 118 745 916 235 254 914 131 
7	0.0: 735 119 990 968 377 234 950 129 
7	0.0: 635 84 809 929 16 312 1207 125 
7	0.0: 878 66 974 969 75 345 907 125 
7	0.0: 758 250 1089 965 460 351 1151 129 
7	0.0: 581 1 878 954 545 252 1260 132 
7	0.0: 628 84 937 948 197 358 854 132 
7	0.0: 731 112 815 957 37 307 857 132 
7	0.0: 586 264 960 996 139 317 688 131 
7	0.0: 553 185 699 1039 221 305 431 134 
7	0.0: 594 40 1057 991 450 260 734 129 
7	0.0: 725 9 1153 949 195 282 826 134 
7	0.0: 482 111 888 938 95 245 633 123 
7	0.0: 566 313 1046 987 238 335 1078 133 
7	0.0: 675 144 951 1014 447 286 781 127 
7	0.0: 557 319 915 977 312 295 827 125 
7	0.0: 537 141 1105 934 1 360 750 125 
7	0.0: 616 184 784 969 199 270 641 128 
7	0.0: 702 58 787 1041 263 399 1018 130 
7	0.0: 682 164 993 990 220 270 1003 133 
7	0.0: 646 123 1020 963 199 318 589 130 
7	0.0: 877 180 824 943 405 302 959 129 
7	0.0: 762 1 905 985 32 267 821 132 
7	0.0: 633 1 989 938 129 298 481 132 
7	0.0: 442 22 992 949 78 234 974 123 
7	0.0: 585 112 1061 943 191 323 1252 136 
7	0.0: 548 172 888 950 111 277 736 128 
7	0.0: 775 128 1211 955 1 328 1192 127 
7	0.0: 576 186 1063 940 312 268 822 129 
7	0.0: 588 179 976 933 348 355 831 127 
7	0.0: 496 292 813 950 370 303 614 125 
7	0.0: 558 1 1047 997 312 302 994 129 
7	0.0: 557 1 1077 929 231 312 778 123 
7	0.0: 732 206 956 925 373 316 773 124 
7	0.0: 636 197 1074 1007 28 348 566 133 
7	0.0: 770 88 913 1010 245 296 1099 135 
7	0.0: 622 154 792 1020 406 321 778 128 
7	0.0: 665 64 836 955 343 305 853 134 
7	0.0: 557 242 1047 990 1 340 868 131 
7	0.0: 679 93 1115 951 357 257 939 123 
7	0.0: 697 72 967 943 159 289 738 123 
7	0.0: 635 198 953 992 374 327 635 132 
7	0.0: 639 24 984 976 228 270 591 119 
7	0.0: 651 157 910 983 25 305 766 134 
7	0.0: 716 129 983 961 136 282 545 124 
7	0.0: 634 23 817 930 152 270 457 132 
7	0.0: 573 45 862 982 474 297 1124 131 
7	0.0: 583 1 925 920 332 290 607 126 
7	0.0: 786 113 748 952 400 248 769 126 
7	0.0: 629 229 691 1002 347 221 763 129 
7	0.0: 711 162 969 971 544 329 784 128 
7	0.0: 720 1 1054 929 188 315 821 121 
7	0.0: 878 197 882 948 270 287 916 126 
7	0.0: 565 185 816 959 562 259 673 130 
7	0.0: 606 1 802 955 290 271 850 128 
7	0.0: 638 68 769 952 413 162 734 130 
7	0.0: 866 142 995 933 666 383 810 127 
7	0.0: 664 215 968 936 197 282 557 131 
7	0.0: 727 141 961 985 149 297 759 125 
7	0.0: 735 60 1093 961 323 258 502 132 
7	0.0: 712 74 760 958 543 236 995 129 
7	0.0: 802 217 631 972 160 305 597 124 
7	0.0: 524 124 941 995 241 190 855 135 
7	0.0: 650 146 754 930 537 355 779 124 
7	0.0: 674 144 688 968 421 335 1042 127 
7	0.0: 445 2 828 997 22 279 945 130 
7	0.0: 650 106 804 932 363 252 1032 125 
7	0.0: 661 254 839 953 251 242 844 132 
7	0.0: 742 86 956 980 312 237 747 127 
7	0.0: 542 28 1088 924 175 273 492 122 
7	0.0: 623 89 741 949 225 285 846 134 
7	0.0: 787 104 823 981 362 338 556 130 
7	0.0: 618 173 897 968 90 365 1195 131 
7	0.0: 572 1 912 975 229 246 723 130 
7	0.0: 770 253 1010 956 23 272 934 129 
7	0.0: 836 206 922 987 203 269 952 123 
7	0.0: 852 114 807 948 499 274 779 134 
7	0.0: 744 221 902 936 393 306 766 123 
7	0.0: 817 110 1416 958 652 315 1028 126 
7	0.0: 739 289 1031 1043 225 238 1055 134 
7	0.0: 1015 72 727 965 309 267 695 129 
7	0.0: 705 275 766 1013 173 258 842 128 
7	0.0: 902 76 921 948 30 198 917 126 
7	0.0: 929 13 825 926 314 260 760 127 
7	0.0: 568 109 1057 941 488 272 881 131 
7	0.0: 715 154 1191 960 108 256 1133 136 
7	0.0: 610 114 748 944 301 293 895 132 
7	0.0: 740 1 1339 1018 551 250 958 131 
7	0.0: 677 94 1168 939 358 239 978 128 
7	0.0: 605 205 533 935 349 238 830 131 
7	0.0: 406 178 981 999 316 252 873 123 
7	0.0: 529 225 810 947 248 196 934 128 
7	0.0: 792 190 987 934 159 260 995 125 
7	0.0: 561 21 1091 956 285 233 912 131 
7	0.0: 614 303 903 990 261 305 722 124 
7	0.0: 827 164 965 968 375 253 843 124 
7	0.0: 844 79 876 949 575 249 756 126 
7	0.0: 612 122 977 964 242 296 862 135 
7	0.0: 597 59 945 1015 299 235 915 124 
7	0.0: 489 8 1232 1003 300 222 1007 127 
7	0.0: 584 159 793 938 318 202 877 126 
7	0.0: 693 205 936 1019 225 270 714 130 
7	0.0: 666 139 1070 925 213 318 621 122 
7	0.0: 723 89 880 921 204 305 735 131 
7	0.0: 673 247 969 906 251 251 1159 126 
7	0.0: 626 30 932 972 54 244 1118 127 
7	0.0: 618 40 772 952 141 305 736 125 
7	0.0: 593 287 1195 953 318 206 742 131 
7	0.0: 950 169 796 982 593 227 1025 130 
7	0.0: 769 178 812 1043 359 281 884 135 
7	0.0: 689 83 1021 993 746 293 1001 130 
7	0.0: 581 159 1000 973 313 263 744 126 
7	0.0: 701 311 1038 960 169 323 541 127 
7	0.0: 895 210 881 963 127 326 689 122 
7	0.0: 620 240 1010 946 374 309 745 129 
7	0.0: 850 22 1131 950 213 343 663 130 
7	0.0: 688 249 1104 943 299 222 543 129 
7	0.0: 790 90 748 959 119 289 658 126 
7	0.0: 753 270 1236 972 363 320 809 125 
7	0.0: 762 127 1057 962 230 270 923 124 
7	0.0: 581 87 819 998 280 287 772 125 
7	0.0: 680 86 1006 969 199 300 913 129 
7	0.0: 789 140 807 984 459 271 741 133 
7	0.0: 545 120 1024 961 146 326 916 128 
7	0.0: 722 186 1214 999 264 336 390 122 
7	0.0: 834 106 852 984 2 247 512 127 
7	0.0: 825 2 1139 951 564 282 460 130 
7	0.0: 702 30 873 990 134 262 605 131 
7	0.0: 726 26 1051 1021 201 291 931 130 
7	0.0: 518 32 831 964 329 260 617 125 
7	0.0: 669 27 909 953 256 334 982 129 
7	0.0: 557 143 971 965 526 251 660 124 
7	0.0: 558 261 902 953 249 287 1012 127 
7	0.0: 630 246 919 946 181 268 621 130 
7	0.0: 603 159 974 953 597 314 787 135 
7	0.0: 775 1 625 945 327 349 406 130 
7	0.0: 675 207 863 902 303 307 901 124 
7	0.0: 774 251 1059 1008 371 284 788 135 
7	0.0: 550 180 937 1003 200 308 689 127 
7	0.0: 646 189 1133 987 270 248 970 133 
7	0.0: 823 199 1003 997 172 243 806 126 
7	0.0: 555 1 853 954 87 325 453 133 
7	0.0: 631 1 850 980 273 298 1030 129 
7	0.0: 838 192 836 988 323 332 608 126 
7	0.0: 656 77 928 989 320 242 1053 132 
7	0.0: 715 139 843 989 207 322 1082 126 
7	0.0: 475 41 1189 946 308 259 683 130 
7	0.0: 572 72 1049 1014 59 262 840 131 
7	0.0: 697 154 978 969 288 270 1268 131 
7	0.0: 784 80 751 958 1 299 826 127 
7	0.0: 573 1 1065 1003 391 307 853 126 
7	0.0: 619 1 1041 978 104 332 664 129 
7	0.0: 772 109 891 957 159 244 663 132 
7	0.0: 577 202 721 978 124 354 972 131 
7	0.0: 761 208 1215 957 106 189 849 129 
7	0.0: 655 251 1093 949 231 202 536 129 
7	0.0: 596 242 1194 1011 304 350 1006 126 
7	0.0: 592 93 888 981 242 293 682 123 
7	0.0: 615 258 831 942 229 284 905 137 
7	0.0: 683 89 1117 981 517 291 1515 130 
7	0.0: 658 238 1031 978 308 239 887 124 
7	0.0: 769 27 1024 962 572 362 534 129 
7	0.0: 616 196 957 933 265 242 643 123 
7	0.0: 687 221 718 970 392 269 1017 136 
7	0.0: 678 74 1001 940 487 206 890 131 
7	0.0: 771 50 1079 1005 449 266 581 138 
7	0.0: 739 294 874 942 288 250 621 125 
7	0.0: 740 204 934 984 360 315 733 131 
7	0.0: 702 71 1089 980 325 246 882 128 
7	0.0: 682 178 797 990 167 303 1032 125 
7	0.0: 595 134 816 932 185 277 576 131 
7	0.0: 720 109 1001 968 94 376 926 133 
7	0.0: 543 35 692 969 467 331 1087 130 
7	0.0: 761 79 894 972 437 303 717 135 
7	0.0: 696 132 924 939 236 203 968 124 
7	0.0: 677 321 886 953 348 244 717 133 
7	0.0: 695 240 605 982 642 240 613 128 
7	0.0: 682 111 830 944 24 269 883 133 
7	0.0: 757 122 762 1004 329 351 671 128 
7	0.0: 890 31 1040 1039 474 271 953 122 
7	0.0: 609 1 918 943 332 273 799 130 
7	0.0: 551 11 732 998 95 247 1099 129 
7	0.0: 652 58 938 979 346 268 816 127 
7	0.0: 592 220 770 955 535 287 987 128 
7	0.0: 729 1 1143 953 440 237 732 125 
7	0.0: 813 150 824 985 432 281 1039 130 
7	0.0: 929 229 860 961 415 294 602 126 
7	0.0: 810 19 800 1017 22 238 909 130 
7	0.0: 485 115 1075 970 236 233 698 128 
7	0.0: 703 133 949 1008 274 394 887 126 
7	0.0: 623 180 799 955 346 249 559 121 
7	0.0: 723 1 980 946 180 291 706 129 
7	0.0: 629 1 726 937 355 286 787 127 
7	0.0: 573 90 942 1003 535 259 915 124 
7	0.0: 800 245 1111 964 229 235 1162 127 
7	0.0: 583 1 877 936 343 277 1241 134 
7	0.0: 676 265 1190 947 691 328 1002 127 
7	0.0: 734 109 953 991 149 318 872 127 
7	0.0: 727 64 849 970 391 290 576 123 
7	0.0: 797 19 1078 990 532 298 821 129 
7	0.0: 668 244 1241 907 384 277 888 128 
7	0.0: 767 225 941 984 535 319 591 132 
7	0.0: 658 43 1193 984 478 262 1002 124 
7	0.0: 641 161 694 975 366 227 846 128 
7	0.0: 774 1 876 997 364 335 1053 129 
7	0.0: 813 12 1212 970 255 297 531 134 
7	0.0: 599 350 878 1003 181 255 716 122 
7	0.0: 785 154 892 1034 207 298 757 125 
7	0.0: 548 1 866 1000 16 282 946 136 
7	0.0: 861 1 1075 934 422 273 833 128 
7	0.0: 607 1 769 1014 339 258 770 128 
7	0.0: 620 252 951 942 627 259 864 127 
7	0.0: 641 292 627 1002 1 262 1057 124 
7	0.0: 713 188 1080 974 508 274 713 125 
7	0.0: 593 264 737 965 463 304 772 133 
7	0.0: 752 100 1176 996 439 267 761 134 
7	0.0: 715 49 1141 907 350 281 782 124 
7	0.0: 590 1 1102 989 437 261 672 134 
7	0.0: 663 214 1170 1003 221 302 818 125 
7	0.0: 586 64 876 974 217 288 797 127 
7	0.0: 806 47 873 964 244 216 848 136 
7	0.0: 559 171 1258 952 13 293 1032 135 
7	0.0: 778 143 931 997 430 226 911 122 
7	0.0: 891 193 761 993 457 242 817 126 
7	0.0: 587 129 1018 973 162 254 640 122 
7	0.0: 537 332 799 1032 132 302 742 127 
7	0.0: 665 1 1175 960 118 282 558 125 
7	0.0: 721 1 930 898 268 275 963 126 
7	0.0: 574 197 1062 975 450 328 843 124 
7	0.0: 633 141 930 967 217 265 868 132 
7	0.0: 788 1 877 1001 113 311 782 127 
7	0.0: 541 263 1109 1010 319 263 1092 121 
7	0.0: 559 19 931 982 215 255 852 133 
7	0.0: 696 1 991 981 497 234 924 133 
7	0.0: 599 152 791 968 330 251 913 134 
7	0.0: 662 41 762 983 430 367 614 126 
7	0.0: 592 4 725 966 382 294 931 128 
7	0.0: 573 159 1094 970 440 308 768 128 
7	0.0: 741 1 1021 965 406 253 702 121 
7	0.0: 625 1 919 976 427 248 802 129 
7	0.0: 545 104 613 956 3 283 825 132 
7	0.0: 679 171 602 1011 396 331 852 136 
3	0.0: 562 52 785 962 610 346 355 123 
7	0.0: 655 62 928 965 269 296 1333 130 
7	0.0: 676 126 939 1007 528 282 991 125 
7	0.0: 476 101 1064 954 379 295 777 126 
7	0.0: 834 224 845 971 217 261 809 125 
7	0.0: 638 262 1027 976 452 225 960 120 
7	0.0: 780 95 652 926 527 269 885 130 
7	0.0: 537 168 850 980 138 300 840 121 
7	0.0: 611 1 959 928 527 287 741 134 
7	0.0: 723 38 666 931 140 286 616 123 
7	0.0: 714 332 678 1061 99 316 970 132 
7	0.0: 704 143 763 959 439 327 669 128 
7	0.0: 556 111 713 966 373 339 1040 129 
7	0.0: 531 90 718 976 294 166 724 132 
7	0.0: 679 248 1009 949 504 281 929 129 
7	0.0: 714 101 1185 1001 189 279 647 131 
7	0.0: 448 89 876 980 560 274 1182 128 
7	0.0: 573 229 848 956 141 245 939 122 
7	0.0: 629 1 1167 925 271 255 948 124 
7	0.0: 730 1 1056 957 418 315 857 125 
7	0.0: 589 124 766 933 319 295 960 132 
7	0.0: 625 15 1037 1015 231 326 572 132 
7	0.0: 618 91 1201 916 268 340 877 125 
7	0.0: 675 45 1110 997 408 324 591 136 
7	0.0: 558 50 902 1012 1 295 1006 126 
7	0.0: 699 136 930 972 99 310 1080 134 
7	0.0: 728 74 1006 1000 456 272 964 124 
7	0.0: 655 175 1027 953 255 266 712 125 
7	0.0: 694 348 1013 926 164 332 886 127 
7	0.0: 827 112 904 999 317 257 1214 129 
7	0.0: 672 216 988 966 82 188 1050 129 
7	0.0: 448 101 999 946 394 201 909 120 
7	0.0: 745 140 682 967 298 315 746 130 
7	0.0: 567 416 997 965 414 294 596 129 
7	0.0: 432 92 931 1005 266 283 783 130 
7	0.0: 840 92 1052 998 83 276 713 122 
7	0.0: 633 159 705 948 377 226 868 128 
7	0.0: 712 94 784 970 627 296 806 124 
7	0.0: 579 163 1330 955 489 341 874 128 
7	0.0: 925 1 828 953 536 228 658 128 
7	0.0: 743 331 1041 1001 543 316 794 135 
7	0.0: 767 117 843 976 527 186 1169 131 
7	0.0: 774 175 792 1005 131 255 733 135 
7	0.0: 645 278 1064 994 144 326 777 130 
7	0.0: 663 310 1007 958 260 221 871 134 
7	0.0: 616 169 1016 963 462 231 757 129 
7	0.0: 618 103 1138 946 370 298 814 127 
7	0.0: 793 168 1052 932 116 264 803 131 
7	0.0: 684 144 798 966 419 311 671 130 
7	0.0: 589 107 814 945 274 316 878 123 
7	0.0: 415 256 941 985 222 303 609 125 
7	0.0: 659 1 1084 927 299 333 785 128 
7	0.0: 650 293 886 980 271 225 519 123 
7	0.0: 796 250 1115 948 66 302 757 135 
7	0.0: 650 120 1233 1012 263 272 743 134 
7	0.0: 716 84 959 953 428 274 900 135 
7	0.0: 682 209 603 976 457 255 640 126 
7	0.0: 624 238 1242 962 231 301 824 125 
7	0.0: 755 74 1144 944 297 278 954 128 
7	0.0: 543 272 905 980 509 252 1038 130 
7	0.0: 588 11 1219 976 437 321 573 130 
7	0.0: 755 202 957 1008 369 354 517 123 
7	0.0: 776 140 857 1018 356 318 708 129 
7	0.0: 647 112 626 973 320 342 900 130 
7	0.0: 735 247 1037 944 408 240 667 130 
7	0.0: 687 69 1049 1007 253 316 767 128 
7	0.0: 612 397 764 998 691 321 859 128 
7	0.0: 771 177 980 970 465 234 538 129 
7	0.0: 645 216 946 986 178 293 1020 125 
7	0.0: 739 285 899 965 287 280 686 132 
7	0.0: 681 85 899 982 199 320 802 124 
7	0.0: 715 320 1008 1009 322 252 670 122 
7	0.0: 746 167 1066 911 283 214 584 128 
7	0.0: 740 3 824 964 452 246 846 126 
7	0.0: 628 157 1052 920 298 262 792 132 
7	0.0: 752 130 876 916 301 286 1152 127 
7	0.0: 487 177 961 997 595 253 947 130 
7	0.0: 630 73 878 973 449 312 681 128 
7	0.0: 758 1 1002 950 286 263 1126 130 
7	0.0: 523 180 688 1000 343 346 948 126 
7	0.0: 662 75 1078 966 281 234 849 126 
7	0.0: 482 1 1101 968 529 290 1100 127 
7	0.0: 538 41 859 988 220 289 380 124 
7	0.0: 589 303 782 974 179 315 757 132 
7	0.0: 707 1 770 933 340 327 793 129 
7	0.0: 633 230 893 965 181 246 943 130 
7	0.0: 740 275 984 954 173 269 675 127 
7	0.0: 632 159 871 984 282 267 501 131 
7	0.0: 655 131 836 987 131 260 770 135 
7	0.0: 663 93 792 895 241 353 1058 124 
7	0.0: 688 72 979 996 83 279 999 130 
7	0.0: 570 261 859 1032 166 290 849 126 
7	0.0: 610 43 1097 937 151 299 803 129 
7	0.0: 708 201 1034 947 116 338 751 131 
7	0.0: 784 54 827 978 255 253 696 130 
7	0.0: 825 115 893 974 393 279 715 128 
7	0.0: 609 307 1033 986 22 341 946 126 
7	0.0: 735 93 840 975 116 324 993 128 
7	0.0: 565 116 1239 911 411 237 620 130 
7	0.0: 636 135 952 970 8 251 1008 129 
7	0.0: 628 46 942 966 216 311 934 128 
7	0.0: 623 288 718 945 189 375 589 130 
7	0.0: 715 282 877 1010 514 276 661 128 
7	0.0: 667 99 1024 1002 1 351 1176 118 
7	0.0: 741 156 957 948 213 208 841 125 
7	0.0: 749 136 900 965 278 312 783 130 
7	0.0: 721 93 934 979 311 217 832 133 
7	0.0: 726 150 948 1004 543 268 958 120 
7	0.0: 708 264 838 955 408 244 852 122 
7	0.0: 494 214 753 985 457 347 965 128 
7	0.0: 475 217 1105 956 532 272 678 132 
7	0.0: 558 1 933 943 193 192 862 135 
7	0.0: 832 71 1060 985 91 255 565 132 
7	0.0: 376 133 1066 1021 88 282 1160 128 
7	0.0: 681 88 1002 961 529 252 1007 129 
7	0.0: 640 1 1031 952 95 302 933 128 
7	0.0: 602 415 954 975 399 283 507 124 
7	0.0: 643 170 811 1005 129 285 941 134 
7	0.0: 532 53 699 973 371 230 409 132 
7	0.0: 669 1 811 988 93 219 656 130 
7	0.0: 736 177 1023 973 299 269 475 126 
7	0.0: 844 119 733 925 235 325 915 134 
7	0.0: 668 143 871 973 290 282 856 126 
7	0.0: 748 1 1184 965 392 357 979 129 
7	0.0: 477 164 707 988 499 290 914 138 
7	0.0: 720 103 804 975 293 358 945 126 
7	0.0: 870 137 1086 989 1 292 724 125 
7	0.0: 543 295 1008 971 130 358 560 132 
7	0.0: 651 186 1090 991 544 279 1095 128 
7	0.0: 551 246 848 983 261 275 981 131 
7	0.0: 630 50 1041 947 469 224 1122 133 
7	0.0: 714 176 901 944 1 284 782 125 
7	0.0: 576 149 880 953 387 257 814 128 
7	0.0: 422 126 876 960 26 266 581 125 
7	0.0: 678 164 956 988 444 252 870 128 
7	0.0: 741 6 844 1051 367 290 1118 134 
7	0.0: 722 73 735 1021 506 328 580 135 
7	0.0: 667 136 1152 991 255 328 776 133 
7	0.0: 724 475 900 979 285 282 754 126 
7	0.0: 612 121 1178 965 354 243 806 126 
7	0.0: 480 255 840 1031 176 258 588 129 
7	0.0: 595 182 801 931 387 259 860 125 
7	0.0: 686 1 1010 973 247 261 907 133 
7	0.0: 643 247 970 951 277 282 507 131 
7	0.0: 546 138 942 926 436 282 1085 126 
7	0.0: 589 32 782 964 272 265 403 134 
7	0.0: 595 118 638 1010 236 280 853 129 
7	0.0: 639 31 363 967 402 239 665 128 
7	0.0: 501 1 837 965 159 285 590 125 
7	0.0: 628 324 684 941 528 222 949 130 
7	0.0: 775 166 913 979 221 310 727 133 
7	0.0: 718 134 674 952 439 263 708 125 
7	0.0: 501 156 1040 932 325 350 765 134 
7	0.0: 614 164 889 1019 415 275 465 131 
7	0.0: 578 249 1066 980 1 342 1038 129 
7	0.0: 630 47 1041 978 139 283 672 123 
7	0.0: 582 183 1164 971 83 324 1002 129 
7	0.0: 594 121 958 1009 356 267 1014 130 
7	0.0: 572 208 823 937 223 341 1084 124 
7	0.0: 592 133 835 958 78 293 779 132 
7	0.0: 592 94 985 973 109 191 679 129 
7	0.0: 728 1 666 962 492 259 810 139 
7	0.0: 583 142 844 932 259 306 672 125 
7	0.0: 641 282 895 1019 308 261 854 125 
7	0.0: 802 390 758 976 280 261 864 126 
7	0.0: 734 47 956 970 387 288 937 131 
7	0.0: 675 31 906 1003 171 328 724 133 
7	0.0: 532 125 865 953 326 308 924 131 
7	0.0: 694 77 772 973 578 375 926 130 
7	0.0: 850 1 895 955 316 324 824 132 
7	0.0: 785 164 898 967 343 254 759 132 
7	0.0: 707 143 1140 904 287 172 987 130 
7	0.0: 544 203 884 962 416 270 1026 128 
7	0.0: 783 133 930 974 124 282 771 135 
7	0.0: 622 235 951 965 409 239 907 128 
7	0.0: 759 141 842 966 279 276 1027 129 
7	0.0: 657 86 1348 975 320 161 796 128 
7	0.0: 673 83 830 969 75 310 884 128 
7	0.0: 660 47 1029 967 314 306 854 122 
7	0.0: 801 99 838 935 295 246 1072 128 
7	0.0: 640 4 1040 937 321 249 1034 125 
7	0.0: 612 103 765 984 291 301 437 129 
