3	0.0: 630 1 650 787 595 903 533 1 
3	0.0: 602 20 524 719 876 787 279 80 
3	0.0: 599 1 558 702 237 898 394 280 
3	0.0: 643 91 768 578 1 1053 374 68 
3	0.0: 543 1 529 697 440 1035 495 97 
3	0.0: 704 1 691 655 355 998 478 56 
3	0.0: 699 60 775 880 257 814 274 99 
3	0.0: 572 1 742 926 201 1004 205 1 
3	0.0: 650 25 613 637 544 879 279 156 
3	0.0: 591 178 592 878 389 846 665 134 
3	0.0: 613 1 723 910 416 867 175 80 
3	0.0: 690 68 589 716 304 1134 404 255 
3	0.0: 652 254 477 747 199 827 497 210 
3	0.0: 618 1 852 588 351 946 422 48 
3	0.0: 558 1 663 914 383 858 282 109 
3	0.0: 638 373 630 813 177 872 252 153 
3	0.0: 679 1 524 826 180 1027 313 89 
3	0.0: 658 1 515 773 178 965 423 277 
3	0.0: 599 1 658 685 2 953 251 65 
3	0.0: 670 116 806 896 626 695 465 18 
3	0.0: 686 1 691 681 710 788 335 130 
3	0.0: 576 1 608 745 543 992 339 262 
3	0.0: 705 79 403 777 340 1006 370 58 
3	0.0: 633 1 542 757 422 941 352 53 
3	0.0: 583 259 812 753 629 1241 430 142 
3	0.0: 601 31 722 857 230 1038 286 234 
3	0.0: 641 76 666 727 619 655 396 183 
3	0.0: 535 98 559 987 434 1011 321 127 
3	0.0: 531 1 601 651 502 1020 229 1 
3	0.0: 582 1 510 654 351 958 380 149 
3	0.0: 549 74 540 985 452 925 667 14 
3	0.0: 521 83 381 820 323 1001 301 85 
3	0.0: 631 1 490 587 149 959 272 119 
3	0.0: 560 339 668 587 249 995 415 224 
3	0.0: 632 1 692 925 674 947 225 1 
3	0.0: 586 65 562 790 506 906 319 302 
3	0.0: 647 1 496 799 326 944 411 367 
3	0.0: 596 1 545 611 486 1138 590 185 
3	0.0: 608 1 490 905 467 800 110 143 
3	0.0: 624 1 472 654 355 957 292 194 
3	0.0: 629 60 585 687 544 1195 424 28 
3	0.0: 615 1 567 714 428 866 309 56 
3	0.0: 687 1 789 882 212 831 215 220 
3	0.0: 664 15 447 853 481 993 293 139 
3	0.0: 579 155 740 801 741 898 201 344 
3	0.0: 657 1 470 619 344 1135 161 22 
3	0.0: 657 160 723 769 158 843 353 1 
3	0.0: 644 44 709 994 289 1027 415 134 
3	0.0: 629 149 503 761 520 823 270 267 
3	0.0: 601 42 552 904 474 937 169 234 
3	0.0: 589 37 684 833 589 972 198 115 
3	0.0: 673 1 505 749 397 905 307 152 
3	0.0: 640 1 545 962 657 991 493 39 
3	0.0: 586 55 473 944 451 962 311 194 
3	0.0: 633 22 623 495 206 973 418 1 
3	0.0: 638 1 689 858 408 1033 340 91 
3	0.0: 673 1 542 812 388 887 134 64 
3	0.0: 639 188 844 640 343 928 370 68 
3	0.0: 656 306 932 783 516 1215 270 1 
3	0.0: 592 51 685 955 128 1040 176 134 
3	0.0: 677 78 566 707 494 925 366 123 
3	0.0: 671 1 568 905 268 1051 476 129 
3	0.0: 653 1 641 970 534 920 506 128 
3	0.0: 667 246 473 671 389 840 367 159 
3	0.0: 626 1 619 610 61 893 481 139 
3	0.0: 706 1 839 682 751 930 250 228 
3	0.0: 614 83 649 1009 282 986 240 117 
3	0.0: 677 236 717 1022 674 1023 269 28 
3	0.0: 647 201 609 438 513 841 484 255 
3	0.0: 673 107 548 1065 402 901 438 114 
3	0.0: 705 55 380 649 383 857 155 54 
3	0.0: 604 121 683 1043 528 783 182 68 
3	0.0: 646 1 621 904 148 1027 484 119 
3	0.0: 668 23 523 844 596 1068 318 1 
3	0.0: 616 1 721 714 434 823 405 141 
3	0.0: 683 1 439 679 601 983 117 143 
3	0.0: 640 266 744 650 516 909 147 267 
3	0.0: 649 243 524 765 125 1012 364 28 
3	0.0: 590 17 614 870 445 977 358 86 
3	0.0: 647 1 564 656 558 966 412 23 
3	0.0: 712 150 631 695 521 897 582 34 
3	0.0: 683 7 391 890 530 867 575 163 
3	0.0: 537 1 497 1039 458 1014 335 1 
3	0.0: 646 177 472 661 483 903 442 263 
3	0.0: 727 1 644 579 263 732 243 216 
3	0.0: 719 182 780 736 379 1050 170 106 
3	0.0: 577 112 778 792 407 842 399 120 
3	0.0: 664 1 662 686 535 980 125 36 
3	0.0: 626 124 462 544 337 1071 181 299 
3	0.0: 634 1 667 697 550 1044 287 15 
3	0.0: 630 316 722 841 591 933 369 1 
3	0.0: 593 56 134 599 560 884 218 91 
3	0.0: 700 1 660 595 648 1028 337 57 
3	0.0: 696 147 639 609 471 782 311 17 
3	0.0: 660 267 622 440 442 929 514 128 
3	0.0: 630 39 500 690 203 941 480 108 
3	0.0: 616 62 679 792 220 845 500 1 
3	0.0: 623 1 645 996 404 850 274 204 
3	0.0: 692 77 506 761 535 1146 125 42 
3	0.0: 626 1 579 762 563 1084 163 184 
3	0.0: 692 1 460 682 264 936 418 1 
3	0.0: 630 1 495 796 160 945 474 88 
3	0.0: 551 163 665 686 334 1009 463 157 
3	0.0: 574 58 530 745 340 819 274 169 
3	0.0: 616 101 557 1001 642 899 255 88 
3	0.0: 555 1 527 802 480 786 422 211 
3	0.0: 586 27 759 548 569 1022 503 226 
3	0.0: 595 290 912 910 24 950 391 48 
3	0.0: 593 1 458 540 447 1026 466 102 
3	0.0: 589 127 594 1096 393 811 449 161 
3	0.0: 621 86 698 737 477 909 471 1 
3	0.0: 510 255 623 528 157 968 364 23 
3	0.0: 689 1 494 786 420 1052 465 210 
3	0.0: 566 143 514 764 402 971 484 114 
3	0.0: 653 1 607 606 196 996 1 283 
3	0.0: 650 142 619 1027 384 699 523 110 
3	0.0: 643 68 550 798 458 773 347 199 
3	0.0: 729 90 427 582 632 1006 276 70 
3	0.0: 556 1 688 876 601 865 346 146 
3	0.0: 707 34 758 842 179 1023 325 141 
3	0.0: 570 24 343 736 691 969 387 152 
3	0.0: 575 35 500 923 591 852 217 29 
3	0.0: 634 155 723 714 407 993 383 1 
3	0.0: 606 1 664 738 400 966 317 75 
3	0.0: 626 1 729 820 375 844 424 87 
3	0.0: 584 164 573 842 478 929 84 244 
3	0.0: 695 1 544 760 495 894 466 1 
3	0.0: 673 1 695 967 337 875 500 322 
3	0.0: 606 78 503 962 423 968 546 184 
3	0.0: 551 48 765 757 633 1070 344 37 
3	0.0: 571 1 457 798 540 980 269 87 
3	0.0: 626 4 377 754 755 941 218 156 
3	0.0: 657 39 443 811 427 797 289 222 
3	0.0: 669 13 446 884 351 825 400 1 
3	0.0: 684 1 594 823 430 926 310 151 
3	0.0: 688 112 581 614 578 873 272 105 
3	0.0: 633 74 481 836 389 861 257 193 
3	0.0: 670 1 790 771 461 893 291 82 
3	0.0: 629 1 468 740 563 1181 434 105 
3	0.0: 683 1 474 678 419 933 306 141 
3	0.0: 718 44 712 698 426 872 339 126 
3	0.0: 691 293 690 726 404 1116 496 87 
3	0.0: 630 181 532 586 390 1019 479 232 
3	0.0: 612 62 389 821 302 887 409 190 
3	0.0: 609 1 631 695 461 805 303 1 
3	0.0: 695 1 527 813 379 966 325 155 
3	0.0: 610 111 699 686 271 1060 232 43 
3	0.0: 657 1 441 714 695 1160 132 174 
3	0.0: 649 377 583 587 800 968 161 235 
3	0.0: 631 1 487 1118 445 705 134 1 
3	0.0: 651 1 521 832 240 998 489 148 
3	0.0: 650 220 563 822 87 976 245 231 
3	0.0: 613 1 400 776 401 1004 456 1 
3	0.0: 638 1 603 714 363 898 485 58 
3	0.0: 637 169 602 550 1 790 390 205 
3	0.0: 689 191 727 602 378 938 591 163 
3	0.0: 620 92 416 699 409 1009 453 20 
3	0.0: 555 14 372 711 144 1034 396 181 
3	0.0: 587 4 694 602 279 1002 281 268 
3	0.0: 679 71 481 543 108 1010 394 35 
3	0.0: 672 1 664 828 404 1052 283 48 
3	0.0: 655 124 520 630 386 824 242 10 
3	0.0: 622 1 300 805 178 1094 499 255 
3	0.0: 695 187 433 795 451 1072 292 228 
3	0.0: 598 1 533 533 487 906 423 112 
3	0.0: 638 1 522 788 122 863 227 152 
3	0.0: 550 1 654 991 551 781 454 139 
3	0.0: 593 1 511 752 162 885 96 1 
3	0.0: 661 84 620 915 683 822 251 111 
3	0.0: 613 1 433 786 418 985 400 335 
3	0.0: 605 9 623 622 526 1005 261 1 
3	0.0: 638 201 454 407 438 1014 250 138 
3	0.0: 635 44 511 775 508 827 41 133 
3	0.0: 594 49 702 944 548 984 400 73 
3	0.0: 645 1 581 591 488 1034 556 366 
3	0.0: 700 184 624 648 365 675 321 21 
3	0.0: 664 1 589 681 79 709 289 52 
3	0.0: 640 1 677 796 260 991 339 81 
3	0.0: 703 90 683 793 609 953 561 14 
3	0.0: 610 230 568 613 568 979 383 328 
3	0.0: 635 1 476 743 471 1007 233 172 
3	0.0: 706 1 685 687 643 1040 429 45 
3	0.0: 598 174 620 999 348 1046 399 202 
3	0.0: 556 73 687 756 366 995 332 317 
3	0.0: 601 1 639 759 249 1159 299 73 
3	0.0: 580 1 640 736 351 772 195 307 
3	0.0: 573 1 616 643 712 1111 379 80 
3	0.0: 647 22 706 820 244 805 300 1 
3	0.0: 594 1 648 818 334 962 376 37 
3	0.0: 680 1 779 767 734 1085 271 65 
3	0.0: 565 241 617 637 415 990 165 92 
3	0.0: 656 261 639 826 377 1046 332 89 
3	0.0: 639 54 469 923 437 901 383 75 
3	0.0: 696 93 738 692 426 803 290 48 
3	0.0: 637 29 526 653 140 872 220 299 
3	0.0: 696 4 489 847 503 622 347 190 
3	0.0: 630 1 743 994 631 894 269 188 
3	0.0: 582 129 516 891 551 1265 388 1 
3	0.0: 604 40 571 491 438 1038 201 13 
3	0.0: 532 1 609 672 611 1074 437 109 
3	0.0: 606 1 450 953 401 802 230 178 
3	0.0: 688 10 472 650 321 932 367 118 
3	0.0: 596 135 637 834 443 1118 416 172 
3	0.0: 618 1 540 714 61 1002 403 108 
3	0.0: 602 55 623 892 430 721 371 110 
3	0.0: 654 7 399 858 231 938 226 256 
3	0.0: 673 131 544 487 598 922 268 129 
3	0.0: 612 203 645 923 479 904 526 46 
3	0.0: 587 106 372 472 309 892 318 163 
3	0.0: 686 290 584 965 243 1064 230 158 
3	0.0: 690 1 675 660 285 905 407 199 
3	0.0: 584 101 640 901 498 693 315 216 
3	0.0: 701 219 376 783 312 962 265 1 
3	0.0: 671 162 518 863 399 939 628 133 
3	0.0: 644 30 671 801 297 768 474 13 
3	0.0: 718 1 654 759 385 1005 149 150 
3	0.0: 662 1 715 688 418 883 310 104 
3	0.0: 619 10 639 764 420 870 492 74 
3	0.0: 603 1 435 637 461 888 556 77 
3	0.0: 692 57 571 795 471 951 335 109 
3	0.0: 715 1 701 909 270 852 570 57 
3	0.0: 647 1 461 721 223 952 404 189 
3	0.0: 652 41 631 583 565 924 245 148 
3	0.0: 639 1 636 717 856 975 337 116 
3	0.0: 616 36 470 612 268 1212 596 175 
3	0.0: 634 1 447 658 366 1135 414 207 
3	0.0: 677 88 525 867 367 1008 316 151 
3	0.0: 722 1 657 609 585 1035 264 126 
3	0.0: 622 35 760 740 258 928 530 243 
3	0.0: 654 1 887 855 667 969 364 81 
3	0.0: 663 1 720 468 265 1035 198 1 
3	0.0: 588 164 690 686 541 853 371 1 
3	0.0: 640 247 577 832 350 1114 557 204 
3	0.0: 578 121 946 530 529 927 374 131 
3	0.0: 644 250 549 549 302 850 572 12 
3	0.0: 568 161 785 561 486 870 359 5 
3	0.0: 640 8 424 636 152 975 553 112 
3	0.0: 670 287 391 796 799 1101 376 1 
3	0.0: 710 83 568 730 401 957 291 154 
3	0.0: 560 1 866 739 502 1066 398 214 
3	0.0: 635 1 637 1017 518 1073 285 248 
3	0.0: 717 52 581 755 292 1053 343 195 
3	0.0: 663 128 356 724 442 749 424 280 
3	0.0: 612 1 373 919 487 797 359 163 
3	0.0: 687 1 693 696 127 1040 276 125 
3	0.0: 620 1 649 541 355 1031 388 161 
3	0.0: 719 138 717 788 373 1064 106 171 
3	0.0: 606 106 534 921 333 1002 356 1 
3	0.0: 609 1 676 490 451 1005 498 151 
3	0.0: 534 1 293 607 309 1012 280 316 
3	0.0: 537 1 593 715 324 978 396 1 
3	0.0: 625 150 823 663 569 818 348 81 
3	0.0: 648 1 752 912 596 869 391 176 
3	0.0: 638 37 463 904 652 741 342 9 
3	0.0: 675 67 611 627 377 1056 247 135 
3	0.0: 637 235 783 844 633 790 292 313 
3	0.0: 668 1 640 554 718 1039 412 1 
3	0.0: 657 45 592 893 251 804 221 106 
3	0.0: 679 1 349 870 614 1012 294 162 
3	0.0: 564 1 622 690 720 1031 385 1 
3	0.0: 690 53 247 1023 331 848 628 102 
3	0.0: 602 60 322 992 476 782 441 60 
3	0.0: 624 15 545 859 320 891 265 154 
3	0.0: 635 152 461 832 335 730 4 169 
3	0.0: 540 1 467 706 460 960 358 75 
3	0.0: 616 1 900 567 606 949 460 7 
3	0.0: 622 38 566 799 440 887 483 187 
3	0.0: 622 1 480 917 237 849 433 234 
3	0.0: 687 63 479 650 576 875 306 65 
3	0.0: 602 172 504 884 363 1059 253 136 
3	0.0: 666 117 458 650 373 1177 552 80 
3	0.0: 647 8 807 815 599 914 478 36 
3	0.0: 617 1 527 964 372 864 516 135 
3	0.0: 539 1 590 688 392 1033 625 95 
3	0.0: 639 1 590 747 305 982 395 203 
3	0.0: 632 55 684 970 773 1082 281 217 
3	0.0: 633 1 705 745 1 992 202 15 
3	0.0: 655 27 461 449 624 991 328 82 
3	0.0: 677 111 824 816 203 957 561 72 
3	0.0: 675 1 552 744 542 874 314 1 
3	0.0: 622 62 411 695 119 809 181 162 
3	0.0: 647 1 672 554 534 853 390 103 
3	0.0: 649 158 555 750 491 1035 387 94 
3	0.0: 560 1 635 709 268 1108 334 84 
3	0.0: 635 1 647 645 350 783 75 75 
3	0.0: 687 1 522 1241 474 1116 486 231 
3	0.0: 645 1 586 830 469 1163 558 249 
3	0.0: 556 1 539 741 351 1161 469 105 
3	0.0: 587 277 339 725 398 1040 140 62 
3	0.0: 605 26 755 780 504 1082 158 50 
3	0.0: 653 239 654 701 481 971 358 82 
3	0.0: 646 1 716 667 563 1009 115 232 
3	0.0: 608 1 485 781 436 796 431 1 
3	0.0: 573 316 649 737 395 1029 531 46 
3	0.0: 651 1 699 763 554 928 415 174 
3	0.0: 714 47 608 747 544 955 393 49 
3	0.0: 632 1 613 656 469 833 349 135 
3	0.0: 603 38 619 752 526 810 144 131 
3	0.0: 666 115 619 687 312 1050 278 82 
3	0.0: 687 133 685 787 444 1103 533 50 
3	0.0: 621 1 663 908 369 1013 454 145 
3	0.0: 593 391 598 503 301 986 407 41 
3	0.0: 673 1 780 899 368 876 189 261 
3	0.0: 636 138 623 614 988 921 408 198 
3	0.0: 686 1 552 507 601 947 237 143 
3	0.0: 578 1 658 807 442 1098 318 236 
3	0.0: 624 266 510 872 238 777 157 41 
3	0.0: 677 1 698 941 332 951 184 232 
3	0.0: 638 1 607 779 498 867 140 1 
3	0.0: 657 287 522 959 345 927 466 120 
3	0.0: 579 128 665 798 504 923 297 162 
3	0.0: 635 1 670 1011 431 910 389 120 
3	0.0: 692 1 675 876 562 1065 375 199 
3	0.0: 625 193 523 940 362 1033 512 163 
3	0.0: 617 1 713 887 268 1092 509 22 
3	0.0: 667 1 689 731 599 1022 382 199 
3	0.0: 597 222 558 519 392 860 424 238 
3	0.0: 668 176 530 701 441 1015 258 122 
3	0.0: 629 32 702 744 656 969 471 28 
3	0.0: 571 1 466 658 527 795 418 32 
3	0.0: 630 1 598 592 370 1103 551 17 
3	0.0: 641 1 543 721 314 1020 397 127 
3	0.0: 604 82 921 789 364 1112 393 18 
3	0.0: 660 1 539 812 56 980 435 183 
3	0.0: 626 251 563 990 530 1103 346 73 
3	0.0: 693 1 651 779 499 1007 369 19 
3	0.0: 650 1 628 551 201 1045 414 177 
3	0.0: 530 74 503 654 148 972 421 113 
3	0.0: 589 37 470 1026 217 917 271 93 
3	0.0: 573 74 645 818 433 922 272 113 
3	0.0: 686 173 643 830 446 983 414 129 
3	0.0: 664 128 664 727 446 761 384 184 
3	0.0: 622 1 469 869 535 995 247 133 
3	0.0: 594 30 425 698 764 1096 327 11 
3	0.0: 624 1 720 956 344 1116 335 1 
3	0.0: 712 31 466 888 289 1020 380 5 
3	0.0: 580 71 585 898 490 1078 260 252 
3	0.0: 646 1 682 828 504 1010 241 196 
3	0.0: 583 1 602 902 590 1050 426 1 
3	0.0: 620 132 670 872 415 1268 439 109 
3	0.0: 664 85 676 769 435 989 517 75 
3	0.0: 635 191 481 781 565 810 526 237 
3	0.0: 640 194 652 920 448 986 398 202 
3	0.0: 661 194 600 765 704 897 296 4 
3	0.0: 641 145 722 805 572 919 252 36 
3	0.0: 615 1 770 850 208 1022 81 115 
3	0.0: 597 168 642 745 352 675 267 98 
3	0.0: 553 4 515 690 636 1061 424 1 
3	0.0: 735 95 588 745 168 765 624 235 
3	0.0: 614 1 518 862 667 1040 271 238 
3	0.0: 649 1 672 624 444 1078 367 46 
3	0.0: 633 1 823 805 504 867 364 177 
3	0.0: 633 1 637 742 273 973 271 130 
3	0.0: 543 12 364 702 409 1060 366 132 
3	0.0: 565 63 596 756 673 913 124 106 
3	0.0: 601 10 521 881 377 907 479 131 
3	0.0: 659 162 844 847 371 976 465 176 
3	0.0: 591 42 531 752 520 1042 124 177 
3	0.0: 645 1 397 810 446 865 351 182 
3	0.0: 648 1 680 720 724 982 380 139 
3	0.0: 572 1 856 463 535 987 326 5 
3	0.0: 650 1 662 702 646 958 440 59 
3	0.0: 605 206 544 747 700 933 230 50 
3	0.0: 637 165 681 650 555 984 418 233 
3	0.0: 673 110 570 767 401 1046 620 103 
3	0.0: 699 38 687 633 410 905 716 1 
3	0.0: 610 1 609 821 283 1123 158 257 
3	0.0: 606 1 710 726 709 1038 207 57 
3	0.0: 634 22 656 808 17 935 364 201 
3	0.0: 651 187 609 683 551 1171 95 166 
3	0.0: 597 10 455 809 455 1006 320 103 
3	0.0: 639 14 374 711 670 953 406 82 
3	0.0: 709 1 581 842 350 755 495 6 
3	0.0: 613 1 564 716 771 904 368 265 
3	0.0: 619 1 291 1005 425 871 249 98 
3	0.0: 602 103 754 804 789 1034 431 30 
3	0.0: 723 1 686 871 571 993 396 162 
3	0.0: 593 260 560 837 247 932 423 1 
3	0.0: 641 30 574 654 259 916 259 177 
3	0.0: 616 1 680 752 379 842 462 205 
3	0.0: 654 1 657 629 462 966 440 1 
3	0.0: 621 205 841 652 587 986 300 50 
3	0.0: 691 19 669 992 571 654 493 28 
3	0.0: 623 48 548 911 504 938 66 148 
3	0.0: 662 9 729 777 296 1027 195 73 
3	0.0: 658 2 466 828 251 952 504 106 
3	0.0: 536 9 568 837 495 849 323 247 
3	0.0: 511 1 564 877 443 1051 342 264 
3	0.0: 606 117 726 670 217 1098 216 6 
3	0.0: 654 1 542 733 350 969 301 190 
3	0.0: 646 1 626 904 310 966 375 31 
3	0.0: 647 10 741 830 758 854 180 206 
3	0.0: 627 1 718 908 115 866 240 45 
3	0.0: 667 111 540 613 581 1006 461 46 
3	0.0: 696 1 647 873 434 869 242 98 
3	0.0: 645 1 746 480 487 893 333 1 
3	0.0: 646 267 470 955 219 805 457 128 
3	0.0: 596 114 506 651 724 859 601 63 
3	0.0: 553 1 604 783 511 1006 247 6 
3	0.0: 617 1 483 704 414 970 409 135 
3	0.0: 684 1 646 726 223 942 287 146 
3	0.0: 698 1 702 827 538 1044 368 91 
3	0.0: 617 1 415 781 587 972 492 207 
3	0.0: 676 1 443 632 217 852 375 149 
3	0.0: 596 106 712 874 658 991 399 253 
3	0.0: 644 1 480 477 404 827 251 73 
3	0.0: 653 1 445 631 495 866 248 1 
3	0.0: 643 1 744 687 407 1092 333 47 
3	0.0: 635 1 624 671 695 1046 326 44 
3	0.0: 621 38 753 849 369 1117 465 39 
3	0.0: 684 186 754 814 417 1007 277 196 
3	0.0: 665 10 628 838 658 1034 439 176 
3	0.0: 632 2 469 583 329 1045 315 128 
3	0.0: 660 53 652 748 528 1007 145 122 
3	0.0: 649 117 676 918 161 954 291 64 
3	0.0: 599 1 558 687 587 1047 343 255 
3	0.0: 618 70 510 666 269 1008 320 234 
3	0.0: 621 1 734 863 380 832 526 57 
3	0.0: 633 40 640 838 424 1005 537 101 
3	0.0: 537 222 555 863 269 821 536 125 
3	0.0: 611 36 648 1043 265 964 443 257 
3	0.0: 623 94 420 658 613 879 578 40 
3	0.0: 626 181 266 830 641 841 378 14 
3	0.0: 575 103 762 886 502 943 602 81 
3	0.0: 639 21 504 715 520 956 341 140 
3	0.0: 643 287 545 602 140 890 286 347 
3	0.0: 678 216 705 750 176 848 453 116 
3	0.0: 660 161 637 869 312 951 408 135 
3	0.0: 602 1 435 688 726 970 335 157 
3	0.0: 649 80 683 496 512 815 349 62 
3	0.0: 692 1 706 891 559 701 312 33 
3	0.0: 608 212 558 413 445 794 107 24 
3	0.0: 692 1 644 757 531 1208 476 40 
3	0.0: 641 1 839 811 320 910 153 14 
3	0.0: 659 1 637 812 495 886 145 83 
3	0.0: 652 412 658 584 515 1023 362 86 
3	0.0: 721 22 519 852 526 1038 327 167 
3	0.0: 609 1 393 833 118 739 507 75 
3	0.0: 568 1 529 754 289 870 437 101 
3	0.0: 577 4 621 882 552 964 448 122 
3	0.0: 488 390 658 995 317 904 307 325 
3	0.0: 620 1 513 805 430 834 335 155 
3	0.0: 659 114 596 904 763 916 319 98 
3	0.0: 585 89 643 838 496 1211 346 237 
3	0.0: 646 1 603 794 289 992 286 142 
3	0.0: 569 1 445 872 170 890 468 228 
3	0.0: 641 55 628 669 301 1113 340 312 
3	0.0: 653 1 437 754 350 1046 319 1 
3	0.0: 572 1 431 728 768 744 383 55 
3	0.0: 648 1 541 785 394 875 335 103 
3	0.0: 607 1 686 641 305 899 300 1 
3	0.0: 681 1 720 678 548 1007 340 51 
3	0.0: 680 370 551 714 652 971 369 82 
3	0.0: 729 1 819 701 276 970 384 1 
3	0.0: 576 1 839 618 458 876 442 51 
3	0.0: 629 203 555 758 444 1025 427 167 
3	0.0: 588 71 521 958 270 894 311 155 
3	0.0: 593 1 662 1129 601 918 429 126 
3	0.0: 612 1 525 752 589 883 338 52 
3	0.0: 615 1 684 765 529 954 261 1 
3	0.0: 671 1 435 649 496 1112 417 70 
3	0.0: 621 253 467 1002 414 704 305 118 
3	0.0: 653 4 705 827 471 920 398 322 
3	0.0: 669 1 452 923 787 842 252 173 
3	0.0: 625 1 720 789 584 1081 411 172 
3	0.0: 644 1 757 924 532 1060 363 1 
3	0.0: 656 1 655 900 368 825 69 133 
3	0.0: 619 1 689 843 575 1049 247 68 
3	0.0: 608 1 638 628 258 980 504 161 
3	0.0: 637 1 718 735 339 977 379 181 
3	0.0: 609 1 536 695 500 1090 408 62 
3	0.0: 619 47 490 595 280 995 366 105 
3	0.0: 698 1 420 539 251 982 385 40 
3	0.0: 658 1 742 872 520 880 392 130 
3	0.0: 593 1 723 964 498 1221 405 16 
3	0.0: 618 78 601 947 308 956 333 95 
3	0.0: 635 133 586 554 527 786 428 213 
3	0.0: 600 1 474 782 563 1020 465 1 
3	0.0: 659 77 477 827 327 853 361 168 
3	0.0: 579 1 661 873 374 854 306 174 
3	0.0: 705 213 629 610 303 700 645 4 
3	0.0: 634 1 665 937 406 907 508 40 
3	0.0: 648 13 625 810 332 932 535 268 
3	0.0: 641 30 654 746 396 742 532 172 
3	0.0: 639 205 588 715 358 1013 526 167 
3	0.0: 624 1 383 930 545 933 238 52 
3	0.0: 594 1 606 567 381 940 481 73 
3	0.0: 659 1 507 766 449 925 294 199 
3	0.0: 641 1 670 866 422 865 250 1 
3	0.0: 622 137 783 997 715 969 280 20 
3	0.0: 584 60 475 909 389 950 280 73 
3	0.0: 602 501 646 704 448 1181 444 165 
3	0.0: 689 1 696 818 349 1093 291 22 
3	0.0: 679 1 638 654 320 1080 348 270 
3	0.0: 656 1 726 844 92 890 450 115 
3	0.0: 677 120 632 919 401 936 351 107 
3	0.0: 624 1 540 869 370 1013 396 141 
3	0.0: 620 1 598 793 632 937 490 141 
3	0.0: 617 1 684 1011 429 1002 355 96 
3	0.0: 556 1 635 596 464 940 220 101 
3	0.0: 612 28 549 763 294 1002 315 126 
3	0.0: 637 1 631 769 483 1013 321 16 
3	0.0: 556 241 545 814 312 888 455 6 
3	0.0: 703 1 610 730 353 970 287 278 
3	0.0: 551 1 475 708 228 933 420 219 
3	0.0: 632 1 644 927 417 974 315 157 
3	0.0: 644 1 678 917 560 1102 341 99 
3	0.0: 665 155 764 815 371 869 467 118 
3	0.0: 611 167 513 730 211 1025 289 75 
3	0.0: 602 1 743 924 296 729 370 14 
3	0.0: 660 24 662 757 363 1032 490 35 
3	0.0: 617 72 824 661 617 912 328 113 
3	0.0: 574 108 640 553 369 1029 432 85 
3	0.0: 640 68 539 799 126 1040 354 117 
3	0.0: 633 66 521 1011 629 844 364 214 
3	0.0: 695 1 452 728 524 712 646 185 
3	0.0: 649 1 861 869 310 802 388 1 
3	0.0: 550 1 527 631 280 1008 512 96 
3	0.0: 651 157 583 599 638 1078 254 134 
3	0.0: 638 58 548 890 465 1069 529 116 
3	0.0: 621 1 427 1039 543 1122 429 9 
3	0.0: 628 206 591 862 748 1040 361 158 
3	0.0: 674 101 714 502 227 899 283 1 
3	0.0: 636 1 576 706 731 756 232 227 
3	0.0: 619 87 849 1017 179 976 293 185 
3	0.0: 671 125 581 684 1 807 343 165 
3	0.0: 612 72 519 686 184 907 187 155 
3	0.0: 618 78 492 811 570 1044 446 156 
3	0.0: 610 1 787 726 512 990 343 83 
3	0.0: 634 47 697 675 484 995 423 27 
3	0.0: 597 1 826 643 657 987 531 208 
3	0.0: 630 31 783 657 603 677 267 56 
3	0.0: 727 18 472 731 294 790 269 125 
3	0.0: 630 122 454 792 268 951 351 253 
3	0.0: 684 46 609 599 712 998 347 184 
3	0.0: 661 109 625 848 670 757 292 42 
3	0.0: 599 66 655 794 581 966 183 63 
3	0.0: 655 386 876 539 625 922 288 98 
3	0.0: 727 1 617 786 366 908 275 210 
3	0.0: 641 1 827 731 533 771 263 63 
3	0.0: 599 48 501 716 651 854 314 142 
3	0.0: 558 240 540 787 555 997 455 137 
3	0.0: 684 48 563 643 383 1105 282 46 
3	0.0: 591 20 502 638 402 1009 533 151 
3	0.0: 572 55 574 718 389 975 313 266 
3	0.0: 604 1 523 625 622 953 363 192 
3	0.0: 628 18 438 838 642 1063 425 101 
3	0.0: 649 110 444 1035 413 982 388 90 
3	0.0: 534 298 316 567 383 848 517 114 
3	0.0: 692 1 630 720 571 1131 263 140 
3	0.0: 587 1 594 540 499 1096 467 204 
3	0.0: 641 1 574 789 643 906 404 74 
3	0.0: 683 1 741 928 644 782 194 38 
3	0.0: 628 199 750 730 318 1112 423 340 
3	0.0: 701 95 776 743 462 1094 270 226 
3	0.0: 666 1 582 578 336 753 343 36 
3	0.0: 682 70 656 860 293 971 338 54 
3	0.0: 667 298 497 771 501 1115 585 70 
3	0.0: 683 1 670 785 577 943 452 66 
3	0.0: 635 1 754 730 296 919 275 196 
3	0.0: 700 196 652 598 648 1096 305 216 
3	0.0: 639 1 523 926 512 831 293 246 
3	0.0: 667 1 456 788 557 1227 394 196 
3	0.0: 660 48 508 1059 418 1041 385 295 
3	0.0: 620 1 456 631 546 1031 363 198 
3	0.0: 652 18 960 646 650 895 373 109 
3	0.0: 695 1 661 709 468 966 289 115 
3	0.0: 561 80 556 736 724 990 185 111 
3	0.0: 618 1 684 534 392 815 196 130 
3	0.0: 689 1 570 739 287 985 223 113 
3	0.0: 601 151 609 930 203 1133 123 233 
3	0.0: 597 132 684 870 294 1119 349 223 
3	0.0: 580 1 447 764 342 870 92 297 
3	0.0: 672 1 732 881 268 923 198 139 
3	0.0: 636 6 578 708 403 943 449 117 
3	0.0: 541 1 505 795 636 953 260 92 
3	0.0: 694 1 304 663 485 860 342 200 
3	0.0: 647 1 573 834 616 950 427 402 
3	0.0: 681 1 836 821 662 997 746 100 
3	0.0: 649 1 839 572 586 914 224 162 
3	0.0: 637 1 630 431 413 1043 285 228 
3	0.0: 597 114 636 934 505 934 397 150 
3	0.0: 728 1 432 837 590 1166 270 224 
3	0.0: 706 1 714 799 652 887 444 193 
3	0.0: 660 1 792 814 1 899 325 60 
3	0.0: 594 153 494 785 1 856 482 12 
3	0.0: 668 279 671 1103 411 850 438 86 
3	0.0: 683 1 562 766 351 1024 520 42 
3	0.0: 657 156 392 858 523 1024 389 184 
3	0.0: 609 1 724 910 421 961 517 1 
3	0.0: 702 1 683 1075 133 854 254 96 
3	0.0: 633 148 585 838 278 893 448 171 
3	0.0: 661 60 461 676 425 954 457 201 
3	0.0: 649 320 583 927 483 851 349 173 
3	0.0: 619 1 475 549 336 1052 169 162 
3	0.0: 667 22 504 476 438 925 252 139 
3	0.0: 631 1 411 884 532 1020 383 136 
3	0.0: 672 136 595 677 214 925 420 10 
3	0.0: 673 49 706 517 524 1158 372 204 
3	0.0: 600 1 722 798 433 937 461 190 
3	0.0: 650 234 696 821 508 869 433 164 
3	0.0: 603 398 335 513 477 969 169 219 
3	0.0: 688 43 703 744 484 993 263 150 
3	0.0: 738 1 732 848 486 1005 348 117 
3	0.0: 665 1 684 681 497 923 275 252 
3	0.0: 616 186 637 561 359 852 446 163 
3	0.0: 662 1 664 653 197 1030 245 1 
3	0.0: 690 274 697 804 356 1059 508 216 
3	0.0: 659 232 629 804 296 1014 571 1 
3	0.0: 645 122 805 585 282 981 324 244 
3	0.0: 667 213 470 444 480 1053 342 83 
3	0.0: 592 145 447 593 640 931 323 11 
3	0.0: 666 291 285 610 190 938 362 1 
3	0.0: 598 1 636 834 420 1133 389 87 
3	0.0: 756 66 825 740 288 934 506 15 
3	0.0: 635 197 506 898 230 848 428 62 
3	0.0: 618 1 465 638 583 1111 214 4 
3	0.0: 640 94 514 442 57 1115 333 1 
3	0.0: 638 1 779 695 416 982 252 1 
3	0.0: 640 9 354 644 633 908 319 113 
3	0.0: 644 49 637 777 753 991 570 134 
3	0.0: 652 1 427 949 456 1095 235 263 
3	0.0: 600 305 496 778 523 889 281 14 
3	0.0: 633 1 634 760 606 900 355 127 
3	0.0: 653 209 582 735 408 910 159 74 
3	0.0: 669 1 504 633 152 967 172 211 
3	0.0: 616 1 682 487 297 949 199 17 
3	0.0: 601 257 769 714 318 911 105 157 
3	0.0: 684 144 768 550 452 1046 375 264 
3	0.0: 627 1 532 914 383 1004 318 132 
3	0.0: 591 51 568 756 471 884 390 62 
3	0.0: 748 145 476 818 561 793 296 61 
3	0.0: 712 152 764 862 429 833 395 1 
3	0.0: 662 24 691 942 483 1030 580 1 
3	0.0: 527 1 517 737 145 1141 273 151 
3	0.0: 587 1 640 665 344 959 491 96 
3	0.0: 626 124 496 565 370 1183 276 1 
3	0.0: 625 173 630 1147 391 891 445 20 
3	0.0: 623 88 474 707 451 988 246 157 
3	0.0: 658 9 546 711 592 820 311 76 
3	0.0: 619 1 520 741 157 928 427 224 
3	0.0: 585 53 763 894 612 817 384 1 
3	0.0: 559 1 589 867 242 1057 270 12 
3	0.0: 631 49 427 679 578 962 180 32 
3	0.0: 668 1 603 655 466 888 656 88 
3	0.0: 635 1 549 500 434 839 411 44 
3	0.0: 635 96 683 868 515 676 371 123 
3	0.0: 589 1 584 598 531 1017 232 135 
3	0.0: 587 1 631 717 378 1031 539 137 
3	0.0: 613 47 826 890 510 1001 204 110 
3	0.0: 698 306 507 554 421 1138 209 268 
3	0.0: 608 13 582 833 388 941 319 220 
3	0.0: 646 87 647 789 207 770 398 190 
3	0.0: 629 213 799 882 755 1043 284 111 
3	0.0: 568 240 613 602 457 1089 347 248 
3	0.0: 645 1 324 505 512 941 302 185 
3	0.0: 665 1 622 746 1 987 237 1 
3	0.0: 558 1 553 774 375 1101 375 220 
3	0.0: 617 188 600 609 240 789 341 204 
3	0.0: 666 1 600 678 384 1058 307 203 
3	0.0: 654 203 620 649 286 1089 335 61 
3	0.0: 626 1 813 1064 548 1181 257 79 
3	0.0: 668 84 830 624 303 1028 331 1 
3	0.0: 668 166 568 683 215 1002 298 171 
3	0.0: 625 143 835 735 593 901 276 172 
3	0.0: 599 1 766 629 388 873 340 192 
3	0.0: 625 59 686 868 194 1014 416 211 
3	0.0: 577 14 524 1008 171 755 138 145 
3	0.0: 585 116 790 766 382 935 453 81 
3	0.0: 626 1 689 849 534 1179 450 140 
3	0.0: 612 1 715 724 168 1128 149 127 
3	0.0: 684 1 606 778 273 991 236 225 
3	0.0: 682 62 665 855 456 836 265 197 
3	0.0: 578 1 629 621 510 930 453 129 
3	0.0: 672 104 673 701 501 874 476 89 
3	0.0: 671 14 656 809 458 1092 425 73 
3	0.0: 677 228 559 788 289 856 462 178 
3	0.0: 590 78 735 812 493 671 424 176 
3	0.0: 697 11 481 817 735 829 278 1 
3	0.0: 619 59 683 654 611 1048 502 148 
3	0.0: 672 183 522 871 207 1088 242 86 
3	0.0: 571 1 750 579 516 1057 449 159 
3	0.0: 686 1 627 751 566 1125 302 156 
3	0.0: 647 51 642 738 764 1103 360 1 
3	0.0: 605 208 592 738 1 953 341 6 
3	0.0: 599 25 578 727 125 1274 404 301 
3	0.0: 609 1 630 605 513 988 231 37 
3	0.0: 610 85 633 782 532 1033 364 103 
3	0.0: 614 1 515 1046 594 785 469 22 
3	0.0: 618 94 691 669 263 908 322 161 
3	0.0: 659 228 543 661 450 869 177 129 
3	0.0: 607 1 994 573 757 963 302 54 
3	0.0: 685 245 677 891 352 1045 241 50 
3	0.0: 573 56 597 887 683 729 382 147 
3	0.0: 612 159 602 890 1 970 495 1 
3	0.0: 604 1 548 635 435 945 385 58 
3	0.0: 587 244 526 631 598 937 318 233 
3	0.0: 587 1 605 844 473 1013 287 178 
3	0.0: 679 154 478 813 608 1049 352 144 
3	0.0: 651 324 658 754 422 779 519 187 
3	0.0: 687 1 747 739 390 1013 285 213 
3	0.0: 619 62 455 705 617 877 348 128 
3	0.0: 648 1 533 722 591 812 502 258 
3	0.0: 739 1 614 683 539 924 357 81 
3	0.0: 588 1 490 821 339 917 381 92 
3	0.0: 630 1 646 675 660 811 290 195 
3	0.0: 596 1 663 753 436 1013 378 176 
3	0.0: 583 1 647 576 302 886 184 133 
3	0.0: 586 1 543 696 288 927 247 88 
3	0.0: 694 79 753 818 515 984 354 261 
3	0.0: 682 1 644 601 551 1006 374 66 
3	0.0: 614 314 671 616 689 1005 522 96 
3	0.0: 649 1 450 734 493 956 294 165 
3	0.0: 587 1 548 812 393 1059 459 61 
3	0.0: 615 1 530 843 339 979 309 157 
3	0.0: 635 1 644 886 391 829 123 40 
3	0.0: 602 13 424 838 482 908 453 83 
3	0.0: 657 1 488 781 351 1008 261 234 
3	0.0: 681 1 603 973 337 1196 158 202 
3	0.0: 707 125 762 865 703 871 428 301 
3	0.0: 605 1 748 669 462 912 1 240 
3	0.0: 650 57 663 741 453 985 282 196 
3	0.0: 590 456 818 714 544 996 207 287 
3	0.0: 650 15 560 904 228 855 407 1 
3	0.0: 688 62 599 730 622 859 179 47 
3	0.0: 574 176 399 755 345 1053 234 131 
3	0.0: 636 1 478 553 387 873 147 20 
3	0.0: 698 122 507 821 456 641 177 125 
3	0.0: 674 22 398 866 392 976 408 149 
3	0.0: 555 1 480 911 286 1205 371 26 
3	0.0: 657 1 759 759 124 849 416 250 
3	0.0: 629 160 778 860 322 1034 490 107 
3	0.0: 703 1 665 985 101 892 512 104 
3	0.0: 690 71 559 931 441 898 420 173 
3	0.0: 528 1 748 763 186 845 209 134 
3	0.0: 601 8 815 674 218 930 193 253 
3	0.0: 655 1 575 613 324 862 290 25 
3	0.0: 644 110 563 847 546 960 300 156 
3	0.0: 751 153 691 923 203 1170 287 65 
3	0.0: 712 26 684 904 243 763 294 124 
3	0.0: 588 1 518 644 496 873 622 107 
3	0.0: 625 96 586 707 190 935 267 23 
3	0.0: 583 1 792 831 480 1262 386 225 
3	0.0: 651 186 783 690 347 883 247 61 
3	0.0: 650 57 516 599 406 980 54 1 
3	0.0: 663 188 765 735 759 980 453 345 
3	0.0: 575 9 699 571 529 816 280 60 
3	0.0: 604 1 790 627 324 997 221 85 
3	0.0: 669 163 639 824 204 757 473 85 
3	0.0: 649 79 812 832 433 867 324 62 
3	0.0: 595 1 563 957 448 1001 279 55 
3	0.0: 650 287 495 652 394 917 270 177 
3	0.0: 662 15 584 891 405 918 184 13 
3	0.0: 671 1 620 599 410 1048 334 229 
3	0.0: 692 1 935 772 519 1080 481 27 
3	0.0: 621 1 614 961 739 791 286 180 
3	0.0: 687 1 444 763 500 764 429 30 
3	0.0: 679 110 575 889 182 998 423 88 
3	0.0: 661 297 518 575 549 919 404 119 
3	0.0: 590 1 861 864 395 848 362 151 
3	0.0: 636 1 490 638 348 1140 304 158 
3	0.0: 575 1 522 586 114 998 518 68 
3	0.0: 570 1 511 856 487 1013 129 180 
3	0.0: 719 1 707 678 463 784 191 1 
3	0.0: 665 1 616 663 165 928 156 41 
3	0.0: 592 1 674 820 774 859 272 109 
3	0.0: 600 175 831 811 436 868 470 69 
3	0.0: 662 1 699 712 367 1004 345 79 
3	0.0: 706 33 538 746 548 1033 372 119 
3	0.0: 682 77 693 719 547 988 548 43 
3	0.0: 640 1 559 482 467 1119 431 91 
3	0.0: 626 1 554 832 215 640 342 83 
3	0.0: 707 35 557 740 674 785 320 60 
3	0.0: 647 1 669 757 460 1041 548 75 
3	0.0: 626 101 532 765 563 1018 254 126 
3	0.0: 700 242 679 713 376 1100 311 266 
3	0.0: 555 1 423 890 592 900 371 222 
3	0.0: 647 117 564 775 402 802 544 101 
3	0.0: 582 62 693 1063 544 877 538 120 
3	0.0: 610 8 792 689 757 1046 263 79 
3	0.0: 660 1 582 846 375 940 173 258 
3	0.0: 715 1 630 910 133 993 332 196 
3	0.0: 609 1 622 710 389 1136 596 176 
3	0.0: 669 1 920 608 376 947 370 197 
3	0.0: 595 1 490 807 723 954 206 157 
3	0.0: 606 45 644 642 252 1039 218 41 
3	0.0: 721 5 726 606 304 1095 538 116 
3	0.0: 623 253 620 709 582 971 207 1 
3	0.0: 700 1 701 801 503 1222 517 129 
3	0.0: 607 1 827 947 56 940 376 1 
3	0.0: 685 11 350 562 793 1005 317 131 
3	0.0: 654 73 597 547 612 823 339 255 
3	0.0: 685 1 584 605 545 1060 293 77 
3	0.0: 609 1 574 798 145 1050 334 277 
3	0.0: 630 124 650 860 455 1019 502 106 
3	0.0: 632 1 517 966 333 764 349 164 
3	0.0: 664 152 676 679 256 896 279 160 
3	0.0: 710 1 598 567 290 966 409 104 
3	0.0: 623 1 414 689 379 938 245 1 
3	0.0: 705 47 553 777 479 1012 503 110 
3	0.0: 552 1 529 583 310 999 391 155 
3	0.0: 651 57 412 611 314 842 270 164 
3	0.0: 604 1 488 652 470 951 256 268 
3	0.0: 638 10 393 721 522 1026 650 132 
3	0.0: 616 1 575 783 231 1042 187 143 
3	0.0: 637 171 681 996 340 950 213 172 
3	0.0: 595 1 766 911 416 960 538 117 
3	0.0: 627 95 658 855 447 904 275 123 
3	0.0: 659 1 732 686 396 954 583 138 
3	0.0: 488 128 655 649 699 964 542 97 
3	0.0: 675 1 619 639 337 847 306 96 
3	0.0: 653 1 551 646 484 949 446 186 
3	0.0: 686 8 693 420 442 888 417 156 
3	0.0: 738 43 468 547 778 1002 136 45 
3	0.0: 629 1 706 737 335 851 229 73 
3	0.0: 651 1 615 914 754 928 546 1 
3	0.0: 702 1 221 880 371 1156 332 25 
3	0.0: 611 1 429 922 558 1013 302 117 
3	0.0: 610 1 540 848 506 866 376 381 
3	0.0: 624 63 733 760 655 820 395 120 
3	0.0: 602 1 788 682 465 1146 224 115 
3	0.0: 648 1 682 740 1028 1032 82 1 
3	0.0: 652 105 695 777 459 933 356 194 
3	0.0: 674 118 718 721 405 1113 286 105 
3	0.0: 632 73 301 617 185 1006 268 163 
3	0.0: 686 1 898 965 334 838 150 15 
3	0.0: 561 207 604 611 792 957 524 221 
3	0.0: 621 19 659 874 581 1018 365 175 
3	0.0: 637 79 555 1014 453 864 427 132 
3	0.0: 599 136 685 912 474 867 50 115 
3	0.0: 628 77 517 850 612 972 310 151 
3	0.0: 656 1 711 875 279 1084 314 279 
3	0.0: 720 33 588 708 212 828 525 86 
3	0.0: 640 1 665 627 461 999 312 129 
3	0.0: 633 1 668 707 853 945 516 1 
3	0.0: 587 1 461 585 425 793 504 176 
3	0.0: 667 80 642 787 656 780 279 134 
3	0.0: 624 88 706 970 256 891 450 264 
3	0.0: 688 281 612 536 376 1039 522 279 
3	0.0: 561 1 730 591 541 899 568 242 
3	0.0: 579 23 510 931 396 932 234 218 
3	0.0: 706 1 567 693 361 1083 401 192 
3	0.0: 670 1 390 940 450 916 408 134 
3	0.0: 662 150 677 451 448 867 76 108 
3	0.0: 672 153 741 940 628 896 120 60 
3	0.0: 641 111 619 777 425 787 177 28 
3	0.0: 649 1 579 868 328 983 400 202 
3	0.0: 624 132 550 790 554 983 329 101 
3	0.0: 658 1 610 818 583 1154 335 208 
3	0.0: 663 1 627 957 432 1131 480 143 
3	0.0: 669 40 608 674 552 957 112 73 
3	0.0: 702 1 584 849 529 831 518 213 
3	0.0: 633 1 568 760 28 885 166 208 
3	0.0: 589 1 401 732 425 963 374 166 
3	0.0: 725 1 567 715 427 1007 345 71 
3	0.0: 653 154 380 622 765 939 475 181 
3	0.0: 615 1 599 642 548 944 634 1 
3	0.0: 639 1 648 678 500 866 522 173 
3	0.0: 650 1 560 864 567 1045 233 201 
3	0.0: 652 83 575 804 436 898 397 40 
3	0.0: 640 1 596 624 400 883 472 128 
3	0.0: 642 1 888 769 509 1050 183 109 
3	0.0: 637 1 507 605 557 811 257 201 
3	0.0: 633 1 703 773 199 1035 202 104 
3	0.0: 659 1 852 875 377 830 299 249 
3	0.0: 651 1 455 771 465 1042 225 241 
3	0.0: 587 195 669 566 642 955 494 67 
3	0.0: 635 30 754 840 549 1188 406 35 
3	0.0: 685 202 425 794 424 926 361 154 
3	0.0: 575 345 677 972 557 811 462 35 
3	0.0: 633 1 707 810 380 963 262 221 
3	0.0: 655 1 436 855 696 1090 408 90 
3	0.0: 584 1 646 764 583 968 281 171 
3	0.0: 633 1 966 559 283 1093 292 157 
3	0.0: 585 1 532 826 374 837 405 330 
3	0.0: 718 223 729 843 190 916 273 53 
3	0.0: 595 1 792 996 562 864 271 31 
3	0.0: 560 1 613 619 552 849 430 182 
3	0.0: 571 1 564 588 959 990 408 39 
3	0.0: 706 22 743 759 510 814 398 26 
3	0.0: 703 1 764 594 240 1025 40 123 
3	0.0: 570 1 433 942 482 1023 237 46 
3	0.0: 548 48 576 922 747 1122 262 159 
3	0.0: 608 210 373 863 305 843 413 11 
3	0.0: 617 1 411 730 329 901 568 123 
3	0.0: 644 1 768 722 495 870 432 210 
3	0.0: 651 45 485 831 221 921 337 34 
3	0.0: 564 1 675 930 360 924 359 240 
3	0.0: 635 1 754 1005 332 1037 217 92 
3	0.0: 625 1 559 1108 529 927 145 180 
3	0.0: 608 1 593 677 672 958 392 58 
3	0.0: 657 1 608 650 458 886 333 193 
3	0.0: 633 1 352 832 496 685 204 1 
3	0.0: 615 1 643 587 369 953 154 170 
3	0.0: 574 1 718 452 327 988 359 205 
3	0.0: 599 70 783 622 595 962 449 146 
3	0.0: 673 1 561 777 414 915 489 132 
3	0.0: 604 43 981 811 84 847 423 114 
3	0.0: 610 151 373 706 416 971 472 9 
3	0.0: 599 68 577 428 436 990 187 206 
3	0.0: 661 148 454 929 83 1047 611 5 
3	0.0: 625 266 665 729 565 871 227 1 
3	0.0: 600 39 626 759 593 1025 383 150 
3	0.0: 628 1 613 862 277 990 341 82 
3	0.0: 574 1 388 749 403 993 506 126 
3	0.0: 593 51 559 663 416 997 542 172 
3	0.0: 629 1 767 1050 528 760 399 1 
3	0.0: 665 266 581 987 238 678 558 1 
3	0.0: 587 1 670 911 528 977 378 122 
3	0.0: 555 236 564 523 734 1111 483 149 
3	0.0: 589 10 704 733 573 799 576 121 
3	0.0: 662 264 706 832 430 1029 305 330 
3	0.0: 678 1 529 725 257 974 313 146 
3	0.0: 683 45 777 494 271 933 402 159 
3	0.0: 654 464 489 735 486 964 386 81 
3	0.0: 643 1 651 678 574 760 370 1 
3	0.0: 574 302 679 665 501 936 322 1 
3	0.0: 624 1 534 776 486 1069 242 207 
3	0.0: 611 1 561 436 561 997 479 194 
3	0.0: 737 1 568 731 421 996 330 296 
3	0.0: 675 1 635 778 311 992 101 299 
3	0.0: 645 37 526 700 477 1063 307 1 
3	0.0: 619 1 409 928 883 971 576 34 
3	0.0: 617 109 520 565 694 1023 186 251 
3	0.0: 688 181 477 877 612 986 407 151 
3	0.0: 659 1 636 795 407 818 353 97 
3	0.0: 685 1 568 978 442 966 434 159 
3	0.0: 613 39 554 840 610 914 494 117 
3	0.0: 644 1 546 541 617 989 351 115 
3	0.0: 615 1 698 842 284 944 190 83 
3	0.0: 663 1 484 843 1 926 454 107 
3	0.0: 669 1 480 588 724 1057 291 15 
3	0.0: 660 1 510 952 20 893 450 177 
3	0.0: 682 1 829 724 322 950 76 105 
3	0.0: 670 38 260 967 206 933 434 132 
3	0.0: 647 157 561 774 440 1025 441 69 
3	0.0: 665 131 453 806 57 978 441 197 
3	0.0: 613 1 660 565 665 853 524 103 
3	0.0: 662 46 687 947 280 1026 53 1 
3	0.0: 618 332 491 928 516 892 349 191 
3	0.0: 541 155 640 694 480 1025 448 290 
3	0.0: 647 1 687 830 625 977 537 311 
3	0.0: 564 40 705 789 505 893 527 5 
3	0.0: 609 1 665 619 559 816 375 141 
3	0.0: 625 119 476 604 304 945 280 88 
3	0.0: 595 1 708 753 369 1120 420 85 
3	0.0: 621 8 650 815 257 849 163 116 
3	0.0: 595 156 657 823 437 1106 293 137 
3	0.0: 577 191 697 727 380 1026 480 215 
3	0.0: 606 305 393 494 591 847 425 193 
3	0.0: 614 124 629 727 560 673 295 144 
3	0.0: 643 39 669 890 399 758 319 4 
3	0.0: 593 1 867 762 563 894 412 166 
3	0.0: 582 2 570 913 373 1142 478 52 
3	0.0: 642 1 418 684 538 1064 582 154 
3	0.0: 584 11 551 604 17 1186 365 95 
3	0.0: 569 1 630 883 190 1119 296 157 
3	0.0: 663 1 646 581 519 1052 274 155 
3	0.0: 679 129 639 804 296 846 435 86 
3	0.0: 649 121 734 540 343 912 378 37 
3	0.0: 695 1 602 806 418 1029 336 50 
3	0.0: 624 83 606 704 234 782 548 49 
3	0.0: 672 1 556 701 484 1069 532 88 
3	0.0: 649 36 549 822 647 1012 218 162 
3	0.0: 594 1 628 1027 408 858 325 265 
3	0.0: 668 180 602 713 511 858 314 202 
3	0.0: 605 88 484 924 392 1248 451 240 
3	0.0: 635 129 651 697 359 950 450 98 
3	0.0: 636 345 530 875 441 961 396 91 
3	0.0: 690 49 829 653 419 959 381 232 
3	0.0: 619 209 530 740 526 816 250 158 
3	0.0: 654 1 738 909 419 1169 263 4 
3	0.0: 651 154 567 941 417 1151 553 188 
3	0.0: 658 29 880 754 500 879 456 138 
3	0.0: 666 431 614 624 410 948 273 116 
3	0.0: 573 175 704 770 599 682 183 290 
3	0.0: 671 212 720 919 305 855 236 130 
3	0.0: 655 1 483 929 547 940 412 155 
3	0.0: 607 377 424 831 1 890 289 114 
3	0.0: 576 267 660 683 587 918 539 1 
3	0.0: 577 164 609 856 448 865 354 105 
3	0.0: 625 134 556 661 700 893 432 209 
3	0.0: 666 1 742 529 514 947 259 93 
3	0.0: 641 1 461 743 682 921 325 114 
3	0.0: 689 1 484 548 105 1003 334 55 
3	0.0: 633 1 752 1022 133 1000 505 60 
3	0.0: 679 1 700 698 351 1051 238 134 
3	0.0: 666 159 594 838 428 877 418 94 
3	0.0: 673 1 591 774 261 809 375 129 
3	0.0: 595 77 658 791 593 1107 301 184 
3	0.0: 643 47 505 420 132 991 449 69 
3	0.0: 601 1 857 956 320 897 330 22 
3	0.0: 604 1 560 286 495 985 188 185 
3	0.0: 622 188 618 594 554 918 293 73 
3	0.0: 627 110 523 775 431 955 235 119 
3	0.0: 668 238 650 373 474 1152 438 51 
3	0.0: 558 37 400 735 688 832 292 222 
3	0.0: 574 1 644 550 1 841 249 234 
3	0.0: 710 1 865 856 614 889 365 33 
3	0.0: 633 73 569 787 673 944 330 137 
