5	0.0: 889 786 641 58 18 278 821 868 
5	0.0: 895 828 446 66 31 319 732 388 
5	0.0: 876 752 531 65 14 343 215 952 
5	0.0: 904 741 542 57 1 274 574 839 
5	0.0: 894 756 464 59 14 298 798 843 
5	0.0: 879 750 543 60 15 301 700 828 
5	0.0: 878 811 396 67 8 228 562 931 
5	0.0: 901 740 550 50 20 345 620 813 
5	0.0: 881 787 535 56 13 257 687 937 
5	0.0: 858 731 712 68 20 278 479 1096 
5	0.0: 882 751 795 70 22 276 535 437 
5	0.0: 846 797 772 60 6 245 505 869 
5	0.0: 908 782 622 67 21 315 856 1005 
5	0.0: 913 780 423 64 21 366 936 766 
5	0.0: 885 749 606 70 20 289 525 1023 
5	0.0: 847 752 636 62 15 281 782 1028 
5	0.0: 935 817 668 53 9 313 686 701 
5	0.0: 937 796 391 65 32 324 687 1119 
5	0.0: 929 728 714 66 21 314 566 723 
5	0.0: 902 773 881 68 13 289 689 620 
5	0.0: 890 780 467 61 16 288 797 896 
5	0.0: 942 749 423 50 18 236 666 960 
5	0.0: 903 757 589 56 10 312 814 914 
5	0.0: 886 776 692 65 10 320 815 1116 
5	0.0: 882 750 808 61 16 286 673 865 
5	0.0: 905 778 657 56 14 265 653 1016 
5	0.0: 882 739 525 63 17 231 895 767 
5	0.0: 925 771 587 55 28 345 775 861 
5	0.0: 853 723 723 60 21 277 589 978 
5	0.0: 882 750 581 68 25 323 756 939 
5	0.0: 925 766 491 62 5 318 695 910 
5	0.0: 894 779 366 65 21 364 825 851 
5	0.0: 881 766 619 59 16 295 820 538 
5	0.0: 879 767 409 61 6 245 673 603 
5	0.0: 894 790 596 63 10 317 770 1030 
5	0.0: 869 738 574 52 23 328 427 705 
5	0.0: 872 782 671 62 20 307 690 951 
5	0.0: 891 741 698 63 22 297 653 497 
5	0.0: 928 759 676 68 24 272 541 1324 
5	0.0: 875 747 524 74 8 238 887 974 
5	0.0: 904 739 625 59 10 288 731 911 
5	0.0: 932 764 379 58 7 289 1047 726 
5	0.0: 856 741 754 60 16 231 740 699 
5	0.0: 884 775 538 56 17 321 547 684 
5	0.0: 888 757 522 60 19 311 814 996 
5	0.0: 936 801 662 53 8 241 763 777 
5	0.0: 900 745 332 50 19 256 587 705 
5	0.0: 875 772 767 61 30 261 714 852 
5	0.0: 928 762 395 61 20 243 386 615 
5	0.0: 897 811 771 65 12 272 615 889 
5	0.0: 929 756 547 64 14 325 775 1087 
5	0.0: 890 766 351 56 15 270 481 810 
5	0.0: 857 751 1025 53 8 317 547 644 
5	0.0: 875 761 590 57 10 264 998 805 
5	0.0: 878 724 334 56 15 266 1116 739 
5	0.0: 869 774 531 60 22 276 540 942 
5	0.0: 882 759 512 52 33 256 417 608 
5	0.0: 898 770 538 65 22 283 702 746 
5	0.0: 923 813 608 64 15 310 786 978 
5	0.0: 891 800 635 58 28 272 299 531 
5	0.0: 913 742 440 68 32 226 544 918 
5	0.0: 899 760 478 56 11 265 955 1072 
5	0.0: 879 784 534 63 19 205 634 795 
5	0.0: 861 779 841 59 24 327 753 846 
5	0.0: 930 792 672 70 13 297 837 511 
5	0.0: 858 740 734 66 19 232 508 1039 
5	0.0: 916 734 372 56 20 326 887 470 
5	0.0: 861 721 542 49 19 240 481 765 
5	0.0: 917 813 574 45 21 290 1094 381 
5	0.0: 903 773 775 53 9 312 889 672 
5	0.0: 877 766 245 52 19 301 744 644 
5	0.0: 914 727 807 48 16 279 593 657 
5	0.0: 877 788 783 64 26 282 377 1006 
5	0.0: 876 761 366 60 16 303 845 570 
5	0.0: 894 803 347 68 9 256 429 610 
5	0.0: 895 764 610 61 5 298 670 621 
5	0.0: 904 717 790 64 16 280 740 713 
5	0.0: 876 761 276 65 5 307 990 997 
5	0.0: 897 802 604 59 16 310 745 1051 
5	0.0: 920 748 599 60 25 299 686 585 
5	0.0: 906 749 343 57 23 215 501 1004 
5	0.0: 925 767 450 58 15 294 714 826 
5	0.0: 856 763 737 53 5 365 829 668 
5	0.0: 916 740 454 56 16 312 815 860 
5	0.0: 899 781 682 70 10 319 785 923 
5	0.0: 901 722 836 63 16 269 725 697 
5	0.0: 861 771 359 62 4 260 631 828 
5	0.0: 877 765 457 64 12 313 699 959 
5	0.0: 878 766 683 65 20 274 767 539 
5	0.0: 865 727 513 75 13 254 720 660 
5	0.0: 922 763 655 59 22 365 701 712 
5	0.0: 905 760 629 67 19 291 523 962 
5	0.0: 909 782 438 65 9 266 870 1236 
5	0.0: 917 783 847 63 25 282 799 887 
5	0.0: 912 755 486 48 15 281 873 1097 
5	0.0: 877 769 782 59 20 327 1052 889 
5	0.0: 880 781 600 74 18 336 554 801 
5	0.0: 915 817 731 53 16 207 867 951 
5	0.0: 876 779 554 70 17 269 737 941 
5	0.0: 861 797 487 64 15 267 685 919 
5	0.0: 882 764 510 67 15 288 480 758 
5	0.0: 865 754 487 60 23 262 655 729 
5	0.0: 878 716 784 66 5 284 451 408 
5	0.0: 892 750 555 60 19 284 793 1199 
5	0.0: 851 724 537 71 18 216 933 970 
5	0.0: 864 711 498 58 16 263 513 997 
5	0.0: 903 740 473 50 1 289 785 877 
5	0.0: 874 721 648 66 13 300 545 812 
5	0.0: 878 779 288 61 28 297 590 1184 
5	0.0: 879 730 615 54 19 207 693 802 
5	0.0: 886 775 768 66 23 220 678 833 
5	0.0: 918 800 371 66 3 333 720 421 
5	0.0: 880 704 695 49 23 282 725 879 
5	0.0: 917 776 349 56 28 283 888 801 
5	0.0: 872 758 678 51 10 304 661 697 
5	0.0: 894 794 708 62 12 272 507 934 
5	0.0: 862 782 329 62 14 258 603 719 
5	0.0: 898 758 425 59 12 281 439 880 
5	0.0: 930 743 457 53 31 231 645 652 
5	0.0: 895 757 544 64 5 265 364 692 
5	0.0: 893 779 749 66 26 292 728 916 
5	0.0: 931 785 388 64 1 291 470 600 
5	0.0: 902 753 475 58 4 276 391 752 
5	0.0: 886 746 530 58 28 254 767 616 
5	0.0: 897 783 541 59 28 282 615 433 
5	0.0: 949 821 572 62 21 224 708 850 
5	0.0: 914 778 684 56 29 305 553 976 
5	0.0: 861 784 594 72 36 333 852 720 
5	0.0: 898 798 702 48 20 249 591 654 
5	0.0: 893 767 441 77 9 312 406 789 
5	0.0: 908 761 643 61 21 314 476 909 
5	0.0: 894 747 271 64 16 283 830 721 
5	0.0: 914 723 598 54 2 225 953 920 
5	0.0: 899 773 518 65 17 254 841 1005 
5	0.0: 930 761 582 75 24 297 600 922 
5	0.0: 882 741 461 54 9 284 787 579 
5	0.0: 881 746 698 68 6 281 646 801 
5	0.0: 870 800 410 60 1 302 358 600 
5	0.0: 917 753 644 64 20 247 637 648 
5	0.0: 932 792 459 63 23 286 559 650 
5	0.0: 874 769 593 64 23 320 733 740 
5	0.0: 865 735 572 63 19 281 821 707 
5	0.0: 901 748 421 64 10 263 580 792 
5	0.0: 887 724 324 62 15 377 559 1017 
5	0.0: 932 781 472 53 18 298 847 860 
5	0.0: 898 784 551 63 19 265 841 497 
5	0.0: 891 751 400 65 17 280 568 437 
5	0.0: 881 763 458 58 19 274 723 532 
5	0.0: 873 794 779 59 18 325 545 917 
5	0.0: 882 724 305 54 22 268 576 949 
5	0.0: 868 691 420 68 25 228 539 907 
5	0.0: 888 750 473 61 22 279 689 474 
5	0.0: 930 737 539 63 21 297 700 732 
5	0.0: 905 786 457 59 24 302 688 801 
5	0.0: 879 760 396 66 13 274 863 867 
5	0.0: 858 780 508 59 21 291 574 786 
5	0.0: 888 730 667 65 16 279 655 688 
5	0.0: 923 694 467 75 16 275 828 677 
5	0.0: 880 758 626 60 15 277 791 822 
5	0.0: 867 788 535 72 11 239 642 901 
5	0.0: 884 734 697 77 16 304 724 792 
5	0.0: 879 767 637 64 15 311 713 576 
5	0.0: 846 780 517 59 24 279 858 880 
5	0.0: 876 761 542 57 16 318 600 446 
5	0.0: 890 801 741 57 14 275 646 896 
5	0.0: 914 747 640 71 9 286 805 949 
5	0.0: 877 756 528 53 22 232 348 745 
5	0.0: 844 754 608 66 22 271 829 583 
5	0.0: 904 702 890 68 20 257 810 598 
5	0.0: 873 782 671 68 16 307 747 610 
5	0.0: 872 816 388 67 1 284 503 443 
5	0.0: 886 759 533 59 25 292 309 761 
5	0.0: 924 751 929 56 18 263 980 1094 
5	0.0: 901 762 403 59 22 329 810 730 
5	0.0: 880 776 738 57 19 280 656 975 
5	0.0: 884 791 477 69 16 303 904 888 
5	0.0: 860 805 657 65 18 246 725 865 
5	0.0: 895 751 612 57 15 293 805 699 
5	0.0: 864 743 754 68 12 349 590 791 
5	0.0: 905 761 648 64 13 273 738 1004 
5	0.0: 883 736 571 63 13 263 949 774 
5	0.0: 905 759 389 56 4 281 602 683 
5	0.0: 924 753 702 58 19 248 678 1135 
5	0.0: 937 768 587 59 14 305 801 753 
5	0.0: 937 775 489 64 18 290 617 617 
5	0.0: 889 809 397 50 19 226 915 738 
5	0.0: 860 745 635 64 15 326 610 995 
5	0.0: 907 730 524 70 16 249 734 647 
5	0.0: 865 732 389 57 32 238 452 976 
5	0.0: 871 745 565 59 10 246 893 795 
5	0.0: 925 812 313 70 28 269 686 1155 
5	0.0: 901 795 606 69 13 312 722 697 
5	0.0: 865 795 546 57 9 275 901 861 
5	0.0: 871 791 652 68 19 220 777 548 
5	0.0: 916 794 575 57 20 292 543 952 
5	0.0: 891 740 558 58 1 251 680 882 
5	0.0: 938 768 647 64 16 244 614 869 
5	0.0: 890 779 426 58 25 296 813 851 
5	0.0: 880 756 824 58 17 239 612 1140 
5	0.0: 875 729 494 55 17 290 737 883 
5	0.0: 913 760 822 70 17 284 693 749 
5	0.0: 875 734 531 63 12 311 704 760 
5	0.0: 882 792 666 63 13 314 551 636 
5	0.0: 873 777 178 70 10 252 714 1107 
5	0.0: 915 783 655 59 12 329 878 812 
5	0.0: 887 749 365 67 8 265 659 805 
5	0.0: 890 814 717 58 12 280 653 757 
5	0.0: 890 774 753 61 21 299 661 582 
5	0.0: 908 750 866 59 15 329 668 547 
5	0.0: 886 737 421 61 11 256 538 343 
5	0.0: 868 754 586 53 18 288 702 860 
5	0.0: 869 760 283 57 3 270 736 561 
5	0.0: 884 713 683 61 14 304 554 775 
5	0.0: 857 772 638 64 21 279 829 636 
5	0.0: 918 733 491 66 15 279 800 868 
5	0.0: 897 840 382 55 21 271 920 968 
5	0.0: 901 801 591 56 11 254 903 869 
5	0.0: 892 751 708 53 7 288 553 667 
5	0.0: 897 787 545 57 8 289 684 364 
5	0.0: 900 805 660 49 11 278 896 562 
5	0.0: 890 761 445 54 30 163 527 285 
5	0.0: 905 818 838 65 27 282 957 635 
5	0.0: 890 772 524 56 19 325 679 920 
5	0.0: 906 783 527 59 21 272 694 983 
5	0.0: 876 772 766 57 12 226 969 633 
5	0.0: 883 787 521 60 16 303 1133 574 
5	0.0: 864 696 451 62 20 294 841 880 
5	0.0: 862 748 573 65 12 283 846 887 
5	0.0: 869 768 653 59 22 279 652 881 
5	0.0: 874 769 624 68 26 381 425 936 
5	0.0: 901 790 659 66 19 265 544 561 
5	0.0: 892 763 698 57 21 355 583 845 
5	0.0: 895 755 955 64 18 311 736 889 
5	0.0: 901 758 718 62 19 322 957 544 
5	0.0: 872 833 483 52 6 257 548 796 
5	0.0: 877 778 571 57 12 356 900 1031 
5	0.0: 879 749 425 56 17 217 1016 1110 
5	0.0: 859 777 472 66 5 257 614 470 
5	0.0: 858 726 467 71 23 282 679 1026 
5	0.0: 889 765 423 55 24 253 723 536 
5	0.0: 888 754 611 58 28 290 776 943 
5	0.0: 879 793 526 64 16 252 512 1033 
5	0.0: 915 796 486 57 15 290 850 982 
5	0.0: 883 734 374 60 11 325 617 523 
5	0.0: 894 741 373 55 20 284 773 1186 
5	0.0: 895 768 556 72 16 276 882 862 
5	0.0: 919 765 679 66 5 301 436 1193 
5	0.0: 857 810 552 61 25 206 829 909 
5	0.0: 891 752 685 53 20 338 540 822 
5	0.0: 884 738 638 64 17 294 615 642 
5	0.0: 890 776 429 59 20 308 764 719 
5	0.0: 897 721 714 59 21 316 908 723 
5	0.0: 913 757 661 59 18 253 852 836 
5	0.0: 911 718 743 63 27 313 782 1126 
5	0.0: 915 789 283 73 30 265 652 821 
5	0.0: 906 746 532 50 17 274 754 1019 
5	0.0: 887 756 540 54 22 270 546 941 
5	0.0: 896 770 488 62 8 270 778 392 
5	0.0: 918 801 776 66 16 303 532 1031 
5	0.0: 921 797 683 60 13 359 712 1029 
5	0.0: 875 757 765 59 16 360 725 848 
5	0.0: 912 780 493 59 19 273 851 553 
5	0.0: 899 739 551 65 17 290 654 900 
5	0.0: 890 751 640 67 23 291 451 932 
5	0.0: 898 787 585 53 12 352 885 632 
5	0.0: 894 780 618 64 14 241 812 356 
5	0.0: 904 778 582 51 10 305 940 515 
5	0.0: 879 745 365 71 19 279 442 749 
5	0.0: 878 744 509 67 1 272 1155 728 
5	0.0: 920 758 586 62 7 311 611 652 
5	0.0: 916 778 329 49 8 269 462 498 
5	0.0: 867 769 642 64 10 267 562 848 
5	0.0: 905 763 672 46 14 262 646 781 
5	0.0: 875 777 629 60 26 255 755 739 
5	0.0: 881 799 825 68 16 274 677 727 
5	0.0: 873 769 520 68 28 230 812 797 
5	0.0: 906 754 450 64 12 292 628 896 
5	0.0: 903 709 738 65 17 309 604 1087 
5	0.0: 893 778 640 61 9 344 546 750 
5	0.0: 885 750 706 56 9 322 794 835 
5	0.0: 902 732 773 67 23 223 815 914 
5	0.0: 924 765 548 56 24 267 557 848 
5	0.0: 889 779 655 61 16 229 528 866 
5	0.0: 901 722 694 67 16 281 635 697 
5	0.0: 888 754 550 59 22 270 775 570 
5	0.0: 868 734 449 66 18 265 610 1069 
5	0.0: 892 793 568 70 23 324 831 586 
5	0.0: 877 749 398 56 24 333 639 806 
5	0.0: 892 803 622 63 18 325 658 765 
5	0.0: 900 750 457 57 20 243 815 769 
5	0.0: 902 711 699 62 17 282 665 1091 
5	0.0: 882 784 621 45 22 311 1018 917 
5	0.0: 896 776 605 60 18 293 560 550 
5	0.0: 867 749 488 54 9 243 1133 747 
5	0.0: 927 758 449 58 18 299 841 874 
5	0.0: 873 725 471 68 28 330 613 1034 
5	0.0: 898 763 474 55 15 248 740 661 
5	0.0: 917 770 656 66 23 262 556 1075 
5	0.0: 900 763 551 60 22 233 1062 939 
5	0.0: 889 757 414 63 19 324 740 891 
5	0.0: 891 723 666 68 24 293 806 846 
5	0.0: 866 765 662 63 14 321 524 679 
5	0.0: 925 705 807 58 9 293 766 987 
5	0.0: 928 742 462 60 23 285 392 871 
5	0.0: 882 772 703 57 8 251 621 876 
5	0.0: 850 793 264 64 23 260 1077 773 
5	0.0: 871 795 557 63 22 298 762 726 
5	0.0: 878 775 704 58 7 265 676 667 
5	0.0: 917 738 400 62 33 306 498 526 
5	0.0: 895 740 628 62 21 266 528 1120 
5	0.0: 857 740 695 44 14 295 1040 965 
5	0.0: 910 765 445 59 10 308 485 382 
5	0.0: 895 804 797 71 14 248 600 742 
5	0.0: 904 771 574 58 18 361 466 817 
5	0.0: 905 784 761 59 6 237 730 1044 
5	0.0: 864 804 692 71 13 266 683 696 
5	0.0: 922 725 572 61 13 300 815 975 
5	0.0: 916 756 543 51 20 312 917 916 
5	0.0: 928 813 671 62 8 301 609 827 
5	0.0: 910 730 553 60 29 275 735 972 
5	0.0: 914 782 694 62 16 256 676 730 
5	0.0: 904 747 456 58 21 263 566 608 
5	0.0: 897 815 491 65 7 304 956 621 
5	0.0: 888 715 606 69 17 296 543 819 
5	0.0: 882 790 641 60 15 279 880 767 
5	0.0: 897 799 454 70 11 307 683 787 
5	0.0: 895 815 439 71 20 266 492 641 
5	0.0: 900 763 692 64 15 224 696 806 
5	0.0: 855 704 527 38 14 296 779 765 
5	0.0: 876 770 474 58 23 250 735 933 
5	0.0: 872 844 618 71 8 307 836 1095 
5	0.0: 905 778 626 67 14 288 678 688 
5	0.0: 878 746 535 56 20 262 732 790 
5	0.0: 872 748 724 56 6 324 717 647 
5	0.0: 881 784 525 65 11 284 587 696 
5	0.0: 886 790 766 58 1 249 921 897 
5	0.0: 870 753 629 66 14 296 587 750 
5	0.0: 903 744 566 68 8 300 692 836 
5	0.0: 891 746 427 62 13 315 488 982 
5	0.0: 892 717 587 59 10 305 878 974 
5	0.0: 893 815 806 68 26 286 731 479 
5	0.0: 861 769 609 47 27 284 664 1027 
5	0.0: 928 794 513 55 6 279 927 782 
5	0.0: 916 821 625 65 14 278 745 924 
5	0.0: 876 768 440 53 11 310 487 935 
5	0.0: 896 789 555 62 7 354 805 259 
5	0.0: 923 733 727 50 15 302 610 976 
5	0.0: 881 759 486 52 12 298 703 903 
5	0.0: 925 753 743 66 13 333 750 749 
5	0.0: 938 768 471 66 29 268 322 967 
5	0.0: 871 717 489 66 19 279 670 684 
5	0.0: 876 767 565 49 19 310 713 857 
5	0.0: 880 817 484 69 21 323 474 1055 
5	0.0: 896 748 482 63 16 325 979 821 
5	0.0: 922 775 591 68 20 285 629 595 
5	0.0: 904 750 498 64 22 308 860 620 
5	0.0: 925 742 893 64 17 324 633 995 
5	0.0: 881 750 693 64 6 215 721 763 
5	0.0: 885 781 748 41 12 300 756 1008 
5	0.0: 869 739 650 68 24 334 733 952 
5	0.0: 859 762 654 53 18 236 676 986 
5	0.0: 897 818 413 61 19 268 542 413 
5	0.0: 880 796 591 62 4 267 534 587 
5	0.0: 872 743 589 54 9 289 194 1257 
5	0.0: 855 770 513 62 32 306 641 879 
5	0.0: 901 791 690 58 25 312 772 848 
5	0.0: 874 764 377 59 19 286 700 1110 
5	0.0: 872 770 307 60 14 230 497 481 
5	0.0: 865 741 788 63 8 269 363 730 
5	0.0: 868 684 675 61 17 250 479 843 
5	0.0: 904 742 710 64 17 326 987 681 
5	0.0: 861 763 654 64 26 318 451 935 
5	0.0: 884 792 588 56 24 294 810 1028 
5	0.0: 897 744 667 63 22 348 866 925 
5	0.0: 897 732 579 64 14 227 638 862 
5	0.0: 895 731 307 60 12 252 632 674 
5	0.0: 866 748 471 71 16 238 830 708 
5	0.0: 861 762 527 59 12 329 673 1148 
5	0.0: 875 775 523 54 20 280 839 669 
5	0.0: 862 770 610 69 12 213 560 877 
5	0.0: 895 781 511 60 29 242 673 755 
5	0.0: 873 770 304 58 17 313 606 877 
5	0.0: 882 792 417 60 36 287 686 526 
5	0.0: 887 739 428 68 1 278 430 991 
5	0.0: 944 766 584 58 17 296 870 859 
5	0.0: 890 751 536 62 16 270 654 1189 
5	0.0: 923 740 640 68 9 326 683 1082 
5	0.0: 906 756 652 70 14 292 776 754 
5	0.0: 871 783 536 66 16 327 483 652 
5	0.0: 916 787 532 75 16 318 558 853 
5	0.0: 879 810 545 64 20 347 842 726 
5	0.0: 873 777 531 62 19 305 370 1046 
5	0.0: 890 724 650 62 31 268 371 607 
5	0.0: 887 757 337 62 25 278 689 659 
5	0.0: 829 774 617 63 27 313 789 911 
5	0.0: 896 789 676 52 11 282 666 847 
5	0.0: 887 754 661 66 26 329 495 675 
5	0.0: 908 764 254 50 16 230 796 680 
5	0.0: 916 717 457 60 15 356 869 789 
5	0.0: 882 738 707 61 9 297 871 817 
5	0.0: 911 808 744 68 16 269 363 810 
5	0.0: 865 792 415 66 7 175 690 933 
5	0.0: 869 739 601 64 18 271 459 930 
5	0.0: 904 835 465 55 14 289 596 872 
5	0.0: 919 764 646 58 15 273 579 838 
5	0.0: 922 766 722 59 23 296 557 975 
5	0.0: 872 767 766 68 18 329 774 963 
5	0.0: 861 730 503 59 15 336 570 801 
5	0.0: 864 779 731 72 4 326 663 623 
5	0.0: 911 792 607 63 26 235 853 365 
5	0.0: 885 792 600 59 19 290 518 826 
5	0.0: 860 752 550 64 30 290 830 944 
5	0.0: 918 741 544 61 17 317 1060 714 
5	0.0: 923 702 313 56 10 301 636 424 
5	0.0: 885 750 554 58 15 289 817 734 
5	0.0: 887 743 614 74 2 327 810 751 
5	0.0: 893 783 626 56 18 274 517 598 
5	0.0: 882 780 516 55 10 281 872 749 
5	0.0: 845 758 431 67 14 261 963 670 
5	0.0: 918 801 608 56 17 336 626 618 
5	0.0: 907 752 805 55 14 284 453 530 
5	0.0: 877 786 322 63 14 305 900 1106 
5	0.0: 894 816 355 58 12 321 797 793 
5	0.0: 902 751 665 61 23 248 647 715 
5	0.0: 921 730 900 61 16 255 698 441 
5	0.0: 901 773 555 63 6 288 642 635 
5	0.0: 896 734 404 61 17 290 441 888 
5	0.0: 907 787 343 63 12 275 505 619 
5	0.0: 920 741 614 70 24 258 532 974 
5	0.0: 920 749 381 65 28 319 968 830 
5	0.0: 908 772 496 65 18 298 622 804 
5	0.0: 892 761 627 64 10 250 626 530 
5	0.0: 877 781 580 59 11 286 722 551 
5	0.0: 886 756 754 64 19 267 769 1232 
5	0.0: 916 794 615 51 6 304 494 904 
5	0.0: 861 736 660 62 12 235 740 502 
5	0.0: 861 719 609 53 6 265 831 582 
5	0.0: 844 695 523 57 17 301 628 1106 
5	0.0: 874 767 177 70 21 320 667 706 
5	0.0: 872 755 759 60 2 266 970 769 
5	0.0: 872 825 486 65 16 267 589 810 
5	0.0: 891 748 769 68 17 260 831 1133 
5	0.0: 891 773 520 62 20 226 575 632 
5	0.0: 882 820 504 66 15 258 521 1108 
5	0.0: 939 774 606 50 21 282 679 1048 
5	0.0: 889 793 556 59 14 272 797 1134 
5	0.0: 919 784 400 54 13 280 1111 741 
5	0.0: 923 742 627 64 10 251 757 670 
5	0.0: 921 813 275 64 16 281 1043 762 
5	0.0: 878 752 577 64 20 305 649 534 
5	0.0: 923 707 358 61 17 288 907 1061 
5	0.0: 868 747 615 55 5 333 725 1008 
5	0.0: 911 781 569 73 9 291 344 872 
5	0.0: 882 770 629 58 26 267 471 746 
5	0.0: 895 759 573 73 8 299 691 931 
5	0.0: 907 785 593 60 18 300 566 826 
5	0.0: 880 826 676 60 22 255 628 1325 
5	0.0: 877 755 527 64 15 327 813 615 
5	0.0: 871 722 809 69 17 272 653 964 
5	0.0: 898 759 470 61 33 287 625 741 
5	0.0: 894 789 503 70 23 302 717 983 
5	0.0: 891 821 554 55 29 229 454 616 
5	0.0: 895 791 433 65 16 301 1126 1188 
5	0.0: 886 745 569 63 17 306 720 886 
5	0.0: 859 715 625 55 1 267 833 976 
5	0.0: 881 763 327 65 21 304 889 899 
5	0.0: 884 778 483 48 12 331 657 375 
5	0.0: 878 813 746 63 17 244 415 836 
5	0.0: 887 733 464 61 12 345 962 921 
5	0.0: 870 798 107 67 29 251 699 768 
5	0.0: 877 786 333 63 31 262 503 989 
5	0.0: 913 771 846 57 13 339 517 748 
5	0.0: 880 774 565 67 13 277 613 1024 
5	0.0: 910 770 262 62 17 271 869 837 
5	0.0: 896 759 756 65 19 335 771 623 
5	0.0: 863 787 437 43 11 274 457 905 
5	0.0: 921 765 753 65 16 223 810 803 
5	0.0: 888 774 742 59 19 305 766 811 
5	0.0: 920 787 336 65 7 298 957 632 
5	0.0: 888 824 635 57 19 270 490 1093 
5	0.0: 881 757 425 60 14 269 988 683 
5	0.0: 877 707 887 61 7 271 493 838 
5	0.0: 901 775 664 69 14 273 557 955 
5	0.0: 876 792 747 59 15 289 569 819 
5	0.0: 851 760 733 61 24 279 818 798 
5	0.0: 886 805 737 66 17 265 817 1037 
5	0.0: 862 766 445 53 20 250 707 778 
5	0.0: 903 727 272 63 25 347 685 793 
5	0.0: 867 740 555 61 15 270 1026 342 
5	0.0: 866 738 640 56 19 281 809 692 
5	0.0: 950 766 430 70 2 285 513 709 
5	0.0: 869 726 323 50 12 284 625 803 
5	0.0: 873 769 375 59 11 251 612 951 
5	0.0: 895 773 468 54 17 254 786 619 
5	0.0: 923 751 798 63 20 263 624 983 
5	0.0: 883 800 522 64 19 275 805 685 
5	0.0: 884 751 618 67 19 318 566 780 
5	0.0: 926 749 389 60 10 254 774 1081 
5	0.0: 891 752 489 54 11 284 834 974 
5	0.0: 894 696 554 73 9 266 535 750 
5	0.0: 888 747 564 55 17 304 1135 768 
5	0.0: 905 760 401 55 12 320 666 1014 
5	0.0: 922 737 412 58 5 269 497 830 
5	0.0: 893 779 422 62 11 236 1062 659 
5	0.0: 865 781 708 59 20 292 472 1224 
5	0.0: 909 743 701 60 14 301 917 789 
5	0.0: 892 737 638 62 19 300 652 768 
5	0.0: 932 784 548 67 19 321 892 773 
5	0.0: 879 742 755 67 10 271 598 990 
5	0.0: 864 811 783 65 23 237 481 752 
5	0.0: 912 748 499 64 13 278 848 1081 
5	0.0: 903 783 605 57 7 272 712 626 
5	0.0: 905 727 942 57 5 311 587 1023 
5	0.0: 897 759 478 63 27 216 1040 757 
5	0.0: 876 817 713 54 16 266 792 715 
5	0.0: 913 784 905 63 1 313 670 960 
5	0.0: 920 749 373 65 23 263 582 867 
5	0.0: 876 764 575 61 19 288 370 1001 
5	0.0: 903 754 619 70 6 267 569 797 
5	0.0: 884 776 653 65 21 339 861 1215 
5	0.0: 913 743 497 60 17 308 787 799 
5	0.0: 903 761 558 75 19 284 705 767 
5	0.0: 869 808 604 61 2 241 615 993 
5	0.0: 876 747 503 62 27 260 625 486 
5	0.0: 916 765 430 60 11 230 1070 768 
5	0.0: 878 750 788 61 19 262 731 712 
5	0.0: 884 749 717 53 11 299 792 724 
5	0.0: 941 767 494 66 13 281 391 657 
5	0.0: 877 740 642 66 14 269 785 826 
5	0.0: 883 826 634 65 10 320 289 651 
5	0.0: 870 724 483 71 28 326 751 675 
5	0.0: 872 825 278 57 12 237 747 1021 
5	0.0: 880 746 770 63 23 274 666 714 
5	0.0: 875 774 519 64 22 246 702 593 
5	0.0: 885 783 699 62 24 260 683 889 
5	0.0: 872 716 521 56 15 269 576 929 
5	0.0: 879 764 617 55 21 281 637 764 
5	0.0: 871 767 573 55 17 269 899 634 
5	0.0: 879 735 524 53 10 278 767 534 
5	0.0: 873 778 702 67 10 326 771 948 
5	0.0: 902 756 798 66 13 283 587 1057 
5	0.0: 911 822 537 60 17 305 1093 786 
5	0.0: 886 778 481 65 10 302 765 949 
5	0.0: 899 817 734 68 15 228 443 653 
5	0.0: 897 735 341 69 17 271 802 973 
5	0.0: 866 766 463 55 20 303 284 638 
5	0.0: 863 768 631 67 14 252 321 981 
5	0.0: 895 778 634 58 17 301 574 686 
5	0.0: 939 743 509 62 9 312 937 631 
5	0.0: 888 709 528 64 20 291 616 551 
5	0.0: 882 737 475 60 16 263 854 956 
5	0.0: 883 763 726 64 10 270 542 1103 
5	0.0: 890 768 614 65 24 299 742 523 
5	0.0: 867 757 571 65 19 314 924 867 
5	0.0: 875 801 617 60 8 279 411 562 
5	0.0: 919 794 598 61 14 266 565 1013 
5	0.0: 878 786 486 59 17 333 885 957 
5	0.0: 887 799 316 70 9 305 982 774 
5	0.0: 948 800 580 62 11 306 786 1001 
5	0.0: 901 723 763 68 22 281 822 750 
5	0.0: 907 764 524 59 10 317 359 507 
5	0.0: 894 749 477 75 9 286 720 823 
5	0.0: 895 742 705 59 25 244 662 1002 
5	0.0: 855 747 517 67 20 257 731 845 
5	0.0: 883 755 629 49 10 267 901 510 
5	0.0: 902 775 296 65 9 272 376 683 
5	0.0: 888 828 636 55 28 256 812 690 
5	0.0: 847 764 696 56 6 326 850 940 
5	0.0: 874 767 536 52 22 290 789 360 
5	0.0: 890 753 687 69 25 326 807 733 
5	0.0: 857 765 640 62 12 252 736 769 
5	0.0: 921 798 724 50 24 328 374 566 
5	0.0: 899 760 655 56 18 274 638 685 
5	0.0: 895 829 706 63 22 241 733 739 
5	0.0: 883 752 347 62 19 352 546 1087 
5	0.0: 913 726 537 56 11 264 671 907 
5	0.0: 897 755 467 58 16 308 746 1035 
5	0.0: 898 792 452 70 22 272 863 672 
5	0.0: 877 733 495 58 14 280 1000 646 
5	0.0: 918 731 721 56 23 279 742 657 
5	0.0: 876 775 543 75 19 282 1144 852 
5	0.0: 919 812 792 63 21 305 564 1068 
5	0.0: 835 805 647 64 15 250 606 576 
5	0.0: 901 767 740 61 26 283 757 509 
5	0.0: 915 781 308 57 16 230 671 967 
5	0.0: 921 753 565 61 20 277 802 770 
5	0.0: 872 775 626 63 16 294 933 689 
5	0.0: 884 749 605 58 21 246 411 807 
5	0.0: 892 727 347 69 23 306 626 791 
5	0.0: 881 777 491 61 12 283 578 818 
5	0.0: 883 761 553 57 6 268 926 931 
5	0.0: 895 766 563 66 17 276 873 1077 
5	0.0: 886 780 371 60 16 309 657 633 
5	0.0: 874 786 711 71 25 265 424 932 
5	0.0: 881 808 363 58 15 242 691 938 
5	0.0: 924 735 766 57 6 304 272 791 
5	0.0: 893 761 486 57 20 307 851 591 
5	0.0: 908 822 699 63 22 251 466 894 
5	0.0: 931 787 726 63 17 321 848 841 
5	0.0: 930 772 627 67 19 335 876 999 
5	0.0: 867 760 639 70 29 274 748 835 
5	0.0: 841 808 791 70 11 296 677 385 
5	0.0: 872 770 586 60 11 182 466 968 
5	0.0: 869 753 646 69 8 264 704 958 
5	0.0: 900 750 604 60 11 228 844 832 
5	0.0: 890 803 497 60 6 321 275 1114 
5	0.0: 871 767 508 55 19 276 816 1110 
5	0.0: 880 742 551 74 14 276 615 990 
5	0.0: 886 774 682 59 22 268 865 832 
5	0.0: 881 777 424 58 24 253 397 966 
5	0.0: 909 761 571 60 15 276 537 1033 
5	0.0: 922 767 652 68 20 298 587 769 
5	0.0: 911 785 425 61 15 280 705 902 
5	0.0: 872 757 526 63 20 291 714 664 
5	0.0: 873 752 630 62 21 348 556 806 
5	0.0: 884 753 340 67 15 249 761 913 
5	0.0: 905 729 580 60 11 260 719 913 
5	0.0: 914 726 576 67 17 250 636 702 
5	0.0: 937 790 536 70 13 266 497 801 
5	0.0: 904 779 621 45 22 332 480 924 
5	0.0: 880 765 618 58 17 240 301 813 
5	0.0: 890 755 686 59 20 307 759 1008 
5	0.0: 865 728 545 69 20 321 747 868 
5	0.0: 911 765 538 54 15 342 864 497 
5	0.0: 885 734 548 65 17 326 1073 954 
5	0.0: 890 789 507 58 11 283 608 752 
5	0.0: 905 806 541 61 19 331 627 757 
5	0.0: 900 766 498 52 17 224 572 575 
5	0.0: 864 784 146 63 14 217 581 960 
5	0.0: 911 765 675 60 24 307 564 976 
5	0.0: 899 721 518 52 20 308 725 788 
5	0.0: 878 733 504 58 22 337 798 692 
5	0.0: 863 820 481 63 8 308 612 771 
5	0.0: 910 775 658 62 18 300 469 570 
5	0.0: 882 797 609 55 13 302 619 473 
5	0.0: 877 762 571 63 12 310 585 849 
5	0.0: 915 800 447 66 30 264 916 591 
5	0.0: 909 744 697 70 4 305 642 797 
5	0.0: 896 762 707 67 13 239 822 933 
5	0.0: 872 740 483 59 16 279 532 887 
5	0.0: 913 752 552 57 8 288 532 824 
5	0.0: 882 773 339 67 23 247 646 908 
5	0.0: 895 780 569 58 21 248 581 979 
5	0.0: 873 771 755 57 17 294 717 947 
5	0.0: 872 787 669 70 12 246 577 437 
5	0.0: 919 745 537 55 16 322 742 727 
5	0.0: 909 723 731 58 11 280 453 1148 
5	0.0: 893 774 839 68 25 288 417 808 
5	0.0: 898 751 435 71 14 270 817 843 
5	0.0: 900 762 139 55 15 330 968 844 
5	0.0: 890 781 553 62 22 283 667 892 
5	0.0: 903 728 610 66 22 306 568 1177 
5	0.0: 902 791 670 62 19 280 787 1077 
5	0.0: 864 774 260 55 24 269 442 954 
5	0.0: 893 769 623 64 10 275 704 731 
5	0.0: 878 768 646 59 13 223 614 1064 
5	0.0: 898 771 611 67 18 264 564 708 
5	0.0: 912 768 621 61 20 315 1075 639 
5	0.0: 913 754 694 69 20 304 335 810 
5	0.0: 869 821 616 58 16 226 403 410 
5	0.0: 910 780 676 57 15 318 699 455 
5	0.0: 895 784 812 62 14 307 748 356 
5	0.0: 902 765 613 64 21 296 626 810 
5	0.0: 871 761 484 58 22 288 641 823 
5	0.0: 924 783 413 56 21 308 640 1102 
5	0.0: 893 749 540 66 7 271 469 681 
5	0.0: 909 815 571 58 19 301 615 660 
5	0.0: 900 778 608 64 16 297 748 745 
5	0.0: 897 789 645 69 20 302 817 829 
5	0.0: 908 743 598 63 22 256 741 721 
5	0.0: 890 742 586 54 8 323 518 744 
5	0.0: 877 799 770 61 13 302 660 721 
5	0.0: 864 746 521 67 4 230 585 490 
5	0.0: 895 770 724 65 6 275 524 815 
5	0.0: 895 764 689 68 25 324 694 1309 
5	0.0: 922 757 502 74 28 271 846 998 
5	0.0: 890 769 730 55 19 269 588 884 
5	0.0: 894 728 696 48 20 288 804 839 
5	0.0: 862 764 433 54 15 261 580 833 
5	0.0: 876 704 625 53 18 331 548 957 
5	0.0: 921 806 513 64 5 318 841 903 
5	0.0: 884 788 688 50 5 282 665 793 
5	0.0: 876 746 472 58 21 277 466 855 
5	0.0: 884 766 655 62 15 240 993 570 
5	0.0: 907 746 805 54 22 311 557 991 
5	0.0: 873 780 528 57 15 277 498 1059 
5	0.0: 862 776 536 69 23 320 581 1125 
5	0.0: 904 713 780 60 22 345 679 702 
5	0.0: 897 755 515 62 15 286 1135 943 
5	0.0: 913 760 644 63 11 206 753 1139 
5	0.0: 907 774 459 67 13 284 910 1014 
5	0.0: 915 806 521 65 19 242 386 639 
5	0.0: 899 777 372 62 22 304 743 859 
5	0.0: 932 778 423 65 10 271 697 957 
5	0.0: 872 730 539 59 15 334 771 779 
5	0.0: 855 784 493 60 13 252 1001 898 
5	0.0: 881 739 452 68 22 268 597 949 
5	0.0: 910 757 627 57 22 311 857 1053 
5	0.0: 919 759 702 52 12 248 764 1027 
5	0.0: 915 766 515 54 23 288 758 801 
5	0.0: 895 809 613 60 24 306 549 612 
5	0.0: 896 737 403 57 12 264 690 737 
5	0.0: 898 729 308 70 8 206 832 956 
5	0.0: 911 730 446 54 24 287 810 920 
5	0.0: 878 828 350 60 6 312 853 826 
5	0.0: 931 704 765 60 9 330 918 594 
5	0.0: 873 705 487 56 14 287 759 929 
5	0.0: 873 740 497 63 31 308 600 795 
5	0.0: 886 765 574 49 12 298 823 1027 
5	0.0: 892 805 895 64 5 272 611 475 
5	0.0: 873 759 460 60 12 228 470 831 
5	0.0: 895 739 546 73 20 246 374 893 
5	0.0: 893 813 413 54 8 300 918 954 
5	0.0: 907 740 436 61 15 281 374 776 
5	0.0: 903 746 461 68 18 267 751 377 
5	0.0: 930 783 441 61 27 338 673 880 
5	0.0: 888 801 760 56 12 284 814 584 
5	0.0: 867 788 492 56 7 318 823 961 
5	0.0: 879 795 709 54 20 258 750 535 
5	0.0: 898 796 311 67 23 282 522 743 
5	0.0: 891 773 440 59 17 319 679 870 
5	0.0: 907 772 796 55 23 228 666 667 
5	0.0: 868 835 677 62 13 252 690 868 
5	0.0: 900 771 559 60 21 279 1027 751 
5	0.0: 856 836 696 62 6 272 961 859 
5	0.0: 873 753 467 55 12 341 741 1031 
5	0.0: 871 772 331 53 12 271 539 1103 
5	0.0: 880 746 911 60 7 306 927 757 
5	0.0: 906 764 535 60 17 264 783 925 
5	0.0: 912 803 639 59 9 260 540 1176 
5	0.0: 887 760 762 54 19 233 958 798 
5	0.0: 898 743 584 60 17 303 863 668 
5	0.0: 935 752 373 57 17 302 779 913 
5	0.0: 911 778 649 64 18 261 886 728 
5	0.0: 896 752 746 70 20 282 782 600 
5	0.0: 889 755 949 70 26 352 627 858 
5	0.0: 916 744 493 62 16 257 601 685 
5	0.0: 881 807 444 61 8 306 819 732 
5	0.0: 886 826 627 63 12 216 664 1127 
5	0.0: 850 750 712 60 16 297 669 533 
5	0.0: 905 787 251 60 24 290 705 579 
5	0.0: 921 743 482 54 11 305 687 855 
5	0.0: 898 742 852 57 12 304 889 628 
5	0.0: 884 745 345 65 19 283 609 743 
5	0.0: 892 735 376 60 20 297 673 973 
5	0.0: 861 794 635 58 12 259 299 885 
5	0.0: 875 777 590 57 2 281 672 954 
5	0.0: 891 819 495 59 7 228 627 1162 
5	0.0: 882 779 575 58 27 272 853 871 
5	0.0: 900 774 723 67 3 315 724 828 
5	0.0: 913 732 810 66 20 299 957 780 
5	0.0: 854 767 808 61 15 288 828 666 
5	0.0: 900 792 609 65 13 282 394 837 
5	0.0: 871 734 265 52 16 244 950 699 
5	0.0: 883 748 455 54 5 251 775 1212 
5	0.0: 861 790 695 55 12 331 960 611 
5	0.0: 868 787 642 61 26 308 672 954 
5	0.0: 856 754 554 59 16 278 720 931 
5	0.0: 927 770 612 56 16 260 1008 1083 
5	0.0: 895 755 424 56 6 287 532 551 
5	0.0: 863 739 603 68 17 311 501 1003 
5	0.0: 889 742 421 50 18 272 710 668 
5	0.0: 888 745 565 59 20 264 341 1006 
5	0.0: 904 785 842 69 30 251 522 990 
5	0.0: 872 745 563 59 11 279 892 547 
5	0.0: 883 790 469 59 27 278 561 801 
5	0.0: 901 826 539 55 20 276 977 925 
5	0.0: 880 781 338 62 3 302 806 580 
5	0.0: 845 804 754 59 41 259 972 863 
5	0.0: 907 743 674 58 11 312 730 864 
5	0.0: 861 751 719 58 10 219 584 845 
5	0.0: 931 753 421 65 16 271 673 757 
5	0.0: 893 768 204 53 19 329 703 655 
5	0.0: 872 739 593 58 12 316 532 754 
5	0.0: 911 759 406 55 13 238 716 797 
5	0.0: 887 778 448 62 29 241 690 703 
5	0.0: 919 835 259 56 8 251 687 662 
5	0.0: 884 789 505 70 14 337 623 662 
5	0.0: 883 701 367 68 25 284 425 928 
5	0.0: 845 768 727 68 10 225 821 511 
5	0.0: 890 723 660 58 10 303 654 718 
5	0.0: 919 769 634 54 2 306 429 501 
5	0.0: 861 798 486 60 18 317 585 1244 
5	0.0: 889 789 733 53 29 309 589 510 
5	0.0: 900 792 457 56 23 320 693 916 
5	0.0: 926 739 534 53 5 306 697 808 
5	0.0: 892 766 981 76 13 259 744 439 
5	0.0: 863 728 591 55 18 278 591 870 
5	0.0: 891 763 573 48 6 251 843 969 
5	0.0: 893 769 424 67 21 312 519 748 
5	0.0: 838 792 251 60 7 258 673 735 
5	0.0: 915 753 455 58 10 307 334 689 
5	0.0: 877 796 637 68 23 230 738 784 
5	0.0: 896 760 540 50 11 335 413 595 
5	0.0: 904 755 495 69 11 296 683 847 
5	0.0: 871 763 919 73 11 315 801 396 
5	0.0: 921 776 437 64 21 307 747 976 
5	0.0: 929 769 386 67 18 300 673 793 
5	0.0: 907 730 457 59 24 329 1030 934 
5	0.0: 878 771 671 59 7 254 822 909 
5	0.0: 898 778 392 51 19 282 893 646 
5	0.0: 897 776 394 66 15 268 791 994 
5	0.0: 930 769 280 59 12 223 594 565 
5	0.0: 880 778 543 66 12 364 795 1155 
5	0.0: 941 743 816 64 19 289 619 887 
5	0.0: 884 758 548 64 5 328 519 647 
5	0.0: 871 758 524 72 15 237 522 461 
5	0.0: 858 710 632 68 24 301 455 754 
5	0.0: 927 788 461 64 21 307 837 1112 
5	0.0: 926 777 733 58 13 337 948 815 
5	0.0: 889 771 566 62 15 299 844 759 
5	0.0: 870 778 593 50 9 238 882 929 
5	0.0: 899 746 416 67 16 283 882 779 
5	0.0: 913 760 631 59 6 319 677 751 
5	0.0: 929 703 395 58 19 264 881 781 
5	0.0: 905 754 542 61 19 328 829 917 
5	0.0: 911 783 623 57 22 264 815 1020 
5	0.0: 949 733 618 70 28 258 650 808 
5	0.0: 871 770 672 66 18 339 941 961 
5	0.0: 920 729 548 55 7 287 905 902 
5	0.0: 899 771 861 52 27 239 565 1180 
5	0.0: 813 763 395 66 12 284 328 1020 
5	0.0: 862 765 397 64 18 355 940 965 
5	0.0: 920 769 474 59 11 265 553 1032 
5	0.0: 882 809 829 64 32 346 688 828 
5	0.0: 873 743 673 59 17 329 404 764 
5	0.0: 929 764 426 60 23 294 768 871 
5	0.0: 886 709 417 59 16 294 623 748 
5	0.0: 905 765 622 55 20 277 661 804 
5	0.0: 915 747 411 53 29 301 418 551 
5	0.0: 883 811 581 60 20 303 523 1203 
5	0.0: 855 770 627 64 15 249 718 939 
5	0.0: 902 722 858 67 19 278 702 840 
5	0.0: 911 778 805 67 15 273 711 811 
5	0.0: 899 792 348 64 15 272 521 581 
5	0.0: 933 801 456 73 28 329 514 953 
5	0.0: 886 749 395 63 26 299 839 920 
5	0.0: 878 829 691 56 10 207 709 533 
5	0.0: 878 772 674 63 15 224 738 734 
5	0.0: 911 765 790 59 17 314 819 845 
5	0.0: 918 765 456 68 14 243 622 875 
5	0.0: 881 748 206 63 24 276 1000 775 
5	0.0: 894 810 331 63 13 228 557 815 
5	0.0: 900 780 328 70 17 308 630 1056 
5	0.0: 886 761 532 57 22 259 704 1273 
5	0.0: 899 790 330 65 18 373 840 349 
5	0.0: 845 743 386 59 14 364 735 863 
5	0.0: 853 749 498 68 11 295 628 546 
5	0.0: 870 838 254 57 14 266 576 1020 
5	0.0: 899 745 678 64 19 285 637 663 
5	0.0: 902 761 381 57 22 307 691 794 
5	0.0: 875 750 448 68 15 305 720 826 
5	0.0: 878 776 576 63 12 293 614 903 
5	0.0: 855 772 453 68 11 263 508 819 
5	0.0: 872 778 467 65 11 291 935 806 
5	0.0: 893 773 220 62 22 291 572 762 
5	0.0: 927 785 739 56 16 287 542 563 
5	0.0: 898 725 668 58 1 335 779 642 
5	0.0: 860 730 877 60 7 277 809 888 
5	0.0: 910 741 810 54 4 325 658 822 
5	0.0: 880 753 558 74 11 272 675 630 
5	0.0: 896 796 721 61 9 363 571 1076 
5	0.0: 890 780 788 59 14 233 809 673 
5	0.0: 866 756 369 74 14 310 933 1069 
5	0.0: 942 763 534 52 22 333 659 851 
5	0.0: 912 765 477 52 29 305 558 723 
5	0.0: 935 761 566 60 10 323 789 790 
5	0.0: 888 772 755 73 10 323 875 549 
5	0.0: 838 740 700 59 21 221 681 1054 
5	0.0: 867 766 397 74 19 297 660 598 
5	0.0: 879 762 259 61 14 280 776 831 
5	0.0: 881 788 407 73 10 283 577 765 
5	0.0: 894 706 528 73 15 283 433 559 
5	0.0: 864 751 379 64 18 331 613 1157 
5	0.0: 882 802 466 51 14 234 484 914 
5	0.0: 881 796 715 66 10 314 413 730 
5	0.0: 868 715 488 57 23 239 903 810 
5	0.0: 900 740 648 69 19 282 587 1024 
5	0.0: 914 820 401 63 18 290 876 955 
5	0.0: 888 791 752 65 17 290 623 445 
5	0.0: 915 741 584 51 25 269 602 599 
5	0.0: 911 748 570 52 7 272 788 851 
5	0.0: 878 765 539 60 9 284 633 730 
5	0.0: 891 797 527 55 12 271 977 1013 
5	0.0: 885 724 317 63 10 276 503 744 
5	0.0: 880 780 358 69 13 292 620 853 
5	0.0: 877 796 664 65 22 334 1032 693 
5	0.0: 872 746 952 63 26 277 881 940 
5	0.0: 901 755 505 71 25 275 818 946 
5	0.0: 889 802 551 61 27 289 581 650 
5	0.0: 933 760 345 59 27 314 675 824 
5	0.0: 858 766 439 59 20 297 876 717 
5	0.0: 885 794 642 64 26 322 785 827 
5	0.0: 875 708 593 67 13 301 1023 840 
5	0.0: 855 740 757 63 27 264 671 1052 
5	0.0: 883 776 491 54 19 203 372 649 
5	0.0: 867 737 283 72 21 297 586 1052 
5	0.0: 874 750 792 63 10 273 1054 1146 
5	0.0: 907 776 971 60 29 363 645 1091 
5	0.0: 877 746 689 60 3 236 786 933 
5	0.0: 864 755 796 60 17 285 591 993 
5	0.0: 843 771 393 66 10 282 557 859 
5	0.0: 899 761 649 65 23 320 933 646 
5	0.0: 899 751 604 68 7 278 944 740 
5	0.0: 910 752 593 60 4 308 935 770 
5	0.0: 924 802 868 63 7 283 652 1029 
5	0.0: 929 779 694 66 32 314 892 839 
5	0.0: 928 803 373 59 6 254 734 772 
5	0.0: 916 756 727 55 18 320 468 907 
5	0.0: 868 796 387 56 24 274 558 866 
5	0.0: 889 740 236 67 22 253 545 673 
5	0.0: 908 783 552 59 21 291 668 799 
5	0.0: 896 767 586 51 27 319 548 1086 
5	0.0: 913 726 509 64 21 326 808 1187 
5	0.0: 904 787 540 59 14 293 691 793 
5	0.0: 873 775 678 62 33 299 550 731 
5	0.0: 895 778 655 64 20 331 886 703 
5	0.0: 844 747 466 53 21 253 982 791 
5	0.0: 865 777 629 56 5 277 781 758 
5	0.0: 868 788 676 56 19 253 569 893 
5	0.0: 864 743 641 55 19 293 827 442 
5	0.0: 872 830 584 67 25 258 850 870 
5	0.0: 888 737 503 63 19 308 686 858 
5	0.0: 898 755 507 51 11 273 1 589 
5	0.0: 871 787 683 67 4 346 710 406 
5	0.0: 905 728 656 67 21 322 951 618 
5	0.0: 921 780 632 52 8 290 885 943 
5	0.0: 880 756 706 51 12 302 876 713 
5	0.0: 921 764 547 64 11 284 788 1091 
5	0.0: 940 736 640 53 16 284 904 1132 
5	0.0: 918 758 617 52 10 275 738 764 
5	0.0: 897 827 791 57 10 253 478 907 
5	0.0: 877 770 714 57 18 277 438 764 
5	0.0: 877 759 235 61 18 249 494 763 
5	0.0: 896 790 808 63 29 297 863 908 
5	0.0: 860 772 507 65 28 243 540 793 
5	0.0: 949 746 658 63 18 292 621 907 
5	0.0: 925 812 287 48 16 288 947 806 
5	0.0: 904 772 630 61 16 283 461 819 
5	0.0: 888 765 582 68 31 215 633 400 
5	0.0: 845 731 669 62 18 319 752 945 
5	0.0: 895 764 383 56 15 323 880 664 
5	0.0: 888 816 593 60 21 256 302 639 
5	0.0: 867 706 679 59 22 245 491 625 
5	0.0: 933 799 606 62 19 257 727 847 
5	0.0: 876 739 738 57 20 242 392 702 
5	0.0: 909 781 398 65 28 310 873 662 
5	0.0: 896 690 485 70 10 290 882 832 
5	0.0: 893 791 571 61 9 285 238 819 
5	0.0: 871 771 487 55 15 306 816 875 
5	0.0: 907 762 552 62 13 277 281 987 
5	0.0: 849 751 546 57 13 314 851 705 
5	0.0: 898 763 747 60 26 293 595 789 
5	0.0: 907 737 655 58 17 242 711 1061 
5	0.0: 907 793 448 57 15 292 843 768 
5	0.0: 916 790 610 61 8 260 715 888 
5	0.0: 870 792 470 58 10 252 524 819 
5	0.0: 862 741 886 54 22 266 592 841 
5	0.0: 909 747 482 68 21 305 508 601 
5	0.0: 923 769 625 66 18 279 887 1139 
5	0.0: 884 755 601 61 11 315 654 1176 
5	0.0: 872 802 348 65 15 258 714 508 
5	0.0: 876 727 738 59 20 280 348 954 
5	0.0: 889 790 450 61 20 270 856 953 
5	0.0: 889 779 654 64 14 234 543 863 
5	0.0: 892 726 655 58 24 279 801 1109 
5	0.0: 878 770 741 65 5 257 580 853 
5	0.0: 898 790 781 56 17 263 717 796 
5	0.0: 890 804 452 52 16 306 880 861 
5	0.0: 871 754 364 63 26 273 924 630 
5	0.0: 892 759 558 66 19 258 383 1031 
5	0.0: 924 749 444 70 12 238 392 1078 
5	0.0: 881 744 579 67 22 342 760 967 
5	0.0: 880 772 720 52 28 274 292 1106 
5	0.0: 878 792 369 55 18 323 739 853 
5	0.0: 887 743 496 59 9 266 858 918 
5	0.0: 885 770 837 60 5 292 798 811 
5	0.0: 857 739 680 65 16 291 782 719 
5	0.0: 877 809 878 54 23 275 677 596 
5	0.0: 903 740 580 68 15 278 588 922 
5	0.0: 902 764 655 64 21 283 579 626 
5	0.0: 881 753 751 62 13 346 522 741 
5	0.0: 877 741 480 64 7 285 450 742 
5	0.0: 881 733 499 59 19 282 671 1262 
5	0.0: 838 771 534 55 20 333 446 970 
5	0.0: 859 792 367 50 9 213 549 1012 
5	0.0: 911 785 472 61 23 367 638 885 
5	0.0: 860 748 419 50 19 324 912 794 
5	0.0: 920 761 294 60 15 286 656 940 
5	0.0: 894 791 520 46 26 302 801 837 
5	0.0: 883 787 444 51 23 240 659 755 
5	0.0: 910 695 778 73 14 283 494 754 
5	0.0: 921 790 682 68 20 294 717 1028 
5	0.0: 895 741 428 64 5 255 885 737 
5	0.0: 866 791 361 58 14 261 754 1154 
5	0.0: 881 747 539 64 19 263 701 597 
5	0.0: 876 765 469 55 14 270 635 1286 
5	0.0: 877 742 730 58 14 306 775 828 
5	0.0: 886 782 725 66 13 319 647 989 
5	0.0: 885 745 736 58 8 282 611 981 
