1	0.0: 1 7 720 772 604 1 194 736 
1	0.0: 292 479 661 651 754 75 207 729 
1	0.0: 1 487 648 814 610 191 212 723 
1	0.0: 1 325 565 863 692 42 199 741 
1	0.0: 76 320 608 781 874 170 200 740 
1	0.0: 1 290 503 748 608 1 198 735 
1	0.0: 1 216 587 810 625 1 193 733 
4	0.0: 373 205 673 799 753 1 203 736 
1	0.0: 142 281 514 737 841 324 195 732 
1	0.0: 227 277 476 766 790 119 203 740 
1	0.0: 51 239 668 777 852 1 202 732 
4	0.0: 360 354 560 774 689 80 208 737 
1	0.0: 1 338 655 734 597 1 196 731 
1	0.0: 31 324 573 753 726 73 199 734 
1	0.0: 171 322 560 771 656 198 191 735 
1	0.0: 1 319 620 800 623 49 190 737 
1	0.0: 1 434 594 804 627 39 196 729 
1	0.0: 201 141 540 839 667 218 208 731 
1	0.0: 144 171 654 688 622 51 213 739 
4	0.0: 376 436 618 719 557 179 196 728 
1	0.0: 142 323 594 643 614 1 199 737 
1	0.0: 1 484 526 726 767 121 203 731 
1	0.0: 1 351 717 783 544 25 203 739 
1	0.0: 192 603 583 840 588 113 201 737 
1	0.0: 147 213 592 806 614 110 200 729 
1	0.0: 54 429 689 753 484 1 201 732 
1	0.0: 71 319 494 895 729 290 199 728 
4	0.0: 211 223 512 641 715 60 208 727 
1	0.0: 1 182 627 671 825 1 197 723 
1	0.0: 1 343 670 779 734 1 200 732 
1	0.0: 1 190 552 800 682 47 203 727 
4	0.0: 599 466 594 797 687 1 209 733 
1	0.0: 1 415 423 793 904 158 213 736 
1	0.0: 80 63 508 747 812 118 205 728 
4	0.0: 304 317 550 844 692 1 195 737 
1	0.0: 107 168 583 679 624 241 195 731 
1	0.0: 18 293 614 640 574 39 199 728 
1	0.0: 78 494 498 853 768 1 201 734 
1	0.0: 145 159 526 784 749 1 198 730 
1	0.0: 194 211 522 752 645 121 192 740 
1	0.0: 195 265 606 806 708 4 203 731 
1	0.0: 11 145 619 798 668 1 203 733 
1	0.0: 1 516 584 731 744 122 199 735 
4	0.0: 219 162 632 841 799 1 202 732 
1	0.0: 127 141 668 781 690 1 203 729 
1	0.0: 58 323 391 664 656 1 202 726 
4	0.0: 265 309 529 742 697 1 196 731 
4	0.0: 278 288 593 738 496 1 205 740 
1	0.0: 1 508 595 825 693 322 192 737 
1	0.0: 103 268 498 877 684 1 198 732 
1	0.0: 298 505 615 807 664 1 190 726 
1	0.0: 81 578 580 693 887 104 199 728 
1	0.0: 106 568 583 713 623 175 196 741 
1	0.0: 1 335 533 663 715 219 195 734 
1	0.0: 99 216 586 821 668 1 196 736 
1	0.0: 157 535 576 752 735 123 204 737 
4	0.0: 262 268 672 627 513 1 198 735 
1	0.0: 129 456 481 790 693 13 203 735 
1	0.0: 72 408 788 759 638 266 203 732 
1	0.0: 1 241 640 765 839 1 193 743 
4	0.0: 468 325 646 695 954 1 203 736 
1	0.0: 116 292 587 801 694 1 195 733 
1	0.0: 1 572 587 773 641 257 199 734 
1	0.0: 66 220 582 760 599 218 195 729 
1	0.0: 1 160 685 854 554 1 193 733 
1	0.0: 1 694 732 845 601 179 201 731 
1	0.0: 185 490 577 729 638 249 205 743 
4	0.0: 362 227 587 752 686 1 213 737 
4	0.0: 628 104 664 716 667 1 195 734 
1	0.0: 1 408 625 810 737 149 208 741 
4	0.0: 107 47 505 779 726 1 198 734 
1	0.0: 57 521 689 731 717 64 201 739 
1	0.0: 127 1 560 747 517 181 191 734 
4	0.0: 145 124 599 738 518 1 198 729 
4	0.0: 248 317 566 770 775 1 195 735 
4	0.0: 407 420 500 814 762 1 201 740 
4	0.0: 203 206 620 806 516 1 192 738 
1	0.0: 42 284 499 798 584 1 197 724 
1	0.0: 181 425 540 803 713 100 201 734 
1	0.0: 238 327 553 742 731 219 200 734 
1	0.0: 103 461 510 782 767 7 202 732 
1	0.0: 1 359 736 859 705 1 197 730 
4	0.0: 197 184 591 718 651 22 199 730 
4	0.0: 253 450 559 762 597 1 194 728 
4	0.0: 325 330 509 864 620 73 198 735 
1	0.0: 91 173 556 895 609 254 204 729 
1	0.0: 1 553 673 848 875 174 210 734 
4	0.0: 391 494 628 735 545 1 209 736 
1	0.0: 128 251 618 844 821 311 198 734 
1	0.0: 1 104 510 793 775 1 199 730 
1	0.0: 108 309 541 899 617 220 205 741 
1	0.0: 198 323 578 607 522 183 198 737 
1	0.0: 1 196 541 720 737 1 201 733 
4	0.0: 387 257 592 821 764 26 197 733 
1	0.0: 35 344 409 785 684 100 192 732 
1	0.0: 1 179 652 741 864 1 201 740 
4	0.0: 251 35 616 695 645 197 198 733 
1	0.0: 1 133 483 781 716 192 204 737 
1	0.0: 1 1 378 880 657 1 210 739 
1	0.0: 1 27 633 856 798 283 193 740 
1	0.0: 242 348 603 728 768 134 201 732 
4	0.0: 364 208 637 804 430 1 199 736 
1	0.0: 1 391 676 714 722 127 203 738 
1	0.0: 86 278 599 815 469 53 195 732 
4	0.0: 255 214 458 807 713 1 195 731 
1	0.0: 326 511 489 795 667 135 195 739 
4	0.0: 234 356 461 847 551 1 213 739 
1	0.0: 1 586 603 800 559 1 208 738 
1	0.0: 136 206 561 832 540 132 202 740 
1	0.0: 87 354 619 827 701 117 197 736 
1	0.0: 343 430 596 869 489 219 202 731 
1	0.0: 39 469 633 798 720 9 208 728 
1	0.0: 1 358 532 710 872 23 203 732 
1	0.0: 1 289 483 797 504 17 203 735 
4	0.0: 440 302 592 778 586 9 201 725 
1	0.0: 1 257 608 871 907 1 198 735 
1	0.0: 1 707 531 742 781 1 199 738 
1	0.0: 1 161 602 647 584 1 207 735 
1	0.0: 69 251 672 673 855 228 202 731 
1	0.0: 226 507 612 739 842 186 209 737 
4	0.0: 190 79 596 709 521 1 205 729 
4	0.0: 259 312 605 761 598 1 201 724 
1	0.0: 62 432 586 772 650 496 196 727 
1	0.0: 1 546 554 757 680 1 189 742 
1	0.0: 43 180 379 771 735 110 198 738 
1	0.0: 1 206 549 762 627 1 202 738 
1	0.0: 235 316 566 768 705 89 198 732 
4	0.0: 222 117 474 775 693 59 200 730 
4	0.0: 379 22 577 784 568 36 192 738 
1	0.0: 74 453 546 684 710 124 203 738 
1	0.0: 1 420 587 929 772 207 206 734 
4	0.0: 195 125 450 692 712 1 205 735 
1	0.0: 117 380 608 711 788 1 194 727 
1	0.0: 137 443 461 805 819 1 211 731 
1	0.0: 53 256 757 848 673 1 205 736 
1	0.0: 102 293 504 870 620 129 189 732 
1	0.0: 188 546 592 762 666 1 196 733 
1	0.0: 1 439 648 772 935 1 200 734 
1	0.0: 137 270 569 791 809 1 191 733 
1	0.0: 1 224 709 643 632 14 199 738 
1	0.0: 76 298 587 653 615 1 208 735 
4	0.0: 383 258 591 800 800 74 194 735 
1	0.0: 89 130 628 750 555 195 200 738 
4	0.0: 394 86 584 689 620 62 194 741 
4	0.0: 444 569 522 752 577 208 207 737 
4	0.0: 293 277 627 688 660 1 193 739 
1	0.0: 1 440 582 736 706 144 202 733 
4	0.0: 336 40 498 758 725 1 205 728 
1	0.0: 44 395 744 797 498 248 208 735 
1	0.0: 1 294 509 606 717 173 195 739 
1	0.0: 1 417 639 775 536 33 202 733 
4	0.0: 399 182 519 842 596 16 200 737 
1	0.0: 107 370 569 778 649 87 202 733 
4	0.0: 273 278 534 701 559 116 202 737 
1	0.0: 190 223 569 686 707 287 190 732 
1	0.0: 1 272 486 863 631 1 205 733 
1	0.0: 46 553 546 697 875 52 198 741 
1	0.0: 1 273 418 772 440 128 203 727 
1	0.0: 312 200 575 697 616 277 200 738 
1	0.0: 1 534 543 799 870 37 200 733 
4	0.0: 184 1 781 795 760 1 196 722 
1	0.0: 21 452 606 826 538 192 197 737 
4	0.0: 175 104 513 778 684 1 202 729 
1	0.0: 1 354 634 766 584 1 204 733 
1	0.0: 125 262 446 708 659 1 195 728 
1	0.0: 20 247 586 666 621 50 207 735 
1	0.0: 143 447 545 802 647 1 198 732 
1	0.0: 101 269 536 725 726 1 202 724 
1	0.0: 1 278 550 808 749 124 197 731 
1	0.0: 22 181 545 840 838 431 198 744 
1	0.0: 1 391 635 675 907 1 188 738 
4	0.0: 265 172 642 664 616 1 213 738 
1	0.0: 29 288 470 759 797 238 196 735 
1	0.0: 20 412 519 834 557 1 203 732 
1	0.0: 1 1 576 797 876 411 201 735 
1	0.0: 330 562 637 767 751 1 201 733 
1	0.0: 194 462 662 730 776 114 196 732 
1	0.0: 65 449 469 715 749 203 207 731 
1	0.0: 194 177 617 861 845 226 204 741 
1	0.0: 188 341 591 821 808 259 205 734 
1	0.0: 1 293 585 591 800 23 201 733 
1	0.0: 42 395 689 696 621 124 210 732 
1	0.0: 73 264 591 646 772 1 201 730 
1	0.0: 249 484 601 761 734 1 204 734 
1	0.0: 1 633 672 821 609 112 202 722 
1	0.0: 1 427 558 868 718 1 208 733 
1	0.0: 130 576 465 823 574 1 192 733 
1	0.0: 65 210 541 752 734 197 200 734 
1	0.0: 1 321 586 820 785 77 192 734 
1	0.0: 168 390 636 740 613 121 201 730 
1	0.0: 90 229 518 773 715 1 195 739 
1	0.0: 47 324 596 805 753 300 199 727 
1	0.0: 65 563 526 762 928 68 202 730 
1	0.0: 1 225 567 808 799 1 199 729 
4	0.0: 450 398 547 751 648 1 199 734 
1	0.0: 14 420 577 776 718 141 199 729 
1	0.0: 102 417 627 774 876 37 199 730 
1	0.0: 101 299 595 782 644 37 203 735 
1	0.0: 20 548 672 821 662 81 203 733 
4	0.0: 351 222 515 748 869 21 206 733 
1	0.0: 1 450 545 812 800 221 201 735 
1	0.0: 149 371 574 793 708 1 197 729 
1	0.0: 226 241 493 798 696 136 198 730 
1	0.0: 1 407 485 760 843 1 202 728 
1	0.0: 101 369 659 862 715 173 205 736 
4	0.0: 496 356 586 793 691 1 202 734 
1	0.0: 58 104 510 629 872 1 201 736 
4	0.0: 340 203 636 809 501 41 201 743 
1	0.0: 1 381 567 709 651 1 207 736 
4	0.0: 415 322 564 723 675 182 194 728 
4	0.0: 252 153 486 733 681 1 205 724 
4	0.0: 442 382 610 832 737 1 195 730 
1	0.0: 15 332 524 792 544 163 200 740 
1	0.0: 1 188 680 783 739 1 193 730 
1	0.0: 1 201 660 825 651 1 201 733 
1	0.0: 88 664 499 724 757 83 203 734 
4	0.0: 419 324 638 779 781 1 203 733 
4	0.0: 426 192 499 772 620 38 193 729 
1	0.0: 214 412 653 826 667 1 203 732 
1	0.0: 80 347 522 735 520 158 203 738 
4	0.0: 382 663 714 698 616 1 202 724 
1	0.0: 1 270 590 691 679 65 198 733 
1	0.0: 1 73 627 760 841 140 197 745 
1	0.0: 28 703 609 770 597 153 197 737 
1	0.0: 177 170 570 937 634 483 201 737 
1	0.0: 1 299 666 810 871 3 194 737 
1	0.0: 1 323 573 786 617 52 205 735 
1	0.0: 15 219 604 798 548 1 205 730 
1	0.0: 1 548 610 688 624 84 199 727 
1	0.0: 115 367 603 928 692 1 199 739 
1	0.0: 122 95 647 658 853 86 211 735 
1	0.0: 174 357 771 744 575 1 198 740 
1	0.0: 266 290 641 704 686 126 200 730 
1	0.0: 237 252 592 702 687 83 199 737 
1	0.0: 295 351 718 859 666 247 206 732 
4	0.0: 331 195 523 673 894 1 199 736 
4	0.0: 290 402 531 620 674 1 204 741 
1	0.0: 140 123 507 877 539 114 200 734 
4	0.0: 205 144 587 766 671 1 206 723 
4	0.0: 352 239 549 843 699 1 199 737 
1	0.0: 140 572 573 908 588 31 206 739 
4	0.0: 192 269 661 742 522 1 202 737 
1	0.0: 196 380 480 763 651 292 203 745 
1	0.0: 42 262 479 748 536 1 201 728 
4	0.0: 232 316 573 822 621 14 204 726 
1	0.0: 1 550 647 702 789 42 194 736 
1	0.0: 43 481 596 874 828 1 201 739 
1	0.0: 139 169 593 809 877 1 198 733 
1	0.0: 59 484 611 652 563 500 197 727 
1	0.0: 57 1 505 764 648 20 203 730 
1	0.0: 1 161 563 832 790 40 209 736 
1	0.0: 75 364 582 707 559 1 208 732 
1	0.0: 1 198 576 734 702 50 200 731 
1	0.0: 1 281 630 835 794 305 194 734 
1	0.0: 162 214 621 893 749 1 196 735 
1	0.0: 1 496 621 721 630 28 204 738 
1	0.0: 120 526 533 695 674 198 203 735 
1	0.0: 89 137 517 790 635 60 182 740 
1	0.0: 142 1 574 872 795 90 194 730 
4	0.0: 102 25 580 722 536 2 190 735 
1	0.0: 41 189 488 764 720 171 200 737 
1	0.0: 1 239 575 597 574 101 203 728 
1	0.0: 121 345 583 704 743 1 209 736 
1	0.0: 231 521 509 711 768 82 204 729 
1	0.0: 416 544 434 798 639 308 207 729 
1	0.0: 1 355 548 782 688 34 199 740 
1	0.0: 1 313 609 867 855 370 204 731 
1	0.0: 1 418 511 748 605 1 196 730 
1	0.0: 1 324 601 731 725 87 196 732 
1	0.0: 99 149 671 835 626 250 211 729 
1	0.0: 1 285 508 822 618 136 203 730 
4	0.0: 267 122 706 847 723 16 201 726 
1	0.0: 1 315 563 608 818 195 201 729 
1	0.0: 1 377 581 920 480 97 198 738 
1	0.0: 1 447 592 706 418 1 201 735 
1	0.0: 87 464 472 694 700 1 194 734 
1	0.0: 22 250 612 663 693 1 200 731 
1	0.0: 238 403 497 810 909 1 205 724 
1	0.0: 207 372 617 798 797 197 199 731 
1	0.0: 28 251 606 623 800 1 204 744 
1	0.0: 71 353 560 806 614 1 203 733 
4	0.0: 141 1 589 751 611 1 206 722 
1	0.0: 305 302 585 794 673 151 203 732 
1	0.0: 322 243 529 755 626 217 201 731 
1	0.0: 1 300 703 705 699 413 197 738 
4	0.0: 278 89 501 943 705 1 204 730 
1	0.0: 1 166 640 839 628 1 195 735 
1	0.0: 1 298 548 701 645 260 193 738 
1	0.0: 138 296 619 860 1006 1 190 734 
1	0.0: 3 1 669 793 687 54 206 734 
4	0.0: 382 332 472 740 843 1 199 732 
1	0.0: 22 219 608 724 451 1 202 739 
1	0.0: 185 238 514 762 827 111 201 733 
1	0.0: 1 120 731 769 675 173 193 728 
1	0.0: 251 316 622 806 681 64 202 735 
1	0.0: 1 96 666 839 613 1 196 735 
1	0.0: 1 44 507 605 610 156 205 736 
1	0.0: 1 470 608 779 775 351 196 731 
1	0.0: 40 355 711 825 723 142 205 731 
4	0.0: 494 222 616 731 790 1 197 734 
1	0.0: 172 358 528 662 689 327 202 740 
1	0.0: 190 463 583 898 613 1 204 733 
1	0.0: 1 588 523 759 831 1 202 730 
4	0.0: 629 286 520 753 550 1 205 737 
1	0.0: 141 430 606 614 654 166 195 731 
1	0.0: 1 71 687 757 712 271 215 741 
4	0.0: 315 257 605 649 721 1 202 734 
4	0.0: 299 459 623 795 675 1 205 735 
1	0.0: 1 172 708 788 624 1 203 737 
1	0.0: 35 244 715 828 458 63 195 737 
4	0.0: 306 390 488 758 763 1 198 732 
1	0.0: 22 318 619 766 656 1 207 736 
4	0.0: 342 90 559 746 1054 1 209 729 
1	0.0: 1 692 654 694 795 297 206 735 
1	0.0: 157 140 632 741 845 95 199 730 
4	0.0: 355 315 628 779 646 112 200 732 
1	0.0: 98 280 688 743 658 143 198 733 
4	0.0: 259 340 624 690 810 1 204 729 
4	0.0: 384 243 463 803 852 1 206 732 
1	0.0: 1 331 407 893 739 220 206 729 
4	0.0: 267 367 610 840 657 1 193 733 
1	0.0: 94 516 645 752 603 65 208 739 
1	0.0: 320 133 585 745 807 325 200 740 
4	0.0: 376 428 542 717 617 88 197 727 
1	0.0: 1 361 570 772 669 87 202 730 
1	0.0: 211 323 658 819 648 1 202 736 
1	0.0: 249 588 542 825 703 73 194 738 
1	0.0: 1 52 579 777 623 34 203 737 
1	0.0: 291 481 721 764 662 126 199 740 
4	0.0: 331 435 537 762 751 43 203 739 
1	0.0: 162 426 612 785 629 18 193 725 
1	0.0: 126 423 539 745 704 1 202 728 
1	0.0: 31 303 629 751 773 1 202 736 
1	0.0: 86 364 522 837 667 56 194 739 
1	0.0: 1 350 519 732 653 1 201 744 
1	0.0: 292 298 661 830 759 156 198 730 
1	0.0: 82 137 585 847 685 273 201 737 
1	0.0: 1 349 587 834 662 1 205 731 
4	0.0: 242 284 528 753 647 82 201 729 
4	0.0: 268 410 644 796 654 1 203 727 
1	0.0: 67 458 632 752 483 399 195 726 
1	0.0: 1 524 713 847 682 1 196 731 
1	0.0: 1 544 532 584 791 1 207 733 
1	0.0: 134 300 661 999 584 150 206 731 
1	0.0: 48 369 426 708 758 168 206 733 
1	0.0: 1 1 592 773 831 1 199 732 
1	0.0: 1 336 537 765 823 146 200 736 
1	0.0: 250 237 625 692 983 262 201 731 
4	0.0: 391 497 504 871 695 1 207 733 
1	0.0: 1 133 516 826 580 1 203 735 
1	0.0: 1 156 556 715 532 1 200 725 
1	0.0: 1 146 545 752 735 105 197 729 
1	0.0: 1 475 507 583 726 105 195 733 
1	0.0: 81 419 688 805 836 36 194 731 
4	0.0: 222 1 502 720 767 78 199 729 
1	0.0: 1 399 648 835 787 157 195 736 
1	0.0: 162 212 622 822 606 123 205 734 
1	0.0: 186 172 617 792 774 1 203 734 
4	0.0: 534 116 437 741 583 1 196 734 
1	0.0: 320 352 533 696 819 345 195 731 
1	0.0: 336 405 679 822 840 222 198 731 
1	0.0: 28 306 592 814 637 1 200 726 
1	0.0: 1 458 736 884 632 50 211 734 
1	0.0: 165 449 593 917 478 58 199 737 
1	0.0: 111 361 580 758 913 15 190 737 
1	0.0: 136 223 819 740 672 1 189 731 
4	0.0: 234 252 551 743 760 37 202 742 
1	0.0: 1 523 593 755 582 1 202 732 
1	0.0: 243 316 545 760 713 53 192 735 
1	0.0: 1 282 531 726 515 1 204 733 
1	0.0: 154 196 536 779 791 230 203 727 
1	0.0: 146 214 681 826 588 14 204 739 
1	0.0: 141 380 670 813 568 116 194 739 
4	0.0: 220 201 551 748 664 1 203 735 
1	0.0: 115 288 593 859 813 1 208 734 
1	0.0: 81 137 568 781 676 1 211 732 
4	0.0: 320 274 593 818 621 1 194 732 
1	0.0: 1 234 637 773 667 106 202 735 
4	0.0: 282 222 562 822 587 21 208 734 
1	0.0: 179 322 688 742 706 329 185 727 
1	0.0: 212 230 621 754 709 148 204 739 
1	0.0: 42 84 651 742 549 1 206 736 
4	0.0: 463 612 549 780 895 1 206 732 
1	0.0: 1 748 552 742 820 1 193 742 
1	0.0: 55 53 667 767 556 166 210 729 
1	0.0: 64 407 601 840 773 1 188 735 
1	0.0: 24 430 474 805 658 111 203 726 
1	0.0: 1 339 467 665 608 169 189 731 
1	0.0: 39 414 616 808 742 283 202 730 
1	0.0: 25 4 527 726 824 1 198 734 
4	0.0: 255 254 579 787 611 3 200 733 
1	0.0: 119 378 670 767 646 1 217 728 
1	0.0: 15 286 718 876 722 1 191 733 
1	0.0: 173 403 555 783 713 1 188 728 
1	0.0: 1 156 583 752 832 1 205 737 
1	0.0: 363 355 686 862 751 167 206 734 
1	0.0: 23 173 599 817 644 158 196 734 
4	0.0: 181 196 675 647 609 1 196 740 
1	0.0: 147 326 508 770 662 1 194 737 
1	0.0: 1 225 439 729 759 23 203 737 
1	0.0: 1 537 634 724 623 1 202 738 
4	0.0: 282 203 605 974 686 1 211 741 
1	0.0: 1 339 451 772 792 57 197 734 
1	0.0: 126 296 620 794 809 117 207 734 
1	0.0: 1 506 572 794 744 1 206 734 
1	0.0: 1 1 486 838 655 1 199 724 
1	0.0: 35 512 495 873 850 1 200 726 
1	0.0: 1 296 705 735 443 1 196 731 
1	0.0: 138 307 710 768 531 1 200 739 
4	0.0: 245 238 535 763 682 9 207 731 
4	0.0: 217 361 488 736 689 1 195 734 
1	0.0: 214 333 477 689 682 462 201 733 
1	0.0: 102 392 640 645 651 68 187 735 
1	0.0: 100 330 602 754 775 1 204 729 
4	0.0: 298 450 563 775 694 1 200 735 
1	0.0: 54 335 671 673 801 13 198 731 
1	0.0: 178 374 724 767 584 1 210 728 
1	0.0: 309 348 586 738 655 220 210 737 
1	0.0: 1 393 545 725 783 127 200 738 
1	0.0: 1 365 573 757 736 1 201 723 
1	0.0: 273 141 518 815 810 139 200 741 
1	0.0: 24 469 478 711 694 1 204 731 
1	0.0: 165 312 625 779 568 1 200 741 
4	0.0: 313 220 636 900 677 1 197 734 
1	0.0: 1 263 523 858 901 124 203 727 
1	0.0: 117 282 543 835 718 1 196 736 
1	0.0: 1 453 538 871 792 39 201 741 
1	0.0: 193 664 490 830 539 6 208 732 
1	0.0: 22 202 588 632 562 132 196 736 
1	0.0: 112 393 755 785 714 175 213 736 
1	0.0: 227 383 454 723 620 91 207 734 
4	0.0: 228 232 443 659 762 29 204 730 
1	0.0: 167 322 608 752 601 16 205 736 
1	0.0: 131 243 599 788 725 1 189 736 
1	0.0: 1 380 468 792 623 77 200 734 
1	0.0: 83 508 500 829 628 87 211 738 
4	0.0: 275 467 558 714 696 1 206 728 
1	0.0: 135 484 387 714 608 1 200 737 
1	0.0: 1 67 596 822 760 1 187 737 
1	0.0: 276 242 567 736 598 164 192 734 
4	0.0: 412 342 490 864 720 1 207 736 
1	0.0: 1 267 676 778 902 45 192 732 
1	0.0: 93 266 581 859 672 1 198 740 
1	0.0: 359 356 532 899 836 131 190 736 
1	0.0: 1 703 635 719 849 1 187 728 
1	0.0: 72 350 650 857 639 157 196 720 
1	0.0: 156 314 437 827 631 1 189 731 
1	0.0: 56 223 608 867 727 216 201 736 
1	0.0: 1 613 642 800 968 2 202 727 
1	0.0: 1 279 606 674 708 1 210 735 
1	0.0: 163 251 522 802 636 195 196 737 
1	0.0: 359 351 490 856 602 291 202 732 
1	0.0: 116 463 522 762 689 426 186 742 
1	0.0: 1 373 649 651 720 110 211 741 
4	0.0: 509 529 484 684 824 1 203 731 
1	0.0: 1 482 623 782 609 160 205 741 
1	0.0: 234 369 594 731 724 1 199 737 
1	0.0: 1 470 617 791 586 31 197 728 
1	0.0: 40 330 629 803 714 73 202 731 
1	0.0: 196 204 645 804 794 150 199 734 
1	0.0: 33 361 700 712 707 44 192 730 
1	0.0: 237 321 544 740 767 140 210 732 
1	0.0: 140 481 510 786 628 1 196 735 
1	0.0: 83 499 531 708 787 151 199 744 
1	0.0: 305 394 627 724 752 78 196 735 
1	0.0: 1 244 541 712 828 1 204 731 
1	0.0: 80 166 490 846 737 64 204 730 
1	0.0: 149 180 493 873 780 83 203 725 
4	0.0: 348 299 586 657 721 1 206 735 
1	0.0: 200 329 528 830 777 336 209 727 
1	0.0: 1 70 664 714 623 146 206 738 
1	0.0: 35 361 542 893 637 81 193 735 
1	0.0: 200 357 569 729 766 47 200 742 
1	0.0: 95 433 546 848 759 1 200 739 
1	0.0: 104 163 629 768 910 28 192 738 
1	0.0: 1 370 481 826 732 361 199 734 
4	0.0: 567 368 593 797 460 64 200 741 
1	0.0: 70 91 549 707 750 304 200 733 
4	0.0: 362 355 480 738 514 10 204 733 
1	0.0: 262 192 679 801 695 417 198 735 
1	0.0: 1 179 628 902 659 384 200 733 
1	0.0: 104 46 684 810 616 177 201 727 
1	0.0: 193 408 563 777 553 1 209 731 
1	0.0: 130 194 643 706 626 1 191 732 
1	0.0: 1 187 495 828 675 1 198 732 
1	0.0: 1 409 672 722 608 269 209 736 
1	0.0: 127 268 580 778 713 1 199 742 
1	0.0: 1 163 560 874 710 157 191 737 
1	0.0: 1 342 663 607 645 317 192 733 
1	0.0: 54 358 613 716 752 1 197 732 
1	0.0: 139 521 626 844 693 105 204 728 
1	0.0: 1 292 697 743 672 1 191 730 
1	0.0: 261 305 634 660 602 260 200 733 
1	0.0: 77 231 569 737 513 1 195 735 
1	0.0: 67 395 602 743 688 189 199 736 
1	0.0: 26 226 530 771 832 88 196 739 
1	0.0: 127 356 680 787 777 1 202 736 
4	0.0: 342 305 530 845 628 114 193 735 
1	0.0: 51 334 653 816 732 107 200 739 
1	0.0: 133 255 724 873 646 34 189 733 
4	0.0: 255 407 557 859 614 1 209 736 
1	0.0: 195 500 647 779 625 1 199 735 
1	0.0: 1 345 621 701 765 1 203 732 
1	0.0: 136 247 561 875 523 1 194 733 
1	0.0: 1 74 578 797 708 1 206 734 
1	0.0: 16 235 706 737 754 1 195 746 
1	0.0: 278 329 713 839 608 166 210 737 
1	0.0: 1 303 507 838 761 1 203 733 
4	0.0: 295 359 545 705 799 1 202 739 
1	0.0: 1 47 470 789 634 1 203 731 
4	0.0: 325 281 488 651 692 1 205 732 
1	0.0: 22 740 654 772 753 112 210 725 
1	0.0: 1 375 575 667 741 1 210 730 
1	0.0: 110 426 683 732 694 1 201 738 
1	0.0: 177 409 467 763 812 1 204 729 
1	0.0: 182 71 633 772 687 228 204 736 
4	0.0: 406 284 546 714 541 41 207 735 
1	0.0: 123 210 589 833 658 92 200 737 
1	0.0: 22 286 534 785 588 365 194 727 
1	0.0: 1 137 560 668 796 93 197 737 
1	0.0: 110 281 647 749 791 106 195 730 
1	0.0: 1 29 613 946 644 1 201 725 
1	0.0: 255 539 598 797 630 1 210 737 
4	0.0: 354 113 680 765 859 1 194 735 
1	0.0: 208 366 617 857 641 99 194 730 
4	0.0: 533 204 524 845 631 1 199 732 
1	0.0: 1 253 470 717 855 1 201 730 
1	0.0: 1 445 557 837 642 1 203 739 
4	0.0: 351 298 581 673 619 1 205 737 
4	0.0: 216 201 486 884 507 1 190 738 
1	0.0: 13 370 543 791 641 1 199 733 
1	0.0: 1 305 635 764 850 139 202 741 
1	0.0: 61 552 557 800 423 105 190 735 
1	0.0: 1 303 636 753 778 113 207 734 
1	0.0: 419 247 684 816 732 302 200 735 
4	0.0: 257 189 494 781 623 1 209 734 
1	0.0: 59 366 540 915 821 143 202 731 
4	0.0: 395 297 627 780 621 63 204 736 
1	0.0: 1 430 578 895 854 215 209 731 
1	0.0: 200 297 544 833 692 1 208 734 
1	0.0: 78 565 573 785 611 1 198 737 
1	0.0: 1 351 734 857 701 187 198 738 
1	0.0: 163 306 570 716 690 420 202 731 
1	0.0: 13 475 579 802 711 1 194 734 
1	0.0: 1 368 605 729 714 143 199 734 
1	0.0: 152 178 552 808 757 306 199 734 
1	0.0: 18 389 535 735 575 177 212 736 
4	0.0: 259 363 563 877 700 1 198 734 
4	0.0: 466 356 536 739 501 1 200 735 
1	0.0: 8 141 631 726 881 1 199 739 
1	0.0: 11 436 529 797 692 247 208 726 
1	0.0: 1 43 550 726 664 1 213 735 
1	0.0: 175 297 588 761 689 1 193 729 
1	0.0: 392 404 578 804 564 233 196 736 
1	0.0: 1 390 546 771 810 1 199 730 
1	0.0: 277 373 502 813 610 247 203 728 
1	0.0: 74 181 587 681 753 226 198 736 
4	0.0: 283 268 502 822 810 1 203 736 
1	0.0: 85 340 574 867 516 390 200 727 
1	0.0: 1 259 598 826 640 1 201 739 
1	0.0: 40 434 653 708 818 1 202 731 
1	0.0: 1 1 592 726 603 232 200 736 
4	0.0: 474 396 621 716 771 176 197 730 
1	0.0: 9 286 641 786 775 1 196 734 
1	0.0: 63 206 448 726 627 1 195 732 
1	0.0: 359 414 605 742 567 264 203 725 
1	0.0: 1 231 641 744 663 136 200 725 
1	0.0: 1 242 457 764 635 1 186 737 
1	0.0: 107 214 629 814 727 217 203 737 
1	0.0: 128 249 624 732 518 212 193 730 
1	0.0: 253 370 639 950 691 46 200 736 
1	0.0: 141 544 542 709 622 1 200 739 
4	0.0: 268 468 562 787 684 1 203 737 
1	0.0: 207 452 597 692 873 92 201 737 
1	0.0: 185 270 580 744 725 163 201 729 
1	0.0: 115 479 524 804 657 225 193 743 
4	0.0: 309 437 604 761 822 1 203 740 
4	0.0: 517 439 523 758 717 1 201 730 
1	0.0: 257 352 654 843 692 1 205 735 
1	0.0: 100 247 512 719 680 1 199 733 
4	0.0: 206 110 606 767 665 80 203 737 
1	0.0: 1 436 664 766 791 87 196 732 
1	0.0: 1 38 557 817 827 1 208 735 
1	0.0: 1 347 621 725 651 1 196 735 
1	0.0: 80 277 539 792 599 203 200 732 
1	0.0: 257 189 638 790 650 301 188 739 
4	0.0: 282 179 549 699 708 1 201 729 
4	0.0: 424 322 637 700 584 1 195 733 
1	0.0: 26 464 596 839 584 1 199 734 
1	0.0: 1 183 598 888 705 1 196 737 
1	0.0: 1 39 592 734 708 32 195 720 
1	0.0: 1 367 566 725 756 131 210 733 
1	0.0: 103 300 564 671 704 171 206 738 
4	0.0: 238 432 566 773 433 26 200 728 
1	0.0: 1 583 713 778 699 1 200 736 
1	0.0: 1 250 538 872 849 1 199 725 
4	0.0: 495 442 550 619 694 1 200 727 
1	0.0: 1 415 496 736 586 133 205 735 
1	0.0: 1 700 647 697 745 1 202 734 
1	0.0: 79 242 668 752 591 69 196 734 
4	0.0: 404 56 557 719 606 1 205 733 
1	0.0: 1 509 575 796 584 24 190 728 
1	0.0: 1 489 613 782 843 101 203 730 
1	0.0: 1 223 411 824 565 60 203 740 
1	0.0: 204 1 631 700 694 202 196 729 
4	0.0: 361 420 531 735 622 13 197 737 
1	0.0: 25 418 527 754 715 272 195 736 
1	0.0: 74 374 517 821 886 24 195 724 
1	0.0: 1 331 625 742 429 58 198 732 
1	0.0: 203 219 641 711 738 46 203 732 
4	0.0: 337 246 564 717 650 1 199 735 
1	0.0: 169 422 563 746 633 249 202 726 
1	0.0: 45 624 624 686 734 94 200 735 
4	0.0: 290 175 676 875 745 1 206 742 
1	0.0: 100 109 469 808 527 98 207 736 
4	0.0: 182 1 653 885 658 1 204 726 
1	0.0: 92 506 648 707 606 1 203 731 
1	0.0: 52 382 606 634 661 1 215 740 
1	0.0: 1 225 678 620 868 1 202 736 
1	0.0: 1 139 614 580 610 188 203 738 
1	0.0: 312 335 556 919 552 245 194 738 
1	0.0: 94 252 574 835 791 1 204 734 
1	0.0: 1 38 596 710 725 124 215 738 
4	0.0: 581 193 631 692 371 61 201 724 
1	0.0: 1 314 568 709 622 1 195 728 
1	0.0: 1 402 609 809 738 1 205 733 
4	0.0: 189 238 577 729 631 1 205 739 
1	0.0: 99 472 511 704 689 172 204 737 
1	0.0: 1 547 572 731 716 1 203 729 
4	0.0: 482 394 785 762 794 1 198 733 
1	0.0: 292 307 620 874 740 212 196 734 
1	0.0: 1 546 486 700 783 1 197 742 
4	0.0: 277 380 681 723 652 1 199 735 
1	0.0: 55 384 487 763 674 461 204 732 
1	0.0: 1 273 651 885 672 1 204 729 
1	0.0: 1 296 693 740 742 1 196 735 
4	0.0: 252 239 640 854 511 1 209 725 
4	0.0: 177 157 627 708 534 50 203 732 
1	0.0: 130 308 619 764 693 122 197 729 
1	0.0: 1 342 537 773 643 1 207 733 
1	0.0: 1 447 666 823 717 95 198 744 
4	0.0: 311 284 717 717 681 1 194 734 
4	0.0: 567 362 622 728 538 1 202 739 
1	0.0: 1 231 576 742 565 170 205 738 
1	0.0: 72 267 639 689 690 65 200 740 
1	0.0: 267 311 493 712 586 170 199 730 
1	0.0: 312 37 585 896 963 128 201 728 
1	0.0: 103 272 638 707 689 216 202 732 
1	0.0: 160 295 499 813 829 203 205 736 
1	0.0: 138 441 583 746 737 1 188 735 
1	0.0: 121 363 596 786 703 1 199 740 
1	0.0: 1 301 641 833 689 138 195 732 
4	0.0: 402 291 557 794 736 1 208 727 
4	0.0: 453 162 576 895 699 61 209 733 
1	0.0: 1 600 588 890 669 69 211 739 
1	0.0: 129 540 627 896 743 151 204 732 
1	0.0: 73 597 511 821 721 1 206 737 
4	0.0: 258 114 579 802 645 6 201 739 
1	0.0: 78 229 563 854 641 30 195 733 
1	0.0: 1 170 601 800 682 99 197 738 
1	0.0: 227 307 598 730 856 1 197 736 
1	0.0: 173 290 600 722 674 1 200 735 
1	0.0: 1 308 509 830 801 1 210 730 
1	0.0: 226 284 582 631 807 227 209 733 
4	0.0: 324 361 525 739 560 1 200 731 
1	0.0: 362 483 745 810 770 244 213 736 
1	0.0: 161 119 690 700 718 52 204 739 
1	0.0: 166 224 599 793 623 38 204 728 
4	0.0: 303 534 584 697 661 1 196 726 
1	0.0: 1 368 528 915 861 19 205 734 
1	0.0: 40 315 631 705 718 128 197 728 
1	0.0: 188 239 623 717 711 230 193 737 
1	0.0: 252 487 508 773 804 294 200 727 
1	0.0: 69 423 498 708 584 1 196 734 
1	0.0: 84 1 501 823 519 72 202 732 
1	0.0: 1 53 636 664 986 1 193 725 
1	0.0: 369 406 631 800 530 184 195 739 
1	0.0: 115 149 578 781 825 1 208 733 
1	0.0: 108 276 501 830 560 71 206 730 
1	0.0: 72 353 484 681 633 307 203 735 
4	0.0: 308 289 505 753 566 97 205 732 
1	0.0: 1 187 561 715 755 215 199 729 
1	0.0: 1 477 614 735 696 111 200 733 
1	0.0: 23 320 634 808 613 146 202 731 
1	0.0: 1 221 577 766 588 164 201 729 
4	0.0: 325 273 470 781 611 104 196 734 
1	0.0: 1 171 599 821 687 1 199 735 
1	0.0: 81 534 526 815 700 239 199 727 
1	0.0: 377 535 693 659 767 132 206 726 
1	0.0: 208 384 595 750 744 170 202 732 
1	0.0: 105 459 527 678 707 1 199 730 
1	0.0: 269 431 731 690 738 59 201 731 
1	0.0: 211 421 514 776 510 299 198 731 
1	0.0: 3 294 598 773 690 1 208 733 
4	0.0: 402 646 612 832 620 11 207 740 
1	0.0: 1 698 517 704 632 67 208 729 
1	0.0: 299 501 666 892 640 34 211 740 
1	0.0: 1 211 629 776 675 13 209 724 
1	0.0: 30 381 635 769 551 1 207 736 
1	0.0: 70 329 567 836 807 1 199 725 
1	0.0: 104 208 606 860 780 88 181 736 
1	0.0: 263 88 724 946 642 202 196 731 
1	0.0: 1 270 575 672 598 1 190 729 
1	0.0: 1 377 632 729 643 96 208 737 
1	0.0: 1 497 590 786 657 1 195 726 
1	0.0: 177 411 682 852 607 91 203 741 
1	0.0: 110 577 616 862 863 65 208 739 
1	0.0: 1 113 673 733 752 1 205 727 
4	0.0: 136 105 481 829 668 1 198 724 
4	0.0: 313 239 421 782 694 1 207 731 
1	0.0: 1 110 664 794 880 124 204 732 
4	0.0: 295 122 577 782 693 128 203 733 
1	0.0: 86 307 561 725 536 1 199 732 
1	0.0: 29 218 652 770 828 1 194 735 
1	0.0: 1 765 685 915 827 83 196 734 
1	0.0: 96 422 573 827 898 1 210 733 
1	0.0: 1 104 604 895 636 14 194 734 
1	0.0: 37 502 595 831 760 167 186 731 
4	0.0: 327 184 672 788 1001 1 196 735 
1	0.0: 239 340 581 896 685 254 205 734 
4	0.0: 206 316 538 699 749 1 193 731 
4	0.0: 416 212 574 866 756 43 192 739 
1	0.0: 115 541 480 677 559 197 198 731 
4	0.0: 298 299 537 652 701 1 202 730 
1	0.0: 78 245 583 749 879 1 206 742 
1	0.0: 5 371 478 730 768 13 189 734 
1	0.0: 10 431 569 718 641 4 194 742 
4	0.0: 404 331 550 863 791 174 197 725 
1	0.0: 1 326 526 825 630 92 196 738 
1	0.0: 1 294 584 841 698 77 187 739 
1	0.0: 1 253 773 627 678 1 199 745 
1	0.0: 244 609 666 840 600 157 201 732 
1	0.0: 1 84 461 820 859 107 200 731 
1	0.0: 138 322 556 768 707 82 202 737 
1	0.0: 1 300 638 779 816 57 200 733 
1	0.0: 26 215 613 742 635 173 196 733 
1	0.0: 62 466 601 796 842 1 199 736 
1	0.0: 1 424 555 867 671 1 192 735 
1	0.0: 1 214 543 855 632 11 200 738 
1	0.0: 149 248 610 935 703 45 211 739 
1	0.0: 162 17 605 864 654 251 203 726 
4	0.0: 90 1 517 783 711 1 200 730 
1	0.0: 83 111 574 727 600 76 209 731 
1	0.0: 1 274 653 780 630 1 195 730 
4	0.0: 287 442 648 767 579 43 202 733 
1	0.0: 1 556 585 740 809 54 207 733 
1	0.0: 68 347 551 745 609 223 205 732 
1	0.0: 195 595 779 764 636 20 196 729 
1	0.0: 33 344 634 743 678 82 194 737 
1	0.0: 95 100 466 891 724 1 202 731 
1	0.0: 345 274 545 846 663 254 202 740 
4	0.0: 423 172 700 793 750 106 213 743 
1	0.0: 1 250 574 799 673 97 203 731 
1	0.0: 201 452 508 584 572 107 199 731 
1	0.0: 1 168 606 821 797 1 205 739 
1	0.0: 50 224 703 776 804 1 194 732 
4	0.0: 416 188 609 724 495 27 199 733 
1	0.0: 2 419 639 811 760 238 195 738 
1	0.0: 133 541 496 676 689 13 210 736 
1	0.0: 208 645 543 723 790 1 205 733 
4	0.0: 247 153 563 777 730 1 206 730 
1	0.0: 353 557 627 757 847 422 195 736 
1	0.0: 1 336 677 940 700 1 197 736 
1	0.0: 233 389 593 713 587 87 199 735 
1	0.0: 1 239 550 755 698 1 193 733 
1	0.0: 61 413 639 689 559 345 199 731 
1	0.0: 1 396 632 758 747 99 198 734 
4	0.0: 164 1 548 685 599 1 205 730 
1	0.0: 1 373 617 692 782 1 208 729 
1	0.0: 37 198 626 764 619 1 187 733 
1	0.0: 1 141 571 817 770 196 194 723 
1	0.0: 1 471 596 880 727 1 208 732 
1	0.0: 72 284 565 688 930 214 204 729 
1	0.0: 148 115 622 661 804 1 205 741 
1	0.0: 1 340 551 806 577 94 195 744 
1	0.0: 157 303 745 660 865 1 205 737 
4	0.0: 524 390 528 822 636 1 205 733 
1	0.0: 1 123 604 821 592 1 201 737 
1	0.0: 1 553 391 853 585 1 209 741 
1	0.0: 100 553 577 775 759 1 199 732 
4	0.0: 435 302 653 749 607 1 197 733 
1	0.0: 132 105 652 889 736 1 192 730 
1	0.0: 1 618 598 893 752 1 201 734 
1	0.0: 73 490 601 737 813 131 197 731 
4	0.0: 383 315 648 754 787 1 208 731 
1	0.0: 119 449 639 831 867 282 201 736 
1	0.0: 1 504 521 723 804 103 193 737 
1	0.0: 39 293 637 835 502 1 196 734 
1	0.0: 1 89 656 741 701 123 201 728 
1	0.0: 61 444 679 777 771 1 206 742 
1	0.0: 1 258 552 823 749 1 193 739 
1	0.0: 29 230 639 826 695 86 207 739 
1	0.0: 1 393 426 717 575 92 203 730 
1	0.0: 1 176 582 799 580 1 202 739 
1	0.0: 1 1 593 901 713 1 202 731 
1	0.0: 69 387 475 843 646 1 204 738 
1	0.0: 1 656 591 851 618 1 210 734 
1	0.0: 1 181 666 729 601 349 199 731 
4	0.0: 219 164 572 787 788 3 199 729 
1	0.0: 145 178 578 857 725 53 203 737 
1	0.0: 99 263 627 852 583 1 195 734 
1	0.0: 29 242 606 874 739 1 197 730 
4	0.0: 234 239 697 666 557 1 195 737 
1	0.0: 7 308 616 863 569 1 193 729 
1	0.0: 86 550 602 730 656 334 200 738 
1	0.0: 1 134 478 731 548 38 201 731 
1	0.0: 100 255 417 924 809 60 204 729 
1	0.0: 1 332 651 772 516 207 201 732 
1	0.0: 68 403 548 746 641 199 203 738 
4	0.0: 221 137 430 803 687 1 200 729 
1	0.0: 55 556 602 784 692 500 202 740 
1	0.0: 146 439 492 790 647 417 199 727 
1	0.0: 1 109 631 756 769 1 198 739 
4	0.0: 404 440 677 680 752 1 207 728 
1	0.0: 133 385 603 744 787 1 196 729 
1	0.0: 1 452 660 830 745 243 194 731 
1	0.0: 164 492 561 684 759 1 196 739 
1	0.0: 72 286 440 692 895 1 207 732 
1	0.0: 100 157 649 778 621 431 205 732 
1	0.0: 1 429 611 768 691 127 204 732 
1	0.0: 208 415 628 722 559 51 195 731 
1	0.0: 1 299 518 819 733 5 200 735 
1	0.0: 62 427 550 789 583 217 201 733 
1	0.0: 110 279 546 688 697 1 204 740 
1	0.0: 10 369 585 722 666 1 198 734 
1	0.0: 223 76 605 749 722 114 202 727 
4	0.0: 262 101 519 808 610 1 198 733 
1	0.0: 1 324 570 772 752 116 199 734 
1	0.0: 1 450 545 779 743 1 203 735 
1	0.0: 1 394 532 805 656 108 200 731 
1	0.0: 1 333 703 743 726 143 202 732 
1	0.0: 107 346 766 770 660 1 208 733 
1	0.0: 124 302 547 764 819 358 197 739 
4	0.0: 307 70 495 726 641 1 196 724 
1	0.0: 1 392 457 926 804 35 209 735 
4	0.0: 451 188 595 834 834 14 196 731 
1	0.0: 112 493 498 730 845 1 195 733 
1	0.0: 1 423 687 766 729 1 204 734 
1	0.0: 30 434 604 663 812 1 201 728 
1	0.0: 206 440 524 766 767 1 199 730 
4	0.0: 421 1 629 845 544 1 191 738 
4	0.0: 364 284 707 770 697 20 199 736 
1	0.0: 144 99 608 673 811 283 199 728 
1	0.0: 1 288 602 677 752 50 200 732 
1	0.0: 1 443 511 691 790 1 200 736 
1	0.0: 1 403 600 786 874 177 202 733 
1	0.0: 1 268 719 847 540 131 194 733 
1	0.0: 1 230 590 714 547 1 205 732 
1	0.0: 1 448 622 761 797 213 200 729 
1	0.0: 55 422 487 838 661 104 184 737 
4	0.0: 210 194 569 761 610 62 206 727 
1	0.0: 227 584 649 812 698 303 200 733 
1	0.0: 1 199 653 868 738 249 204 737 
1	0.0: 265 620 568 752 619 26 203 732 
1	0.0: 1 257 556 889 900 1 206 743 
1	0.0: 1 427 585 832 765 1 204 740 
1	0.0: 67 486 414 761 616 169 202 733 
1	0.0: 269 197 569 760 591 295 199 737 
1	0.0: 1 2 493 660 693 5 202 739 
1	0.0: 1 426 606 763 583 84 208 736 
1	0.0: 1 148 490 783 785 131 199 725 
1	0.0: 34 247 491 687 633 372 196 725 
1	0.0: 149 64 552 874 562 110 203 728 
1	0.0: 1 665 560 721 653 1 197 729 
1	0.0: 1 424 617 800 757 1 203 731 
1	0.0: 71 207 679 728 433 61 204 736 
1	0.0: 151 245 614 666 700 333 200 736 
4	0.0: 268 294 580 745 720 1 202 731 
1	0.0: 166 605 566 816 498 58 205 739 
4	0.0: 338 497 553 817 826 17 202 735 
1	0.0: 1 233 609 719 797 1 206 746 
1	0.0: 154 467 541 820 570 59 210 730 
1	0.0: 1 607 660 741 771 1 198 736 
4	0.0: 474 529 661 832 688 35 205 732 
1	0.0: 1 114 622 851 573 183 196 736 
1	0.0: 1 449 580 746 616 1 211 739 
1	0.0: 1 397 600 886 658 140 204 736 
1	0.0: 21 382 697 733 685 144 210 739 
4	0.0: 327 286 490 722 779 65 193 735 
1	0.0: 14 611 679 801 677 301 202 732 
1	0.0: 1 237 515 726 846 1 204 743 
4	0.0: 410 533 584 653 569 1 206 733 
4	0.0: 253 130 566 818 761 67 198 737 
1	0.0: 210 701 585 704 676 139 200 731 
4	0.0: 268 86 695 704 744 98 205 728 
1	0.0: 1 366 581 714 890 169 194 739 
1	0.0: 94 378 619 680 737 306 209 729 
4	0.0: 350 407 665 739 744 64 193 726 
1	0.0: 1 305 499 870 894 296 198 733 
1	0.0: 1 408 554 756 704 1 205 733 
1	0.0: 1 222 531 775 806 1 206 738 
1	0.0: 1 488 549 808 680 12 202 726 
1	0.0: 82 347 504 822 862 1 198 736 
1	0.0: 31 415 562 841 678 154 205 735 
1	0.0: 1 127 647 745 654 1 196 729 
4	0.0: 493 508 453 700 651 1 205 732 
1	0.0: 114 291 589 786 756 127 196 730 
1	0.0: 1 278 500 627 608 37 198 738 
1	0.0: 1 141 459 757 606 1 202 731 
1	0.0: 1 206 684 794 867 117 200 733 
1	0.0: 1 381 508 698 669 77 202 732 
1	0.0: 1 352 503 725 817 1 205 735 
4	0.0: 187 106 541 730 827 1 199 734 
4	0.0: 478 471 701 779 681 69 199 737 
1	0.0: 138 206 564 830 628 258 194 741 
1	0.0: 1 319 521 828 749 1 193 734 
1	0.0: 1 357 527 740 703 1 190 733 
1	0.0: 1 259 610 672 636 1 206 737 
1	0.0: 129 409 523 761 722 47 197 732 
1	0.0: 13 300 490 709 643 58 204 740 
1	0.0: 221 199 560 776 730 210 193 730 
1	0.0: 42 190 624 764 542 1 204 729 
1	0.0: 189 587 544 856 750 1 207 739 
1	0.0: 1 180 525 809 644 217 196 735 
1	0.0: 1 385 615 849 788 125 201 738 
1	0.0: 1 156 604 777 813 1 203 743 
1	0.0: 1 65 703 789 644 193 205 738 
1	0.0: 191 496 635 787 743 39 199 738 
4	0.0: 366 310 703 706 532 1 200 733 
1	0.0: 1 325 515 929 904 13 209 735 
1	0.0: 111 449 569 635 745 159 202 733 
1	0.0: 1 359 678 768 637 218 195 740 
1	0.0: 1 410 550 844 671 181 210 737 
1	0.0: 209 401 648 883 681 1 193 731 
1	0.0: 232 496 532 820 619 58 194 735 
1	0.0: 1 564 688 869 788 20 198 727 
1	0.0: 1 194 555 690 638 1 207 728 
1	0.0: 1 180 654 796 771 219 193 731 
1	0.0: 289 379 699 686 708 428 208 740 
1	0.0: 149 261 632 731 703 161 203 736 
1	0.0: 1 257 550 827 642 69 210 734 
1	0.0: 30 452 590 918 797 144 199 729 
1	0.0: 25 190 694 754 679 1 205 740 
1	0.0: 120 554 584 961 627 195 197 729 
1	0.0: 106 352 561 589 754 128 197 732 
1	0.0: 496 201 561 886 840 343 209 731 
1	0.0: 1 330 658 847 571 18 201 735 
1	0.0: 224 331 497 902 692 186 209 732 
1	0.0: 69 1 443 795 682 122 210 721 
1	0.0: 188 301 627 784 594 315 192 743 
4	0.0: 430 404 518 784 741 1 208 730 
4	0.0: 215 73 478 742 672 22 203 727 
4	0.0: 534 178 542 735 707 128 207 736 
1	0.0: 188 365 627 742 853 222 206 742 
1	0.0: 1 74 573 726 770 1 201 744 
4	0.0: 143 123 549 782 724 1 190 743 
1	0.0: 1 1 531 742 777 148 201 729 
1	0.0: 11 272 685 787 685 178 200 730 
1	0.0: 64 293 593 703 648 57 204 735 
4	0.0: 383 1 476 779 618 1 208 731 
1	0.0: 1 419 671 708 539 1 201 729 
1	0.0: 166 269 564 694 738 1 200 738 
1	0.0: 1 201 557 718 789 166 190 738 
1	0.0: 50 155 602 761 819 1 198 730 
1	0.0: 250 281 593 767 780 84 198 730 
1	0.0: 84 324 620 689 580 1 203 737 
1	0.0: 12 538 492 798 689 23 197 737 
1	0.0: 1 252 465 743 706 1 199 740 
1	0.0: 233 304 591 834 749 1 210 731 
1	0.0: 145 156 536 860 570 214 207 729 
1	0.0: 1 111 607 697 723 1 212 734 
1	0.0: 1 348 705 687 750 40 196 737 
1	0.0: 218 358 610 697 823 61 207 735 
1	0.0: 1 219 645 827 694 1 201 741 
1	0.0: 169 429 688 756 916 1 203 730 
1	0.0: 85 416 500 816 584 1 209 736 
1	0.0: 99 477 600 683 803 1 202 732 
1	0.0: 1 215 565 795 603 108 202 736 
1	0.0: 159 156 623 850 736 284 197 733 
4	0.0: 298 514 521 768 532 86 203 730 
1	0.0: 33 263 542 815 821 148 196 739 
4	0.0: 352 374 538 828 760 1 210 732 
1	0.0: 31 404 683 792 650 1 205 732 
1	0.0: 198 308 576 631 768 116 199 736 
1	0.0: 145 216 552 806 673 70 203 730 
1	0.0: 142 133 666 728 677 125 194 736 
1	0.0: 30 142 511 648 778 91 206 729 
1	0.0: 1 526 537 786 689 1 208 734 
1	0.0: 93 314 584 831 569 1 209 737 
1	0.0: 181 157 715 842 664 55 193 736 
1	0.0: 1 288 501 748 707 43 198 734 
4	0.0: 355 307 460 821 689 1 207 735 
1	0.0: 206 145 489 740 694 286 193 726 
4	0.0: 162 158 514 703 849 1 203 729 
1	0.0: 1 296 598 836 658 84 199 725 
4	0.0: 167 205 580 812 593 1 202 744 
1	0.0: 108 171 635 776 624 1 194 733 
1	0.0: 1 345 613 739 622 1 199 740 
1	0.0: 274 281 684 874 743 91 205 744 
1	0.0: 1 414 574 787 813 1 212 728 
4	0.0: 406 404 517 679 646 1 183 726 
1	0.0: 33 86 621 849 846 232 196 729 
1	0.0: 4 348 604 632 903 1 196 741 
1	0.0: 43 382 658 789 769 81 199 737 
1	0.0: 321 558 558 810 616 103 211 736 
1	0.0: 160 298 675 722 866 274 195 733 
1	0.0: 109 473 572 796 812 33 198 743 
1	0.0: 2 383 634 684 827 1 197 732 
4	0.0: 197 63 654 686 777 1 197 734 
1	0.0: 103 302 526 694 600 1 191 737 
