4	0.0: 161 231 26 569 390 53 678 1010 
6	0.0: 160 85 20 459 241 1 812 982 
6	0.0: 119 198 22 424 189 1 722 986 
4	0.0: 81 132 1 543 234 77 666 1061 
6	0.0: 196 102 15 563 336 52 909 986 
6	0.0: 128 266 15 300 246 340 672 1027 
6	0.0: 154 131 19 272 261 376 607 932 
4	0.0: 193 39 7 452 187 1 498 898 
4	0.0: 184 183 16 567 312 239 351 970 
4	0.0: 100 171 21 780 468 1 571 970 
6	0.0: 163 146 14 311 249 348 844 932 
6	0.0: 211 207 8 412 170 1 569 980 
4	0.0: 208 1 14 534 393 1 550 950 
6	0.0: 173 134 8 291 283 1 849 968 
4	0.0: 75 163 6 359 222 178 476 940 
4	0.0: 107 54 11 528 340 1 700 951 
4	0.0: 103 89 10 269 253 1 435 918 
6	0.0: 143 51 15 412 294 199 708 929 
6	0.0: 88 113 6 444 259 34 754 942 
6	0.0: 80 184 1 124 250 38 630 1014 
6	0.0: 170 263 17 291 295 49 565 908 
6	0.0: 69 110 17 183 127 1 634 969 
6	0.0: 264 142 25 386 243 1 608 1016 
6	0.0: 99 97 17 264 98 62 880 900 
4	0.0: 142 136 26 321 362 128 457 973 
4	0.0: 82 35 25 642 270 167 434 1000 
6	0.0: 174 260 14 64 147 263 909 1015 
6	0.0: 100 81 19 329 160 278 745 937 
6	0.0: 266 244 18 645 322 1 822 968 
6	0.0: 119 34 8 468 255 1 927 953 
4	0.0: 204 118 17 824 246 1 335 992 
6	0.0: 9 217 12 189 269 235 554 892 
6	0.0: 186 137 12 71 325 22 810 925 
6	0.0: 78 91 34 296 315 196 694 979 
6	0.0: 250 120 11 419 261 206 630 985 
4	0.0: 145 145 12 281 325 1 388 943 
6	0.0: 22 66 22 247 257 96 652 940 
6	0.0: 13 174 13 331 383 29 757 975 
6	0.0: 209 153 26 194 346 1 688 990 
4	0.0: 36 175 12 275 271 1 491 936 
6	0.0: 104 47 22 297 296 1 610 1030 
6	0.0: 93 191 16 312 108 396 582 946 
4	0.0: 49 240 17 515 352 95 480 958 
4	0.0: 160 102 8 667 273 74 358 950 
6	0.0: 189 100 3 458 299 1 730 973 
4	0.0: 177 144 11 467 331 141 611 1004 
6	0.0: 147 209 1 258 173 1 822 991 
6	0.0: 1 177 23 95 251 76 481 909 
4	0.0: 220 168 24 666 133 1 717 959 
6	0.0: 214 206 22 275 265 204 821 951 
6	0.0: 269 127 15 556 335 65 762 1000 
6	0.0: 34 125 19 242 165 102 919 878 
6	0.0: 150 132 13 316 363 1 702 948 
6	0.0: 102 1 9 510 258 143 883 1095 
6	0.0: 168 120 17 439 179 152 880 969 
6	0.0: 16 83 7 475 222 245 927 896 
6	0.0: 43 219 20 334 247 1 701 960 
4	0.0: 1 251 17 411 359 1 514 974 
4	0.0: 162 305 4 483 337 1 423 992 
6	0.0: 109 99 24 464 250 1 814 964 
4	0.0: 147 1 21 505 306 1 679 1035 
4	0.0: 60 154 1 585 116 467 600 994 
6	0.0: 17 77 21 298 271 146 651 979 
4	0.0: 290 73 12 609 105 1 488 970 
4	0.0: 188 141 28 565 340 150 668 951 
4	0.0: 215 73 9 380 232 1 461 1022 
4	0.0: 95 108 17 774 239 143 397 985 
4	0.0: 165 235 16 606 345 367 584 980 
4	0.0: 1 46 21 428 216 1 619 948 
4	0.0: 82 90 8 339 232 184 404 983 
4	0.0: 16 222 19 527 333 1 666 965 
6	0.0: 148 234 12 414 212 1 553 919 
6	0.0: 261 184 15 571 220 1 804 1009 
6	0.0: 139 151 28 460 200 1 942 919 
6	0.0: 281 25 2 369 220 1 597 960 
4	0.0: 111 113 10 371 311 1 575 988 
4	0.0: 113 148 10 306 254 66 474 962 
4	0.0: 60 151 16 405 86 1 283 1001 
6	0.0: 62 95 12 264 275 1 568 956 
6	0.0: 62 186 32 385 194 198 624 979 
6	0.0: 204 115 24 149 305 80 464 968 
4	0.0: 70 129 14 631 141 418 593 984 
4	0.0: 77 1 26 489 382 8 515 940 
6	0.0: 208 242 18 525 229 1 872 1003 
6	0.0: 218 117 21 276 324 367 659 968 
6	0.0: 184 119 7 286 399 191 918 1000 
6	0.0: 56 83 24 194 93 128 834 932 
6	0.0: 159 21 19 398 75 125 920 1004 
4	0.0: 108 147 24 438 285 1 643 948 
4	0.0: 68 204 29 666 312 200 626 981 
6	0.0: 1 187 9 491 222 1 987 952 
6	0.0: 208 43 23 444 230 188 712 904 
6	0.0: 90 122 24 447 208 1 689 912 
4	0.0: 237 106 20 562 171 1 688 949 
6	0.0: 187 175 11 348 262 370 532 955 
4	0.0: 37 209 11 606 217 1 751 997 
4	0.0: 46 83 16 589 163 161 565 982 
4	0.0: 66 7 23 614 322 151 749 1016 
4	0.0: 84 59 21 470 215 181 582 915 
4	0.0: 127 88 11 364 246 121 531 1002 
6	0.0: 183 21 16 437 286 1 811 974 
6	0.0: 158 147 20 432 271 181 735 1030 
6	0.0: 116 106 15 269 319 203 606 1044 
4	0.0: 85 148 10 327 291 1 213 945 
6	0.0: 150 119 15 390 246 4 669 950 
6	0.0: 128 96 19 73 241 1 634 979 
4	0.0: 113 108 18 703 317 1 857 958 
6	0.0: 157 130 21 31 285 18 711 1028 
4	0.0: 64 115 12 281 317 1 412 997 
6	0.0: 117 140 8 340 345 1 660 998 
6	0.0: 212 21 17 268 354 150 594 978 
4	0.0: 90 116 12 291 187 1 212 995 
6	0.0: 81 41 10 393 252 1 695 990 
4	0.0: 202 116 28 494 179 38 524 968 
6	0.0: 161 125 25 284 267 96 876 946 
4	0.0: 113 133 24 471 302 62 675 927 
4	0.0: 242 72 22 662 180 68 408 878 
4	0.0: 249 108 17 572 273 122 607 970 
6	0.0: 1 186 22 257 388 1 924 1010 
6	0.0: 149 35 21 458 241 196 774 1016 
4	0.0: 1 187 15 543 248 154 561 982 
4	0.0: 105 141 11 552 125 1 579 969 
6	0.0: 145 73 18 490 179 157 884 981 
6	0.0: 416 152 25 377 297 454 725 945 
6	0.0: 152 155 15 238 232 49 776 949 
6	0.0: 174 253 23 258 177 78 755 930 
4	0.0: 142 74 20 402 295 1 481 891 
6	0.0: 147 107 24 400 235 1 738 986 
6	0.0: 210 170 13 421 220 1 589 1011 
6	0.0: 153 159 19 348 307 425 544 979 
6	0.0: 128 152 19 308 251 14 623 913 
4	0.0: 141 240 9 525 422 1 655 976 
6	0.0: 1 186 22 346 124 135 657 933 
6	0.0: 126 289 31 311 317 1 584 960 
6	0.0: 22 261 7 338 174 285 528 1014 
4	0.0: 1 138 12 656 395 171 358 1009 
4	0.0: 263 142 20 455 394 99 429 988 
6	0.0: 67 119 13 512 290 1 870 969 
4	0.0: 1 141 19 220 396 1 347 1015 
4	0.0: 183 85 12 625 67 1 718 991 
4	0.0: 316 208 13 806 188 85 806 941 
4	0.0: 23 215 18 611 217 161 569 961 
6	0.0: 219 244 21 407 390 12 601 994 
6	0.0: 66 185 16 274 85 148 573 948 
4	0.0: 152 146 5 397 278 1 543 961 
4	0.0: 1 183 24 375 154 1 280 993 
6	0.0: 204 80 23 99 307 1 812 1040 
6	0.0: 106 174 21 228 212 10 751 912 
4	0.0: 157 215 11 559 254 1 603 1007 
4	0.0: 1 78 9 444 239 1 446 993 
4	0.0: 112 255 23 472 345 1 300 980 
4	0.0: 123 101 9 316 361 1 584 1013 
4	0.0: 1 193 17 405 243 105 551 1037 
4	0.0: 114 132 17 465 264 7 416 949 
6	0.0: 213 197 34 428 323 111 959 909 
4	0.0: 21 9 22 470 274 1 575 1007 
4	0.0: 83 48 11 674 306 1 590 1074 
6	0.0: 131 133 24 324 230 1 946 947 
6	0.0: 276 125 19 222 150 20 448 1046 
6	0.0: 310 140 21 279 299 1 586 992 
6	0.0: 129 183 12 410 122 65 670 971 
6	0.0: 153 108 4 447 236 1 924 962 
6	0.0: 280 94 25 326 179 141 605 971 
6	0.0: 165 166 20 328 250 121 585 985 
4	0.0: 106 84 11 386 331 216 624 995 
4	0.0: 1 137 5 465 251 55 518 879 
4	0.0: 89 126 16 634 309 93 761 1019 
6	0.0: 252 189 17 370 394 154 572 994 
4	0.0: 1 85 22 287 342 1 526 994 
4	0.0: 109 48 17 509 284 1 737 940 
6	0.0: 99 133 24 535 316 1 1038 1055 
6	0.0: 210 219 26 554 245 103 819 1030 
6	0.0: 26 183 17 202 183 1 503 959 
4	0.0: 193 76 11 733 288 1 418 996 
6	0.0: 168 177 17 332 230 125 610 925 
6	0.0: 332 75 9 254 241 1 445 999 
4	0.0: 138 42 17 448 133 72 416 953 
4	0.0: 294 58 11 610 110 1 656 985 
4	0.0: 26 64 29 523 197 1 588 983 
6	0.0: 213 1 26 309 285 1 665 957 
4	0.0: 274 123 9 581 132 17 635 987 
6	0.0: 141 131 22 188 297 117 818 1014 
6	0.0: 89 161 20 240 193 168 598 902 
6	0.0: 94 238 14 360 243 1 658 878 
6	0.0: 1 214 15 437 282 173 645 926 
6	0.0: 174 205 18 358 275 1 802 937 
6	0.0: 145 210 8 401 217 1 785 948 
4	0.0: 69 137 18 520 297 248 579 962 
4	0.0: 1 165 29 514 273 190 571 1042 
6	0.0: 86 19 29 407 413 309 844 1026 
6	0.0: 79 212 22 306 216 161 554 932 
6	0.0: 1 165 16 259 298 1 766 956 
4	0.0: 1 100 18 493 319 108 603 933 
4	0.0: 1 222 22 592 266 73 559 957 
6	0.0: 266 1 8 207 486 1 878 958 
6	0.0: 29 134 20 342 252 11 792 968 
6	0.0: 150 195 23 378 221 1 830 987 
4	0.0: 128 80 9 446 209 1 525 996 
4	0.0: 67 203 16 542 285 1 447 965 
4	0.0: 1 53 18 301 259 1 306 980 
4	0.0: 93 164 26 471 271 167 472 1017 
6	0.0: 180 262 15 279 230 1 437 985 
6	0.0: 63 257 16 243 175 1 909 1014 
6	0.0: 206 211 10 384 121 1 774 997 
4	0.0: 200 101 18 521 293 1 630 1046 
4	0.0: 171 161 5 598 190 194 658 961 
4	0.0: 72 23 18 510 252 1 753 974 
4	0.0: 191 176 12 326 224 20 421 989 
6	0.0: 176 149 15 413 206 164 658 1027 
4	0.0: 58 244 18 388 211 112 250 966 
6	0.0: 240 160 27 586 380 61 821 949 
6	0.0: 291 131 11 119 241 103 778 1011 
4	0.0: 28 78 29 415 335 1 517 1013 
6	0.0: 172 175 14 425 344 1 698 1054 
4	0.0: 139 119 18 491 207 133 462 885 
4	0.0: 248 137 16 371 256 371 447 959 
6	0.0: 260 178 11 353 147 1 586 996 
4	0.0: 148 149 23 400 202 1 573 1010 
4	0.0: 136 134 18 469 198 34 541 960 
6	0.0: 313 44 7 207 168 67 480 982 
6	0.0: 244 1 10 456 169 6 935 1003 
6	0.0: 1 194 4 480 293 81 796 964 
4	0.0: 1 23 16 645 333 1 880 1039 
6	0.0: 93 193 27 336 255 1 830 924 
6	0.0: 106 4 15 302 157 1 851 876 
6	0.0: 129 95 26 597 129 1 826 953 
4	0.0: 189 109 9 557 333 1 740 940 
6	0.0: 189 225 4 467 162 86 617 1011 
6	0.0: 204 1 11 254 156 136 496 972 
6	0.0: 224 25 13 345 162 217 680 943 
4	0.0: 192 134 12 472 255 20 602 907 
6	0.0: 211 189 14 257 119 120 731 899 
6	0.0: 185 121 21 361 194 1 714 1039 
6	0.0: 1 162 13 330 354 1 899 1002 
4	0.0: 1 97 13 528 400 1 651 925 
6	0.0: 53 84 10 281 248 1 674 966 
4	0.0: 56 86 1 416 324 288 424 972 
4	0.0: 233 199 14 429 260 292 426 933 
6	0.0: 51 80 20 212 138 237 635 962 
6	0.0: 270 157 12 557 162 1 854 1041 
6	0.0: 63 179 12 331 353 1 705 974 
4	0.0: 171 1 22 474 349 3 447 954 
6	0.0: 55 111 13 302 402 58 677 1084 
6	0.0: 42 154 10 250 172 112 756 988 
6	0.0: 243 160 8 576 351 1 831 912 
4	0.0: 1 72 16 553 211 157 716 997 
6	0.0: 89 157 19 446 199 205 729 1009 
6	0.0: 49 17 13 171 223 1 680 920 
6	0.0: 168 314 9 468 213 56 696 980 
6	0.0: 106 192 25 214 332 1 555 940 
6	0.0: 163 173 5 243 284 1 535 985 
4	0.0: 321 1 17 488 350 48 564 946 
6	0.0: 257 213 27 448 256 1 694 1017 
6	0.0: 158 156 13 195 174 230 726 958 
4	0.0: 114 98 27 514 216 101 714 940 
6	0.0: 220 144 14 388 191 287 871 1007 
6	0.0: 108 128 7 346 187 102 630 979 
6	0.0: 24 96 24 178 214 1 525 921 
4	0.0: 156 54 16 316 222 146 378 948 
6	0.0: 1 196 7 580 268 1 857 979 
4	0.0: 73 67 30 409 262 95 567 943 
6	0.0: 186 178 23 212 245 15 564 993 
4	0.0: 1 192 21 664 288 6 413 976 
4	0.0: 69 231 33 264 223 68 241 990 
6	0.0: 143 203 15 422 285 1 649 1016 
4	0.0: 305 1 1 378 280 1 546 948 
6	0.0: 67 107 16 322 154 116 607 1009 
6	0.0: 1 94 18 315 221 1 641 886 
6	0.0: 156 257 6 397 156 285 605 902 
6	0.0: 8 205 22 506 280 2 1059 957 
4	0.0: 143 108 10 451 311 1 363 1030 
6	0.0: 128 95 24 200 306 1 742 969 
6	0.0: 132 49 28 246 230 1 702 897 
6	0.0: 214 141 16 211 130 109 1070 955 
6	0.0: 166 115 22 424 184 77 667 976 
6	0.0: 194 147 16 467 185 1 713 967 
4	0.0: 143 150 18 387 237 67 415 947 
6	0.0: 95 136 20 305 190 79 535 987 
6	0.0: 184 137 23 303 312 232 861 968 
6	0.0: 15 230 17 181 283 1 653 1018 
6	0.0: 5 176 13 476 336 1 813 975 
4	0.0: 251 53 15 572 215 1 672 910 
6	0.0: 105 69 18 243 322 304 502 986 
4	0.0: 138 86 5 657 144 188 697 1058 
4	0.0: 112 161 19 699 310 144 594 988 
4	0.0: 164 131 19 585 373 1 543 974 
4	0.0: 80 84 16 505 297 9 647 971 
4	0.0: 84 112 9 365 371 70 597 986 
6	0.0: 250 112 28 453 111 1 733 1010 
6	0.0: 97 139 8 460 369 1 847 996 
4	0.0: 189 190 13 529 356 65 595 1052 
6	0.0: 111 199 15 508 282 226 855 929 
6	0.0: 238 115 14 366 203 1 727 1082 
6	0.0: 171 328 14 454 210 38 676 957 
4	0.0: 161 64 14 469 137 1 403 959 
4	0.0: 121 78 20 441 176 39 453 981 
4	0.0: 196 1 22 600 298 1 315 892 
4	0.0: 124 148 1 633 218 1 476 951 
4	0.0: 94 106 21 548 295 1 578 975 
6	0.0: 294 193 21 377 353 1 794 945 
4	0.0: 105 7 19 375 271 1 415 936 
6	0.0: 151 205 15 303 386 235 718 997 
4	0.0: 143 224 23 723 253 121 617 1010 
6	0.0: 145 135 13 393 309 1 671 955 
6	0.0: 195 69 19 368 142 1 882 1013 
6	0.0: 230 167 17 470 213 106 704 985 
4	0.0: 81 103 19 645 193 1 773 932 
4	0.0: 39 134 23 594 242 1 506 948 
4	0.0: 122 132 11 459 220 197 602 963 
4	0.0: 10 57 9 285 284 1 457 1056 
6	0.0: 177 1 25 297 372 420 664 977 
4	0.0: 92 42 19 550 237 29 673 942 
6	0.0: 235 250 9 277 218 116 755 1009 
6	0.0: 45 137 20 382 295 138 682 1063 
6	0.0: 300 192 21 335 234 362 746 962 
4	0.0: 212 168 10 597 230 1 660 967 
4	0.0: 54 38 4 468 353 205 561 975 
6	0.0: 135 169 20 433 307 386 931 890 
4	0.0: 127 292 25 651 142 17 646 966 
6	0.0: 221 8 31 649 140 1 930 964 
6	0.0: 225 222 26 340 272 92 590 1029 
4	0.0: 192 252 13 710 232 125 691 895 
4	0.0: 1 176 7 517 336 1 562 1008 
6	0.0: 206 115 7 313 217 1 748 918 
6	0.0: 155 111 22 491 394 1 1072 949 
4	0.0: 50 161 3 454 434 33 659 935 
4	0.0: 230 266 9 477 187 166 481 971 
4	0.0: 206 34 18 424 406 1 644 964 
6	0.0: 59 299 26 394 238 105 607 1030 
6	0.0: 151 145 9 463 311 3 765 976 
6	0.0: 118 209 25 395 233 1 550 974 
6	0.0: 250 125 27 431 277 1 702 989 
6	0.0: 113 189 17 552 257 233 771 952 
6	0.0: 1 73 25 221 240 1 743 957 
4	0.0: 176 198 25 552 287 95 656 969 
4	0.0: 144 84 12 524 363 1 523 1016 
6	0.0: 106 247 33 478 145 1 724 875 
4	0.0: 65 100 28 499 414 1 664 1016 
6	0.0: 138 197 7 368 211 1 500 923 
4	0.0: 187 92 19 409 398 13 503 899 
4	0.0: 181 164 14 556 148 1 510 963 
6	0.0: 66 127 21 246 246 371 820 978 
4	0.0: 129 121 24 360 361 106 605 962 
4	0.0: 265 197 3 444 355 93 314 944 
6	0.0: 207 130 14 385 276 1 597 943 
6	0.0: 88 186 9 379 322 104 668 895 
6	0.0: 114 184 7 313 163 1 605 993 
6	0.0: 192 119 24 581 197 1 865 965 
4	0.0: 130 149 18 520 333 38 731 1010 
6	0.0: 329 93 7 234 167 167 680 1052 
6	0.0: 85 136 20 416 133 20 617 969 
6	0.0: 4 223 18 437 271 1 791 993 
6	0.0: 156 129 12 378 281 65 792 979 
6	0.0: 1 168 16 306 132 155 630 950 
4	0.0: 61 202 21 619 284 1 299 973 
4	0.0: 188 104 22 662 294 102 803 937 
4	0.0: 1 90 22 551 216 1 659 949 
4	0.0: 122 68 14 548 288 1 769 964 
4	0.0: 155 173 12 436 259 1 450 964 
4	0.0: 34 149 25 457 506 29 605 997 
6	0.0: 92 59 15 458 236 167 789 993 
4	0.0: 61 91 29 546 342 158 670 1022 
6	0.0: 121 88 30 386 270 1 757 1009 
6	0.0: 175 38 13 211 282 1 503 1052 
6	0.0: 91 193 10 359 364 368 708 940 
4	0.0: 247 1 6 798 271 1 818 914 
6	0.0: 85 178 24 327 292 1 643 958 
4	0.0: 175 235 23 627 288 1 667 914 
6	0.0: 138 104 9 234 372 286 683 1001 
6	0.0: 17 78 4 200 299 1 597 1003 
6	0.0: 1 163 17 403 239 1 648 981 
4	0.0: 53 84 29 553 341 81 674 963 
4	0.0: 110 85 22 533 362 1 464 1000 
6	0.0: 63 89 17 338 153 150 689 977 
6	0.0: 177 354 19 364 252 1 693 955 
4	0.0: 33 102 14 514 346 1 785 989 
6	0.0: 113 228 28 298 439 521 685 936 
6	0.0: 207 176 22 436 244 272 829 990 
6	0.0: 211 143 18 309 164 4 623 951 
4	0.0: 152 101 19 332 342 1 406 899 
6	0.0: 191 166 19 452 223 118 643 1022 
6	0.0: 120 264 19 210 186 1 747 955 
6	0.0: 119 185 15 130 47 1 562 972 
6	0.0: 91 209 24 320 195 30 614 967 
6	0.0: 197 151 14 307 246 96 711 1002 
4	0.0: 190 157 20 607 308 73 724 969 
4	0.0: 206 172 29 520 235 1 250 956 
6	0.0: 160 123 18 421 222 221 645 970 
6	0.0: 206 219 12 186 343 1 402 968 
6	0.0: 110 281 15 110 99 160 365 956 
6	0.0: 161 136 11 392 336 1 656 967 
6	0.0: 230 220 9 331 380 1 728 1016 
6	0.0: 1 221 29 258 204 215 812 938 
6	0.0: 159 139 18 478 195 102 670 1015 
6	0.0: 19 112 10 349 330 1 835 995 
6	0.0: 178 265 16 386 205 1 839 1008 
4	0.0: 27 29 11 639 298 358 817 1013 
6	0.0: 130 211 15 374 239 1 603 995 
4	0.0: 245 151 15 606 212 61 679 969 
6	0.0: 194 199 15 386 206 1 542 974 
4	0.0: 165 24 26 382 238 1 492 911 
6	0.0: 156 217 24 640 243 107 782 1020 
6	0.0: 112 145 20 312 191 1 610 1015 
4	0.0: 50 175 18 543 371 1 492 976 
4	0.0: 1 47 13 438 241 63 635 999 
4	0.0: 1 189 16 517 362 1 759 967 
6	0.0: 56 285 25 458 180 39 617 905 
6	0.0: 148 185 9 270 149 1 458 1016 
4	0.0: 107 145 1 568 390 1 797 959 
4	0.0: 41 135 16 573 274 39 595 974 
4	0.0: 92 196 17 505 128 21 578 952 
6	0.0: 154 219 7 224 253 10 689 941 
6	0.0: 46 286 31 301 410 1 561 1013 
6	0.0: 254 142 17 438 229 1 777 939 
4	0.0: 156 196 23 526 379 180 510 911 
4	0.0: 246 163 10 373 478 1 576 989 
6	0.0: 227 88 20 307 233 214 623 977 
4	0.0: 63 104 16 490 220 1 716 990 
6	0.0: 203 146 15 222 217 1 644 952 
6	0.0: 94 224 20 434 89 63 687 977 
6	0.0: 1 147 22 368 210 149 789 954 
6	0.0: 154 125 14 1 236 1 493 965 
6	0.0: 157 155 10 325 243 161 662 1011 
4	0.0: 123 97 18 570 172 1 359 977 
6	0.0: 157 31 12 295 296 305 549 935 
6	0.0: 1 43 7 344 256 1 666 919 
4	0.0: 55 89 16 570 231 145 734 977 
6	0.0: 218 197 12 163 280 1 614 1008 
6	0.0: 38 1 18 406 336 59 1025 959 
6	0.0: 122 74 14 590 292 127 962 999 
6	0.0: 267 134 22 267 254 1 567 967 
4	0.0: 156 46 18 446 243 1 668 1015 
4	0.0: 105 202 20 397 213 240 408 994 
6	0.0: 49 208 13 442 225 218 642 879 
6	0.0: 205 210 12 410 254 123 978 951 
4	0.0: 124 93 16 418 368 358 381 904 
6	0.0: 172 44 10 308 240 1 816 995 
6	0.0: 264 154 6 328 261 1 830 1083 
6	0.0: 151 169 2 526 251 177 924 914 
6	0.0: 45 103 8 336 287 1 902 946 
4	0.0: 252 172 25 733 222 209 723 936 
4	0.0: 39 23 4 432 304 1 778 1014 
4	0.0: 119 151 13 529 163 1 678 947 
6	0.0: 115 160 14 387 151 26 858 987 
6	0.0: 57 146 24 297 254 1 727 921 
4	0.0: 131 54 16 636 143 1 826 951 
6	0.0: 82 143 4 457 288 130 794 1052 
4	0.0: 6 92 8 436 338 140 702 936 
4	0.0: 117 65 20 447 277 1 703 1038 
4	0.0: 35 157 24 545 215 222 456 1011 
6	0.0: 13 202 21 437 277 10 736 883 
6	0.0: 1 166 25 128 271 1 794 988 
6	0.0: 144 110 15 281 280 30 613 1000 
4	0.0: 128 82 22 621 260 247 602 1012 
4	0.0: 112 28 26 374 273 177 506 1026 
4	0.0: 130 28 14 488 373 32 596 903 
6	0.0: 1 66 19 118 246 38 616 935 
4	0.0: 108 201 14 469 229 1 491 922 
4	0.0: 98 232 10 500 362 17 576 952 
4	0.0: 213 156 23 518 99 102 533 992 
6	0.0: 309 223 30 359 264 236 440 1002 
6	0.0: 129 144 18 165 116 19 869 972 
6	0.0: 166 129 10 129 354 1 467 1005 
4	0.0: 72 214 24 585 228 284 558 972 
4	0.0: 125 160 23 681 226 125 633 1008 
6	0.0: 318 78 20 432 226 7 720 1005 
6	0.0: 1 196 27 101 208 34 802 953 
4	0.0: 95 138 32 237 177 263 364 960 
4	0.0: 63 110 5 527 315 1 473 924 
4	0.0: 213 99 10 530 235 99 403 927 
6	0.0: 47 66 15 533 138 1 853 977 
6	0.0: 219 1 27 203 199 277 743 989 
6	0.0: 54 164 8 238 228 1 682 974 
4	0.0: 187 134 19 578 261 1 595 970 
4	0.0: 94 61 18 217 147 311 374 985 
4	0.0: 113 145 26 610 367 1 659 945 
4	0.0: 361 241 18 561 271 189 340 1036 
4	0.0: 213 108 1 553 364 1 458 934 
4	0.0: 235 151 16 684 283 15 830 932 
6	0.0: 89 142 15 240 183 214 529 907 
4	0.0: 1 20 18 537 185 1 408 991 
6	0.0: 246 193 26 525 251 34 690 928 
4	0.0: 48 80 20 447 215 1 655 1050 
6	0.0: 218 1 12 250 273 366 933 968 
4	0.0: 91 133 8 506 417 1 796 986 
4	0.0: 190 162 15 570 187 1 539 968 
6	0.0: 54 156 25 293 265 201 762 929 
4	0.0: 54 152 12 446 234 1 609 968 
6	0.0: 182 179 14 503 299 69 776 1005 
4	0.0: 273 171 9 586 207 1 621 967 
4	0.0: 63 144 9 547 180 1 534 922 
4	0.0: 1 276 17 448 235 234 472 955 
6	0.0: 43 209 10 174 140 11 511 993 
6	0.0: 187 134 27 377 361 1 800 989 
6	0.0: 279 1 13 161 159 10 449 1001 
6	0.0: 140 174 7 88 264 153 691 1074 
4	0.0: 121 155 7 474 205 96 599 951 
6	0.0: 182 160 3 348 345 128 582 993 
6	0.0: 1 88 27 220 267 103 546 962 
4	0.0: 170 99 23 654 214 1 651 979 
6	0.0: 84 28 18 193 209 26 668 996 
4	0.0: 1 83 6 468 271 194 623 1070 
6	0.0: 116 149 22 466 273 1 777 966 
6	0.0: 46 1 22 203 195 191 717 1032 
6	0.0: 1 208 6 471 298 1 839 1004 
6	0.0: 63 134 21 342 269 181 656 978 
4	0.0: 84 158 21 591 163 1 520 986 
4	0.0: 1 103 10 549 195 1 629 1010 
6	0.0: 219 132 21 354 252 157 921 1005 
6	0.0: 70 156 13 316 336 204 552 1010 
6	0.0: 138 235 14 379 228 1 1008 990 
6	0.0: 190 101 18 659 232 225 910 918 
6	0.0: 92 242 11 320 208 1 524 964 
6	0.0: 50 128 23 462 245 1 799 1020 
4	0.0: 184 68 17 405 176 12 552 1036 
6	0.0: 1 107 16 363 128 1 697 935 
6	0.0: 191 262 22 419 416 1 626 894 
4	0.0: 16 231 27 540 352 183 678 1011 
4	0.0: 165 139 19 432 322 1 587 952 
4	0.0: 1 201 18 573 189 61 722 997 
6	0.0: 17 125 17 176 250 53 657 911 
4	0.0: 48 1 24 578 304 116 703 1001 
4	0.0: 171 127 22 505 263 215 493 937 
6	0.0: 192 248 18 428 139 29 651 967 
6	0.0: 169 73 16 323 229 192 572 984 
4	0.0: 105 202 13 502 271 1 617 1019 
6	0.0: 151 132 15 298 179 72 894 1005 
6	0.0: 101 177 18 359 256 254 627 1012 
6	0.0: 33 214 12 435 291 45 680 978 
6	0.0: 146 124 13 293 215 24 733 1003 
6	0.0: 164 204 17 403 266 1 801 972 
6	0.0: 168 173 31 436 431 1 752 987 
6	0.0: 170 174 20 379 333 1 599 887 
4	0.0: 148 26 17 300 210 1 433 1003 
4	0.0: 84 81 15 323 258 49 466 1031 
6	0.0: 44 100 19 318 191 1 568 1007 
6	0.0: 116 124 20 297 174 1 870 956 
4	0.0: 99 103 14 342 188 1 444 930 
4	0.0: 24 84 25 455 164 103 397 940 
6	0.0: 177 140 12 181 284 133 737 920 
6	0.0: 49 136 15 392 323 71 725 967 
4	0.0: 173 24 20 511 319 32 747 978 
6	0.0: 7 238 19 342 243 1 784 989 
4	0.0: 106 213 11 541 204 1 560 980 
6	0.0: 102 83 22 305 339 37 688 974 
6	0.0: 238 128 23 305 323 1 728 954 
4	0.0: 162 86 25 575 272 36 722 914 
4	0.0: 1 200 18 637 228 158 639 1014 
6	0.0: 68 121 23 348 277 172 932 939 
4	0.0: 68 110 8 447 161 79 504 999 
4	0.0: 3 69 29 305 336 1 554 916 
6	0.0: 178 208 23 327 145 1 787 901 
6	0.0: 41 151 7 274 331 95 576 948 
6	0.0: 205 65 15 403 252 117 653 992 
4	0.0: 118 192 17 329 343 29 138 1012 
6	0.0: 193 132 27 366 362 1 708 990 
6	0.0: 72 196 25 550 371 62 946 933 
4	0.0: 99 68 10 365 241 1 366 941 
6	0.0: 195 218 13 441 427 104 741 987 
4	0.0: 149 91 12 359 310 1 560 920 
4	0.0: 247 116 12 450 238 1 557 958 
6	0.0: 112 78 26 220 291 1 558 1029 
6	0.0: 223 203 11 615 179 112 885 1015 
6	0.0: 173 212 9 416 280 43 893 979 
6	0.0: 185 109 15 233 196 10 415 1001 
4	0.0: 224 45 20 354 374 199 553 1002 
6	0.0: 40 71 30 332 330 1 880 976 
4	0.0: 207 108 14 468 171 196 545 968 
6	0.0: 203 119 16 359 315 279 777 902 
4	0.0: 1 130 17 537 293 1 782 904 
4	0.0: 211 36 11 712 255 1 570 893 
6	0.0: 20 149 26 406 264 1 1004 977 
4	0.0: 175 151 14 480 239 1 580 973 
4	0.0: 177 129 25 398 395 133 434 1006 
6	0.0: 222 196 20 123 194 135 795 937 
4	0.0: 76 91 20 539 249 1 474 934 
4	0.0: 146 210 18 299 381 82 350 977 
4	0.0: 226 1 15 428 141 100 492 1069 
6	0.0: 103 239 33 505 295 1 715 930 
4	0.0: 221 128 27 329 153 222 434 1009 
6	0.0: 131 116 22 370 308 1 809 1003 
6	0.0: 239 34 8 326 270 165 975 937 
6	0.0: 359 283 28 1 202 203 255 966 
4	0.0: 81 96 15 533 261 1 793 1006 
4	0.0: 265 162 18 309 325 1 334 998 
4	0.0: 214 134 18 533 295 1 614 1004 
4	0.0: 150 114 13 550 209 1 631 1021 
4	0.0: 12 1 30 426 262 386 461 940 
4	0.0: 70 199 18 638 333 121 617 977 
4	0.0: 1 31 16 559 185 1 588 965 
6	0.0: 150 179 12 338 97 1 821 998 
4	0.0: 1 253 10 522 252 184 413 975 
4	0.0: 33 109 20 518 288 68 568 942 
4	0.0: 152 127 16 376 244 188 417 1007 
6	0.0: 88 91 12 410 228 383 671 911 
6	0.0: 1 267 19 360 280 174 580 960 
6	0.0: 18 247 18 404 339 1 747 971 
6	0.0: 109 136 20 176 196 1 853 989 
6	0.0: 23 42 19 472 241 1 796 992 
4	0.0: 36 275 17 424 315 160 553 977 
4	0.0: 148 56 16 239 325 14 459 954 
6	0.0: 183 1 17 351 293 13 728 978 
6	0.0: 132 83 8 304 226 47 889 983 
6	0.0: 140 177 19 362 208 201 586 967 
6	0.0: 62 49 11 287 311 159 636 970 
6	0.0: 193 51 17 626 334 6 943 981 
4	0.0: 42 8 3 407 256 1 399 955 
6	0.0: 252 60 17 436 238 208 800 974 
6	0.0: 95 140 23 1 308 1 625 1043 
6	0.0: 225 61 12 255 194 195 708 939 
6	0.0: 1 67 17 577 200 1 953 1014 
4	0.0: 121 15 20 451 360 1 733 974 
6	0.0: 216 101 24 354 65 1 580 942 
4	0.0: 184 202 19 467 279 1 389 939 
4	0.0: 35 225 26 665 264 1 561 967 
4	0.0: 104 106 7 371 154 1 346 911 
6	0.0: 74 113 15 192 251 217 684 1017 
6	0.0: 77 197 23 326 268 117 637 989 
6	0.0: 97 103 23 171 196 1 545 927 
6	0.0: 48 153 1 267 233 86 578 989 
4	0.0: 1 47 24 375 316 42 645 976 
4	0.0: 142 256 14 516 316 38 449 964 
6	0.0: 148 165 13 297 310 213 658 973 
6	0.0: 12 1 22 263 197 1 663 888 
4	0.0: 162 149 26 348 249 1 498 975 
6	0.0: 50 141 19 278 161 1 644 973 
4	0.0: 90 9 11 530 317 1 735 935 
6	0.0: 84 182 14 434 289 1 687 1007 
6	0.0: 123 131 20 439 159 249 820 948 
4	0.0: 87 86 9 694 271 25 519 931 
6	0.0: 144 109 19 275 175 306 630 977 
6	0.0: 243 120 20 278 302 52 625 1048 
6	0.0: 85 277 24 455 271 1 759 894 
6	0.0: 124 174 23 426 330 229 621 1026 
6	0.0: 263 150 7 608 234 131 849 981 
6	0.0: 133 144 19 357 154 74 579 1004 
4	0.0: 116 133 30 658 265 255 697 950 
4	0.0: 122 249 18 438 308 219 502 973 
6	0.0: 91 134 7 321 181 428 681 971 
6	0.0: 30 211 22 451 328 12 892 1043 
6	0.0: 113 228 24 483 252 1 811 1004 
6	0.0: 107 87 9 537 171 13 868 1001 
4	0.0: 252 116 21 296 300 1 429 994 
4	0.0: 203 210 17 272 174 21 345 993 
6	0.0: 87 161 14 164 174 81 602 1043 
6	0.0: 250 137 18 433 207 1 882 944 
6	0.0: 106 50 15 238 281 1 682 925 
4	0.0: 11 218 23 390 334 231 522 927 
6	0.0: 220 99 20 210 143 99 749 986 
4	0.0: 248 93 13 551 312 14 550 995 
6	0.0: 179 182 16 220 129 251 558 1028 
4	0.0: 335 88 21 560 303 53 658 961 
4	0.0: 64 153 10 572 223 38 583 992 
6	0.0: 311 196 19 574 253 1 971 958 
6	0.0: 136 77 4 434 363 74 739 944 
6	0.0: 116 145 15 428 201 1 796 932 
4	0.0: 73 82 20 477 177 40 437 977 
6	0.0: 103 204 26 376 385 1 828 914 
6	0.0: 49 220 9 73 404 8 691 978 
4	0.0: 173 88 16 682 205 263 479 914 
6	0.0: 143 89 29 171 177 245 593 979 
4	0.0: 1 53 14 554 325 252 651 989 
4	0.0: 1 46 6 418 419 1 364 995 
4	0.0: 114 174 22 415 312 1 556 912 
4	0.0: 152 75 18 605 194 1 520 974 
4	0.0: 230 113 17 564 315 1 684 1010 
4	0.0: 316 111 19 433 348 23 591 1015 
6	0.0: 46 182 10 455 195 1 737 1024 
4	0.0: 1 110 11 373 337 1 643 1040 
6	0.0: 182 296 16 505 167 109 753 945 
4	0.0: 120 148 16 495 236 13 628 1004 
6	0.0: 242 139 22 474 229 76 703 914 
6	0.0: 64 207 30 456 474 1 751 948 
4	0.0: 98 119 19 543 288 133 708 1005 
4	0.0: 72 33 23 438 295 121 534 981 
6	0.0: 164 248 14 544 288 1 827 1024 
4	0.0: 99 1 15 555 179 78 632 971 
4	0.0: 89 98 12 373 223 1 569 981 
6	0.0: 140 221 19 460 195 1 632 893 
6	0.0: 265 52 22 481 177 1 815 931 
4	0.0: 310 197 12 663 205 117 542 1022 
6	0.0: 28 188 16 224 127 327 684 954 
6	0.0: 204 148 23 568 248 244 866 949 
6	0.0: 165 162 12 408 248 1 671 960 
6	0.0: 81 27 9 139 209 1 531 888 
4	0.0: 196 38 28 505 353 139 757 955 
4	0.0: 78 295 17 519 412 170 652 1015 
4	0.0: 105 124 9 261 344 1 452 989 
6	0.0: 143 121 18 472 87 188 711 926 
6	0.0: 91 84 15 386 350 1 779 965 
6	0.0: 122 153 19 320 273 78 654 931 
4	0.0: 72 97 22 439 266 1 463 1010 
6	0.0: 145 46 25 279 283 207 869 877 
6	0.0: 146 28 22 48 324 136 780 1010 
6	0.0: 71 218 10 379 305 192 746 966 
4	0.0: 1 64 13 541 229 68 342 960 
4	0.0: 1 128 10 468 289 1 632 926 
4	0.0: 234 35 26 487 229 104 418 886 
6	0.0: 101 105 29 264 339 91 609 997 
6	0.0: 1 142 24 249 178 173 751 929 
4	0.0: 259 144 15 390 336 1 495 987 
6	0.0: 116 47 21 351 195 9 729 942 
4	0.0: 161 169 15 339 170 75 370 931 
6	0.0: 95 116 24 392 238 1 644 982 
6	0.0: 119 195 14 483 133 26 907 939 
4	0.0: 126 90 10 532 199 1 687 958 
6	0.0: 211 131 19 400 364 209 711 951 
4	0.0: 275 145 24 595 424 1 627 1003 
4	0.0: 129 170 19 474 232 83 602 985 
6	0.0: 84 127 6 323 361 191 677 881 
4	0.0: 35 237 26 552 150 1 501 930 
6	0.0: 121 69 17 459 165 1 1116 1011 
6	0.0: 223 101 8 224 347 14 817 1032 
4	0.0: 166 100 17 98 352 1 235 930 
4	0.0: 117 99 8 455 349 42 570 956 
6	0.0: 219 89 11 505 253 273 965 1015 
6	0.0: 127 60 12 259 186 17 1087 931 
4	0.0: 50 161 22 665 330 1 396 1005 
4	0.0: 5 53 12 477 319 1 570 936 
4	0.0: 198 86 8 521 286 96 584 845 
6	0.0: 130 113 23 364 275 32 637 902 
6	0.0: 328 49 21 274 389 348 722 939 
6	0.0: 247 144 11 217 299 1 780 977 
6	0.0: 92 259 30 405 337 23 649 996 
6	0.0: 131 103 10 447 224 353 879 931 
6	0.0: 76 200 25 358 183 48 566 998 
4	0.0: 134 124 19 477 272 1 651 961 
6	0.0: 155 89 22 349 301 1 1061 996 
6	0.0: 124 108 17 549 352 1 943 1018 
6	0.0: 256 42 12 265 265 111 550 958 
4	0.0: 27 188 10 527 130 102 465 965 
4	0.0: 119 284 21 425 297 76 518 1028 
6	0.0: 241 113 20 261 304 118 715 1038 
6	0.0: 62 137 15 330 425 1 694 921 
4	0.0: 37 261 5 463 277 21 604 979 
6	0.0: 101 136 21 250 306 5 683 939 
6	0.0: 117 253 26 196 213 1 690 1009 
6	0.0: 188 171 16 300 326 1 721 1001 
6	0.0: 70 92 23 518 327 1 855 1006 
6	0.0: 87 155 21 341 194 1 597 906 
6	0.0: 260 133 17 397 279 1 606 1047 
6	0.0: 144 34 12 433 303 30 851 971 
6	0.0: 176 237 31 374 298 108 657 1008 
6	0.0: 146 131 19 624 107 118 756 937 
6	0.0: 24 203 19 315 176 1 844 967 
4	0.0: 171 130 16 528 326 1 527 904 
6	0.0: 48 90 19 366 182 1 646 897 
6	0.0: 177 95 20 196 351 238 450 971 
4	0.0: 1 126 27 310 222 1 518 939 
6	0.0: 149 176 11 274 210 245 536 1079 
4	0.0: 64 1 13 538 202 41 495 1042 
4	0.0: 141 183 9 576 277 50 652 993 
4	0.0: 232 85 18 227 231 1 214 880 
4	0.0: 2 192 18 600 308 92 616 982 
4	0.0: 47 112 22 414 358 1 560 938 
6	0.0: 263 179 13 322 207 53 676 955 
4	0.0: 277 106 24 648 357 114 692 957 
6	0.0: 73 98 25 486 293 293 751 977 
4	0.0: 32 104 12 453 361 1 559 978 
4	0.0: 76 164 13 568 150 338 675 920 
6	0.0: 152 98 10 364 422 66 698 1007 
4	0.0: 174 175 29 386 182 1 486 945 
4	0.0: 29 92 32 439 318 237 425 922 
4	0.0: 1 2 19 379 161 101 529 984 
6	0.0: 164 114 28 303 268 1 662 1010 
4	0.0: 113 203 16 693 293 26 637 956 
4	0.0: 71 216 12 586 127 1 344 973 
4	0.0: 273 53 9 465 165 174 473 959 
4	0.0: 104 104 26 531 324 1 702 982 
6	0.0: 84 249 29 149 250 1 519 979 
6	0.0: 55 66 8 306 198 182 813 974 
6	0.0: 44 232 15 490 277 102 776 983 
6	0.0: 12 179 19 148 185 28 508 987 
6	0.0: 30 223 16 529 324 321 832 1021 
4	0.0: 76 173 8 238 221 1 334 863 
4	0.0: 118 105 26 499 314 85 641 968 
4	0.0: 1 103 10 579 205 1 788 963 
6	0.0: 82 297 14 340 441 151 512 947 
4	0.0: 183 158 20 427 239 8 544 936 
6	0.0: 118 160 31 305 391 74 644 958 
4	0.0: 41 163 21 364 212 22 560 990 
6	0.0: 132 1 28 259 143 1 687 921 
6	0.0: 180 131 17 341 375 79 662 952 
6	0.0: 181 158 23 422 324 317 612 1074 
4	0.0: 141 183 24 500 327 49 346 916 
6	0.0: 114 284 12 492 203 62 756 902 
6	0.0: 106 205 17 322 329 269 807 1016 
6	0.0: 187 156 9 525 197 1 705 995 
6	0.0: 1 187 29 352 168 1 640 936 
4	0.0: 178 183 24 318 241 1 462 979 
6	0.0: 112 92 22 275 204 1 750 953 
4	0.0: 117 61 30 393 301 1 253 950 
4	0.0: 138 211 1 537 295 1 462 930 
4	0.0: 214 54 24 229 283 1 335 995 
6	0.0: 87 46 27 300 151 129 784 973 
4	0.0: 159 1 26 445 306 97 646 1019 
6	0.0: 145 178 28 520 246 1 879 948 
4	0.0: 57 269 30 511 243 1 501 994 
6	0.0: 192 97 16 520 160 1 776 925 
6	0.0: 147 121 5 185 227 1 847 985 
4	0.0: 53 89 13 587 203 61 655 918 
6	0.0: 31 94 17 184 136 1 757 955 
4	0.0: 138 76 12 562 328 215 565 914 
4	0.0: 135 129 18 395 385 1 554 928 
6	0.0: 35 144 23 395 276 40 781 1008 
6	0.0: 57 150 15 268 242 129 541 957 
6	0.0: 248 114 23 449 160 1 602 934 
4	0.0: 71 120 16 443 253 83 579 916 
6	0.0: 52 214 18 217 117 1 363 1070 
6	0.0: 241 187 8 225 248 1 667 1019 
4	0.0: 235 200 32 532 312 1 476 952 
6	0.0: 175 30 14 261 215 106 771 1035 
4	0.0: 126 1 15 536 226 1 695 931 
4	0.0: 38 64 31 508 356 98 722 952 
6	0.0: 36 90 19 472 329 344 862 981 
4	0.0: 137 86 14 346 275 328 393 1007 
4	0.0: 95 11 16 455 272 313 696 1014 
6	0.0: 260 250 9 361 337 268 506 956 
6	0.0: 229 151 9 278 287 1 517 1054 
6	0.0: 210 219 22 485 164 1 706 968 
4	0.0: 69 147 11 790 245 157 423 967 
6	0.0: 167 163 22 284 291 145 620 997 
6	0.0: 96 268 10 283 111 1 775 985 
4	0.0: 4 141 3 553 352 224 779 991 
4	0.0: 100 79 23 687 238 106 819 969 
6	0.0: 176 177 25 527 196 52 819 952 
6	0.0: 71 105 16 281 255 1 686 1024 
6	0.0: 63 140 24 295 231 1 877 1012 
6	0.0: 191 131 20 462 233 1 675 894 
4	0.0: 98 138 9 304 329 1 403 940 
4	0.0: 41 118 10 610 220 214 636 999 
6	0.0: 293 22 27 37 269 69 605 1000 
6	0.0: 248 188 22 394 286 2 621 922 
6	0.0: 166 65 20 487 238 1 795 937 
4	0.0: 20 235 27 563 99 1 584 962 
6	0.0: 122 188 21 406 348 1 623 944 
4	0.0: 152 86 15 464 280 196 606 892 
4	0.0: 1 232 23 538 197 205 637 975 
4	0.0: 76 135 12 398 188 1 562 1054 
4	0.0: 54 175 17 418 320 1 646 1014 
6	0.0: 118 74 10 289 194 1 786 993 
6	0.0: 63 246 12 295 272 1 523 906 
6	0.0: 203 199 15 279 271 1 730 998 
6	0.0: 85 1 11 299 249 1 672 942 
4	0.0: 1 139 19 481 271 258 579 964 
6	0.0: 94 202 36 87 316 1 758 1004 
4	0.0: 242 56 18 551 253 45 615 937 
6	0.0: 101 156 7 443 241 133 891 925 
4	0.0: 60 53 19 661 237 83 567 905 
4	0.0: 162 119 10 469 463 1 607 970 
4	0.0: 81 171 15 556 243 41 617 929 
6	0.0: 154 215 13 426 269 164 619 958 
4	0.0: 1 175 12 517 306 179 492 1120 
6	0.0: 163 243 22 437 319 177 777 1015 
6	0.0: 212 181 19 394 169 299 648 947 
4	0.0: 130 140 32 406 318 1 603 1062 
6	0.0: 93 154 25 473 247 163 677 989 
4	0.0: 160 119 18 311 266 1 317 974 
4	0.0: 149 132 10 437 308 81 536 942 
4	0.0: 181 148 19 553 286 327 338 993 
6	0.0: 194 143 19 381 280 1 606 1039 
4	0.0: 212 82 17 576 244 1 585 1011 
4	0.0: 160 111 18 524 308 1 703 911 
4	0.0: 112 146 16 486 202 1 228 1011 
4	0.0: 256 151 17 401 233 1 240 1029 
4	0.0: 216 45 20 568 327 1 370 962 
6	0.0: 136 38 28 458 215 380 714 981 
4	0.0: 192 114 14 643 333 224 524 892 
4	0.0: 229 156 18 677 198 1 662 1029 
4	0.0: 28 38 20 571 284 1 871 1016 
4	0.0: 229 145 9 553 229 1 676 968 
4	0.0: 94 42 26 505 249 255 741 948 
4	0.0: 30 211 12 635 209 273 530 890 
4	0.0: 150 41 24 498 209 1 439 1092 
6	0.0: 178 88 10 423 158 179 784 987 
6	0.0: 147 74 18 487 162 1 959 919 
6	0.0: 178 64 27 475 218 1 835 1014 
6	0.0: 176 88 10 152 306 117 533 903 
4	0.0: 52 94 12 600 315 9 585 919 
6	0.0: 48 134 11 341 264 1 680 965 
6	0.0: 194 139 16 247 368 303 460 971 
6	0.0: 67 119 18 490 155 276 753 930 
6	0.0: 242 96 12 208 219 1 819 943 
6	0.0: 92 32 10 227 248 92 539 1006 
6	0.0: 114 97 7 346 353 88 733 1008 
6	0.0: 208 178 8 218 316 1 469 1043 
4	0.0: 67 154 14 485 348 162 728 994 
6	0.0: 148 131 22 157 302 1 607 982 
6	0.0: 249 184 14 500 183 155 865 942 
4	0.0: 11 129 16 212 260 1 346 995 
4	0.0: 91 190 28 463 185 14 495 956 
4	0.0: 216 298 17 651 254 212 583 951 
6	0.0: 73 261 5 236 230 9 649 983 
6	0.0: 108 146 15 458 314 104 871 904 
4	0.0: 49 52 8 446 252 70 451 960 
4	0.0: 1 194 20 595 150 1 705 957 
4	0.0: 56 50 21 552 320 1 727 1010 
6	0.0: 204 167 21 492 284 244 641 1016 
6	0.0: 205 65 8 496 368 1 775 933 
6	0.0: 287 171 14 559 358 1 909 1005 
4	0.0: 73 2 11 489 347 147 562 1012 
6	0.0: 119 222 17 534 340 1 741 1011 
6	0.0: 201 212 18 248 281 1 695 1023 
6	0.0: 230 77 16 244 317 190 744 934 
4	0.0: 1 118 16 553 147 62 617 1035 
4	0.0: 247 152 31 528 275 1 534 935 
4	0.0: 1 107 6 533 273 1 394 930 
6	0.0: 92 155 26 265 149 35 778 929 
6	0.0: 31 61 10 224 276 299 572 929 
6	0.0: 115 2 27 366 115 186 800 945 
4	0.0: 117 180 17 505 309 105 583 937 
4	0.0: 156 255 8 621 223 1 603 1008 
6	0.0: 70 117 24 270 327 349 656 988 
6	0.0: 184 308 18 304 359 1 681 897 
6	0.0: 293 73 29 412 175 116 618 972 
6	0.0: 202 25 36 429 106 1 759 951 
6	0.0: 99 201 18 403 222 32 699 996 
6	0.0: 258 95 20 357 74 1 760 943 
4	0.0: 138 44 27 468 281 1 351 936 
6	0.0: 192 156 19 414 270 83 812 997 
6	0.0: 178 89 18 404 248 1 709 965 
4	0.0: 66 19 24 589 292 1 683 911 
6	0.0: 241 86 24 454 231 1 721 947 
6	0.0: 185 163 4 416 112 225 658 1025 
4	0.0: 207 182 12 681 273 4 526 1040 
4	0.0: 140 108 17 555 219 1 535 1001 
4	0.0: 1 107 21 396 338 1 547 999 
4	0.0: 1 30 21 307 246 182 457 987 
4	0.0: 76 46 6 457 323 137 677 977 
6	0.0: 70 122 8 350 290 1 959 917 
1	0.0: 1 188 16 675 267 426 477 921 
6	0.0: 196 156 26 521 322 309 820 999 
4	0.0: 1 101 16 528 242 308 692 1024 
6	0.0: 175 153 20 383 264 1 601 895 
6	0.0: 197 152 20 700 166 59 918 943 
4	0.0: 102 129 10 492 261 1 346 879 
6	0.0: 78 124 17 454 254 1 821 971 
4	0.0: 205 126 16 667 300 99 223 1020 
6	0.0: 41 162 20 281 304 1 603 1032 
6	0.0: 112 228 27 343 168 131 745 864 
4	0.0: 130 212 15 394 465 1 547 933 
6	0.0: 165 84 18 213 258 219 747 949 
4	0.0: 165 13 20 448 335 16 568 995 
6	0.0: 32 38 27 341 313 1 737 1023 
4	0.0: 162 257 5 660 227 1 654 948 
6	0.0: 198 73 22 494 193 283 747 1007 
6	0.0: 112 225 5 359 332 424 857 923 
4	0.0: 243 170 22 716 228 1 670 976 
6	0.0: 80 106 32 436 215 1 823 986 
6	0.0: 153 208 2 286 253 25 1036 980 
4	0.0: 201 167 21 572 275 1 358 1007 
6	0.0: 278 1 10 403 162 21 835 1042 
6	0.0: 146 199 26 405 234 1 904 997 
4	0.0: 174 48 13 347 230 114 550 935 
6	0.0: 169 72 24 355 246 295 910 996 
6	0.0: 200 141 11 389 188 1 583 998 
6	0.0: 125 181 15 577 237 180 783 936 
6	0.0: 86 61 16 392 218 32 667 968 
6	0.0: 114 1 16 400 304 50 806 989 
6	0.0: 149 155 25 188 353 1 500 944 
6	0.0: 36 36 3 289 219 1 953 943 
6	0.0: 206 178 18 294 47 110 418 986 
6	0.0: 88 144 20 192 268 1 538 1002 
4	0.0: 78 208 26 430 262 1 588 985 
6	0.0: 97 76 5 365 212 1 819 988 
6	0.0: 73 145 15 185 327 1 999 902 
6	0.0: 146 120 14 214 259 68 808 955 
6	0.0: 1 109 26 219 215 185 581 953 
6	0.0: 103 292 20 494 133 10 551 934 
4	0.0: 96 96 21 574 222 1 711 917 
4	0.0: 202 75 3 556 316 52 451 957 
4	0.0: 90 38 12 630 412 45 801 992 
6	0.0: 95 202 9 227 281 65 724 941 
4	0.0: 21 121 17 482 256 1 325 921 
6	0.0: 226 106 21 328 284 1 613 979 
6	0.0: 313 115 5 465 143 26 563 938 
4	0.0: 254 206 14 509 235 1 567 931 
6	0.0: 170 283 15 358 300 1 608 949 
4	0.0: 64 76 20 591 215 15 767 958 
4	0.0: 159 160 16 679 202 225 417 949 
6	0.0: 193 226 10 387 171 1 687 981 
6	0.0: 69 142 14 373 363 75 916 965 
6	0.0: 126 150 25 208 120 380 567 940 
4	0.0: 46 108 18 563 236 1 719 966 
6	0.0: 194 60 18 417 231 66 670 904 
4	0.0: 1 147 10 605 366 46 458 1004 
6	0.0: 82 245 22 382 373 1 588 919 
4	0.0: 134 218 13 484 192 142 533 948 
6	0.0: 233 197 15 329 308 3 695 947 
4	0.0: 319 140 9 855 320 1 910 1041 
6	0.0: 133 167 21 221 201 1 672 947 
4	0.0: 99 140 15 422 254 1 568 986 
4	0.0: 79 69 9 718 237 1 906 972 
4	0.0: 348 79 11 604 403 111 774 908 
4	0.0: 102 83 19 555 111 1 475 990 
4	0.0: 25 240 23 501 197 189 618 1004 
6	0.0: 313 84 10 466 166 102 653 1043 
4	0.0: 1 147 19 438 313 1 578 965 
4	0.0: 200 12 17 306 349 143 561 993 
6	0.0: 159 129 15 381 254 180 766 928 
