4	0.0: 227 745 49 375 584 320 480 1079 
4	0.0: 317 366 1 494 596 378 654 1107 
4	0.0: 418 371 227 544 660 350 740 946 
4	0.0: 360 667 379 571 555 361 799 1136 
4	0.0: 306 563 497 171 631 436 731 1159 
4	0.0: 352 390 399 493 663 546 763 1260 
4	0.0: 414 293 210 297 780 416 608 1043 
4	0.0: 246 306 514 378 520 389 571 1276 
4	0.0: 230 411 28 376 738 331 681 804 
4	0.0: 213 541 82 425 701 406 414 922 
4	0.0: 273 553 477 475 540 416 392 993 
4	0.0: 164 436 369 409 628 418 838 1340 
4	0.0: 251 364 1 280 521 398 492 1013 
4	0.0: 292 665 230 342 560 455 784 898 
4	0.0: 311 395 1 143 409 353 830 930 
4	0.0: 381 431 265 627 581 388 797 1076 
4	0.0: 416 457 165 327 664 401 529 869 
4	0.0: 232 534 1 520 630 327 575 1040 
4	0.0: 339 249 262 248 654 369 841 950 
4	0.0: 345 491 1 297 531 450 615 744 
4	0.0: 252 685 1 457 673 469 935 883 
4	0.0: 297 544 1 434 780 278 611 909 
4	0.0: 221 197 492 549 686 444 633 1096 
4	0.0: 283 381 68 453 578 390 760 1095 
4	0.0: 389 350 84 284 550 485 646 1006 
4	0.0: 397 384 185 669 476 382 495 1075 
4	0.0: 254 434 144 376 665 461 651 1259 
4	0.0: 334 397 416 340 575 391 705 1082 
4	0.0: 231 270 355 221 593 404 597 853 
4	0.0: 227 509 249 444 431 373 691 1030 
4	0.0: 381 335 1 193 498 399 739 820 
4	0.0: 280 831 217 359 726 504 548 872 
4	0.0: 315 467 108 292 604 425 740 903 
4	0.0: 303 722 210 358 644 441 529 834 
4	0.0: 274 680 525 221 590 438 722 1250 
4	0.0: 373 177 333 310 468 442 612 869 
4	0.0: 248 519 256 350 722 423 606 985 
4	0.0: 304 274 190 84 597 432 580 1169 
4	0.0: 252 369 96 345 704 408 547 1077 
4	0.0: 304 482 1 332 572 422 895 789 
4	0.0: 278 193 85 366 648 469 458 854 
4	0.0: 428 690 382 373 647 382 536 1009 
4	0.0: 424 601 6 530 547 453 438 899 
4	0.0: 258 181 1 393 566 381 652 1074 
4	0.0: 360 306 222 90 560 450 588 774 
4	0.0: 301 603 293 487 707 376 573 900 
4	0.0: 380 337 202 454 646 410 489 1229 
4	0.0: 350 601 71 422 527 470 681 1202 
4	0.0: 290 339 303 419 552 375 496 1184 
4	0.0: 296 375 1 336 824 380 501 708 
4	0.0: 192 388 413 319 557 314 637 523 
4	0.0: 227 592 661 440 540 497 581 1170 
4	0.0: 412 440 1 336 699 360 519 1057 
4	0.0: 233 321 553 387 624 392 610 933 
4	0.0: 292 115 1 289 472 332 405 1023 
4	0.0: 329 400 143 379 723 300 732 920 
4	0.0: 389 1 24 340 585 323 646 984 
4	0.0: 306 639 144 435 635 412 430 1143 
4	0.0: 307 670 1 507 401 443 498 864 
4	0.0: 199 409 368 393 555 338 406 1224 
4	0.0: 373 242 125 395 654 413 450 925 
4	0.0: 343 615 1 538 728 381 785 1127 
4	0.0: 351 612 370 475 584 442 869 771 
4	0.0: 269 518 1 309 591 427 642 757 
4	0.0: 220 393 340 391 536 401 417 610 
4	0.0: 329 604 1 458 576 411 454 881 
4	0.0: 260 683 425 384 726 435 743 1182 
4	0.0: 250 369 217 237 544 357 289 1037 
4	0.0: 312 532 366 382 700 318 680 1168 
4	0.0: 355 164 141 444 782 445 729 747 
4	0.0: 313 422 358 334 448 271 674 970 
4	0.0: 347 486 1 245 587 470 673 958 
4	0.0: 427 343 186 312 567 334 594 835 
4	0.0: 322 434 1 243 568 426 650 962 
4	0.0: 240 420 114 703 695 359 349 713 
4	0.0: 369 260 1 240 646 407 799 961 
4	0.0: 341 550 210 435 662 336 811 968 
4	0.0: 315 444 170 277 477 322 763 828 
4	0.0: 360 338 40 346 644 484 589 923 
4	0.0: 355 374 2 296 575 384 780 946 
4	0.0: 421 384 135 394 760 231 689 914 
4	0.0: 317 586 147 458 694 425 684 776 
4	0.0: 369 375 178 600 511 499 636 1109 
4	0.0: 358 2 154 529 581 371 383 768 
4	0.0: 470 503 224 367 581 315 529 911 
4	0.0: 297 430 1 10 614 488 675 1009 
4	0.0: 398 570 2 415 549 401 722 763 
4	0.0: 426 653 149 279 531 384 811 1147 
4	0.0: 340 809 539 144 610 376 634 1271 
4	0.0: 306 154 6 446 569 407 654 1272 
4	0.0: 337 477 200 345 646 389 622 762 
4	0.0: 223 498 57 300 631 331 736 1174 
4	0.0: 312 822 1 691 503 526 744 944 
4	0.0: 299 556 370 213 681 424 712 1119 
4	0.0: 425 565 96 286 639 391 529 1076 
4	0.0: 383 218 1 323 545 456 443 1010 
4	0.0: 341 577 405 442 476 422 617 849 
4	0.0: 295 303 179 98 384 305 657 1000 
4	0.0: 248 570 1 270 750 338 833 914 
4	0.0: 334 1 260 334 548 353 609 1141 
4	0.0: 272 442 242 364 359 341 845 596 
4	0.0: 319 617 519 511 591 480 463 1292 
4	0.0: 417 376 184 564 500 400 521 1219 
4	0.0: 457 358 1 307 576 416 445 716 
4	0.0: 275 626 1 304 704 388 631 904 
4	0.0: 272 705 1 78 484 397 697 1059 
4	0.0: 437 612 141 317 603 532 737 790 
4	0.0: 283 471 256 405 705 393 917 930 
4	0.0: 252 349 276 563 536 421 760 938 
4	0.0: 330 140 382 162 493 377 591 1586 
4	0.0: 430 261 90 580 760 370 590 1058 
4	0.0: 299 740 95 267 535 423 771 817 
4	0.0: 334 692 9 359 624 405 721 780 
4	0.0: 288 407 122 371 564 242 715 915 
4	0.0: 224 704 276 445 611 401 480 802 
4	0.0: 299 435 472 312 607 333 611 993 
4	0.0: 245 459 63 268 525 404 771 920 
4	0.0: 292 595 183 461 513 291 577 1043 
4	0.0: 232 491 533 541 653 535 774 1239 
4	0.0: 362 450 177 61 492 331 617 1062 
4	0.0: 322 156 167 294 790 355 660 949 
4	0.0: 233 384 544 373 506 430 557 944 
4	0.0: 359 440 182 51 705 456 509 848 
4	0.0: 239 523 447 327 585 459 681 1139 
4	0.0: 287 98 116 392 579 373 660 1219 
4	0.0: 231 751 599 264 518 486 664 1294 
4	0.0: 349 468 297 579 720 362 442 1068 
4	0.0: 279 437 301 310 537 499 719 929 
4	0.0: 364 328 253 458 634 412 679 591 
4	0.0: 278 366 236 407 550 427 834 782 
4	0.0: 304 265 298 543 522 345 720 674 
4	0.0: 280 272 1 282 576 398 913 1257 
4	0.0: 388 562 1 517 534 430 646 1338 
4	0.0: 509 434 360 164 396 396 551 879 
4	0.0: 158 316 1 573 690 384 771 1216 
4	0.0: 400 338 1 427 630 387 758 1010 
4	0.0: 377 145 1 301 725 391 455 943 
4	0.0: 388 475 1 455 509 392 551 1138 
4	0.0: 438 400 221 164 641 487 470 1275 
4	0.0: 299 109 1 568 600 347 611 1203 
4	0.0: 396 236 1 343 719 390 553 1122 
4	0.0: 349 340 56 408 652 454 637 1161 
4	0.0: 264 364 67 219 648 435 628 950 
4	0.0: 186 446 1 450 865 443 708 977 
4	0.0: 362 528 1 379 670 347 277 967 
4	0.0: 297 579 34 463 646 402 541 1072 
4	0.0: 370 345 226 393 569 455 780 904 
4	0.0: 322 216 172 319 604 363 758 923 
4	0.0: 437 98 18 481 672 385 757 1005 
4	0.0: 420 408 254 321 475 516 612 1204 
4	0.0: 330 263 216 514 579 353 596 1035 
4	0.0: 411 304 61 454 500 328 883 924 
4	0.0: 403 483 1 436 544 464 632 1027 
4	0.0: 312 513 359 355 668 269 408 907 
4	0.0: 270 421 168 483 497 440 666 1080 
4	0.0: 261 174 253 509 578 303 780 1143 
4	0.0: 268 473 49 395 636 438 669 661 
4	0.0: 330 474 1 285 551 400 876 945 
4	0.0: 269 126 282 256 500 429 549 876 
4	0.0: 214 670 1 312 622 406 569 815 
4	0.0: 275 411 138 560 594 341 512 929 
4	0.0: 272 693 2 478 599 396 851 889 
4	0.0: 231 293 1 284 603 413 455 820 
4	0.0: 234 533 1 560 605 411 613 804 
4	0.0: 362 209 216 723 746 367 699 697 
3	0.0: 318 414 564 441 701 410 437 861 
4	0.0: 313 380 177 362 516 358 716 1223 
4	0.0: 276 770 145 287 536 317 577 910 
4	0.0: 391 407 168 603 731 314 645 1122 
4	0.0: 264 230 330 220 615 397 470 830 
4	0.0: 272 740 155 416 692 509 679 943 
4	0.0: 259 487 1 499 811 405 756 1128 
4	0.0: 298 404 344 350 495 411 504 797 
4	0.0: 325 591 1 393 608 416 760 1149 
4	0.0: 381 464 40 374 700 452 551 764 
4	0.0: 349 454 306 354 707 444 528 999 
4	0.0: 326 265 1 467 620 422 512 1035 
4	0.0: 362 542 186 329 719 399 606 942 
4	0.0: 249 642 179 289 726 386 527 1040 
4	0.0: 378 407 138 622 648 396 457 1120 
4	0.0: 275 358 59 173 496 404 395 1130 
5	0.0: 289 359 401 546 843 371 714 1483 
5	0.0: 351 487 607 737 672 375 507 1227 
4	0.0: 346 597 191 293 540 436 608 852 
4	0.0: 191 578 87 483 412 334 426 1077 
4	0.0: 212 330 305 202 702 396 769 1325 
4	0.0: 282 258 1 441 678 397 752 1047 
4	0.0: 254 731 208 435 715 436 503 1079 
4	0.0: 381 349 1 277 355 448 883 930 
4	0.0: 98 985 215 573 511 354 380 1230 
4	0.0: 482 378 444 356 434 436 530 1001 
4	0.0: 313 1 1 180 569 432 546 1032 
4	0.0: 306 585 316 211 586 459 465 974 
4	0.0: 269 341 34 474 656 344 819 931 
4	0.0: 321 371 179 364 746 311 606 873 
4	0.0: 323 243 1 362 470 395 566 865 
4	0.0: 283 377 152 436 718 358 778 1129 
4	0.0: 304 358 492 318 610 446 630 1068 
4	0.0: 365 524 1 325 601 381 504 857 
4	0.0: 406 373 138 481 554 462 644 811 
4	0.0: 323 267 127 322 676 464 630 978 
4	0.0: 298 223 447 264 593 365 713 904 
4	0.0: 301 323 333 78 534 424 327 897 
4	0.0: 341 300 1 458 701 429 371 1091 
4	0.0: 399 233 335 554 632 377 774 1358 
4	0.0: 193 318 208 275 522 374 455 808 
4	0.0: 269 509 1 329 514 412 793 1038 
4	0.0: 341 277 263 253 446 426 640 966 
4	0.0: 344 495 23 481 758 331 541 933 
4	0.0: 230 690 58 523 623 479 518 1076 
4	0.0: 236 546 550 531 628 415 727 1041 
4	0.0: 280 550 1 193 550 405 702 877 
4	0.0: 398 252 58 287 627 381 703 880 
4	0.0: 329 253 166 249 596 430 338 1005 
4	0.0: 244 434 1 205 645 333 654 953 
4	0.0: 364 760 1 541 579 403 522 973 
4	0.0: 193 243 645 208 543 455 651 1154 
4	0.0: 410 256 81 313 661 451 670 1197 
4	0.0: 399 474 1 306 696 434 881 1022 
4	0.0: 337 445 164 194 428 445 348 841 
4	0.0: 360 365 34 336 552 413 762 945 
4	0.0: 302 600 167 284 668 457 558 899 
4	0.0: 264 628 1 370 685 411 859 1136 
4	0.0: 378 404 225 219 479 492 602 965 
4	0.0: 303 44 348 326 529 421 481 817 
4	0.0: 434 617 1 115 631 412 693 986 
4	0.0: 303 572 2 574 569 419 521 955 
4	0.0: 368 310 247 336 628 453 368 1194 
4	0.0: 385 180 406 441 557 344 642 724 
4	0.0: 308 290 66 277 540 457 869 1322 
4	0.0: 260 352 281 502 863 378 424 942 
4	0.0: 332 231 292 357 619 389 596 767 
3	0.0: 319 488 637 173 732 418 452 866 
4	0.0: 388 84 1 478 858 467 585 1214 
4	0.0: 229 289 1 278 603 424 865 1077 
4	0.0: 276 387 50 300 632 397 713 1121 
4	0.0: 297 621 160 603 492 400 546 1155 
4	0.0: 365 610 31 190 757 365 570 841 
4	0.0: 348 458 1 397 505 390 823 1021 
4	0.0: 353 396 1 184 639 432 317 1003 
4	0.0: 311 689 76 335 553 430 249 980 
4	0.0: 352 595 265 222 541 373 940 990 
4	0.0: 354 432 274 307 549 389 545 733 
4	0.0: 275 565 534 314 714 416 798 955 
3	0.0: 370 401 466 282 671 334 380 863 
5	0.0: 238 394 592 442 732 399 523 1003 
4	0.0: 335 290 1 385 563 429 478 769 
4	0.0: 391 484 288 470 628 370 467 1126 
4	0.0: 294 483 272 566 645 339 646 1224 
4	0.0: 401 457 286 219 499 384 385 971 
4	0.0: 270 359 1 403 542 372 446 935 
4	0.0: 343 553 167 434 544 379 946 1029 
4	0.0: 363 458 78 195 508 408 679 985 
4	0.0: 389 262 1 136 689 263 414 1171 
4	0.0: 302 433 269 294 617 441 416 905 
4	0.0: 297 187 584 364 682 370 885 1050 
4	0.0: 342 684 59 428 764 374 569 769 
4	0.0: 259 361 30 281 689 386 773 1125 
4	0.0: 345 367 72 376 540 352 532 1109 
4	0.0: 263 288 43 397 394 414 736 949 
4	0.0: 420 571 1 260 567 402 651 815 
4	0.0: 243 223 243 416 604 442 745 1013 
4	0.0: 221 372 236 579 839 441 623 1104 
4	0.0: 477 6 419 430 550 316 699 766 
4	0.0: 411 721 36 463 669 429 475 1139 
4	0.0: 334 923 1 193 497 416 473 1155 
4	0.0: 403 348 1 217 477 381 569 1066 
4	0.0: 412 417 1 384 629 348 759 897 
4	0.0: 369 271 416 436 493 401 384 1122 
4	0.0: 333 313 72 357 515 447 597 824 
4	0.0: 438 544 257 197 583 422 630 1201 
4	0.0: 342 492 168 217 648 405 668 1051 
4	0.0: 196 778 1 440 684 349 686 1182 
4	0.0: 326 177 1 291 590 469 604 837 
4	0.0: 349 331 198 372 699 383 660 1119 
4	0.0: 309 400 1 363 453 397 725 933 
4	0.0: 456 258 159 307 643 399 775 658 
4	0.0: 308 634 337 628 523 426 729 898 
4	0.0: 323 634 187 481 522 416 653 1043 
4	0.0: 331 624 247 254 698 495 471 1258 
4	0.0: 295 347 155 389 479 418 639 908 
4	0.0: 478 641 3 263 683 300 615 867 
3	0.0: 442 686 599 385 701 434 454 929 
4	0.0: 286 437 314 438 632 414 670 1074 
4	0.0: 338 240 284 386 615 381 763 1210 
4	0.0: 232 305 1 513 735 318 858 636 
4	0.0: 384 232 1 536 438 417 749 1029 
4	0.0: 389 574 353 608 584 378 756 1057 
4	0.0: 354 519 432 334 788 351 654 785 
4	0.0: 260 389 122 189 445 355 880 1149 
4	0.0: 335 141 1 347 470 357 612 1168 
4	0.0: 323 303 400 452 654 343 609 907 
4	0.0: 265 440 402 508 507 476 624 1057 
4	0.0: 217 358 1 580 515 400 687 1160 
4	0.0: 431 374 69 415 611 358 729 1293 
4	0.0: 280 577 403 249 639 387 652 1059 
4	0.0: 340 393 5 285 700 430 653 1122 
4	0.0: 333 144 1 237 618 413 686 1212 
4	0.0: 232 527 64 353 670 458 706 877 
4	0.0: 327 419 107 436 717 392 576 966 
4	0.0: 376 306 1 468 883 312 746 1103 
4	0.0: 330 507 333 313 577 445 548 985 
4	0.0: 360 256 67 303 560 440 496 1074 
4	0.0: 399 110 64 493 691 425 729 1103 
1	0.0: 309 313 249 239 621 355 485 590 
4	0.0: 299 311 538 456 491 513 471 919 
4	0.0: 471 34 1 294 617 412 499 936 
4	0.0: 372 328 181 377 681 403 539 1006 
4	0.0: 390 418 172 435 589 441 768 1087 
4	0.0: 372 578 288 307 424 372 659 884 
4	0.0: 293 205 117 122 603 396 654 1143 
4	0.0: 328 371 251 546 404 431 451 1036 
4	0.0: 353 530 1 542 520 463 776 1134 
4	0.0: 319 285 1 270 679 415 508 1052 
4	0.0: 253 270 129 523 599 398 530 957 
3	0.0: 244 223 481 241 712 440 310 940 
4	0.0: 320 275 1 476 574 405 607 1080 
4	0.0: 225 627 237 382 606 447 709 1000 
4	0.0: 435 471 312 378 636 392 531 1272 
4	0.0: 392 502 141 690 491 485 536 1227 
4	0.0: 272 654 58 289 622 427 527 1005 
4	0.0: 349 545 474 393 570 432 445 1160 
4	0.0: 274 787 306 363 462 433 448 1061 
4	0.0: 370 505 466 437 569 377 616 970 
4	0.0: 233 319 212 330 582 411 635 936 
4	0.0: 301 95 136 484 659 421 842 754 
4	0.0: 354 641 493 461 481 491 813 1078 
4	0.0: 194 104 69 265 459 443 549 1125 
4	0.0: 294 704 549 372 496 512 511 868 
4	0.0: 320 359 135 421 566 439 680 1002 
4	0.0: 371 325 126 555 375 407 674 892 
4	0.0: 313 518 249 485 439 363 575 1086 
4	0.0: 271 638 27 340 597 417 724 937 
4	0.0: 253 149 1 326 562 357 817 813 
4	0.0: 317 550 319 377 620 377 538 1092 
4	0.0: 363 82 90 331 521 317 656 960 
4	0.0: 316 209 1 377 376 489 756 1070 
4	0.0: 402 465 151 324 709 398 701 723 
4	0.0: 363 395 252 439 720 373 610 918 
4	0.0: 343 401 1 230 637 343 692 933 
4	0.0: 261 516 1 418 482 350 603 903 
4	0.0: 347 421 1 426 513 412 584 814 
4	0.0: 326 514 51 645 584 339 353 922 
4	0.0: 292 511 147 419 549 369 635 887 
4	0.0: 234 328 312 493 591 416 583 816 
4	0.0: 222 493 280 563 767 402 734 931 
4	0.0: 380 740 192 385 576 397 540 1007 
4	0.0: 380 362 283 134 746 480 781 1121 
4	0.0: 300 178 1 407 630 404 723 755 
4	0.0: 435 580 264 457 593 384 637 822 
4	0.0: 298 504 120 302 661 324 622 953 
1	0.0: 360 527 400 234 442 322 389 598 
4	0.0: 391 241 296 480 511 324 612 737 
4	0.0: 342 743 569 370 639 354 652 765 
4	0.0: 262 184 16 328 765 405 602 978 
4	0.0: 381 527 1 417 563 483 669 874 
4	0.0: 274 576 218 369 686 392 718 973 
4	0.0: 257 391 82 135 560 427 617 854 
4	0.0: 249 407 1 267 375 304 535 852 
4	0.0: 259 635 353 326 767 402 763 871 
4	0.0: 341 319 321 257 554 456 324 889 
4	0.0: 217 530 10 350 698 360 594 835 
4	0.0: 387 407 60 298 640 446 729 989 
4	0.0: 260 421 503 506 439 374 695 1136 
4	0.0: 286 534 279 450 489 413 713 959 
4	0.0: 276 321 194 388 673 392 668 1235 
4	0.0: 414 400 178 642 528 361 579 926 
4	0.0: 345 376 1 208 697 396 559 1091 
4	0.0: 427 523 1 501 684 322 700 924 
4	0.0: 261 336 77 609 515 421 700 1213 
4	0.0: 374 357 1 479 534 510 504 697 
4	0.0: 322 461 461 263 584 373 860 897 
4	0.0: 360 383 326 244 579 367 372 941 
4	0.0: 300 619 250 231 513 408 794 904 
4	0.0: 289 554 384 384 555 387 605 1104 
4	0.0: 460 299 489 239 556 402 584 1029 
4	0.0: 407 211 1 427 588 421 569 937 
4	0.0: 291 265 1 232 598 321 699 1366 
4	0.0: 359 410 1 498 712 385 744 1040 
4	0.0: 322 491 439 576 791 421 801 1260 
4	0.0: 289 468 252 425 427 428 599 1000 
4	0.0: 364 655 42 624 709 345 542 1123 
4	0.0: 377 137 57 425 663 372 565 1173 
4	0.0: 378 634 1 651 634 344 731 982 
4	0.0: 330 472 152 334 616 371 656 1069 
4	0.0: 352 750 137 380 633 339 400 687 
4	0.0: 248 607 14 427 657 340 615 1200 
4	0.0: 302 293 251 529 581 385 775 902 
4	0.0: 384 416 1 442 431 446 584 1131 
4	0.0: 359 280 223 410 632 512 505 924 
4	0.0: 326 271 379 482 665 442 771 1082 
4	0.0: 186 633 1 333 572 344 559 932 
4	0.0: 282 297 362 427 603 318 868 623 
4	0.0: 270 302 84 437 541 370 732 1411 
4	0.0: 398 487 1 363 650 475 564 1084 
4	0.0: 363 589 19 351 693 424 667 953 
4	0.0: 218 575 1 382 537 270 631 1010 
4	0.0: 296 437 218 277 559 358 519 1058 
4	0.0: 162 512 64 197 524 404 524 1184 
4	0.0: 290 317 1 320 530 390 702 1236 
4	0.0: 197 505 517 395 443 234 444 1253 
4	0.0: 231 374 118 399 703 415 739 842 
4	0.0: 291 635 1 540 683 512 528 867 
4	0.0: 399 490 208 208 556 429 591 1050 
4	0.0: 380 398 1 288 605 502 519 769 
4	0.0: 234 385 20 45 783 411 922 847 
4	0.0: 388 262 39 418 541 395 757 537 
4	0.0: 349 367 299 595 578 470 629 849 
5	0.0: 288 376 649 637 662 338 540 1052 
4	0.0: 421 513 348 241 591 330 771 767 
4	0.0: 359 477 278 523 563 489 600 1052 
4	0.0: 344 324 44 623 649 474 832 1127 
3	0.0: 274 475 267 46 671 402 289 983 
4	0.0: 301 438 56 316 618 370 841 1231 
4	0.0: 359 646 154 760 657 442 569 798 
4	0.0: 318 317 101 309 617 366 684 835 
4	0.0: 265 465 311 403 543 440 536 1037 
4	0.0: 308 637 205 514 575 402 729 688 
4	0.0: 277 214 1 389 741 372 461 948 
4	0.0: 327 673 151 597 666 450 555 945 
4	0.0: 280 447 1 364 392 346 904 1083 
4	0.0: 352 487 1 491 629 371 856 1143 
4	0.0: 246 702 60 504 365 361 639 913 
4	0.0: 397 443 353 398 588 312 568 1243 
4	0.0: 312 318 382 439 579 385 746 915 
4	0.0: 304 344 223 473 621 361 767 1197 
4	0.0: 325 691 243 443 629 403 535 1043 
4	0.0: 270 238 111 385 730 442 661 1252 
4	0.0: 290 673 257 403 567 475 687 781 
4	0.0: 455 231 99 341 754 403 557 1172 
4	0.0: 410 451 1 392 500 329 842 975 
4	0.0: 299 53 25 195 711 359 610 947 
4	0.0: 350 450 327 486 602 323 656 864 
4	0.0: 287 605 290 455 563 411 619 889 
4	0.0: 242 319 217 301 697 398 331 1099 
4	0.0: 432 393 567 475 615 424 589 887 
4	0.0: 276 414 136 318 503 328 507 1194 
4	0.0: 368 397 1 291 458 369 445 1038 
4	0.0: 328 575 1 400 648 374 400 995 
4	0.0: 395 306 274 435 524 383 447 1016 
4	0.0: 320 294 156 307 419 457 484 786 
4	0.0: 419 672 1 554 613 483 603 1059 
4	0.0: 289 337 76 395 726 484 584 923 
4	0.0: 352 344 47 221 546 422 530 1086 
4	0.0: 167 299 300 230 519 422 420 1308 
4	0.0: 360 583 1 238 759 336 694 802 
4	0.0: 239 285 147 268 656 332 430 1026 
4	0.0: 346 506 1 461 498 405 600 703 
4	0.0: 375 290 1 272 560 494 522 984 
4	0.0: 318 439 379 529 441 405 521 697 
4	0.0: 351 187 127 527 434 298 674 1089 
4	0.0: 339 553 30 431 505 416 740 1172 
4	0.0: 214 127 47 568 648 496 706 1273 
4	0.0: 406 263 164 320 491 390 673 864 
4	0.0: 345 474 198 223 701 377 775 1030 
4	0.0: 316 263 246 233 591 414 753 1305 
4	0.0: 311 416 301 362 541 412 705 959 
4	0.0: 277 580 309 584 562 489 821 769 
4	0.0: 485 715 1 465 367 366 585 928 
4	0.0: 290 381 1 182 696 440 622 1035 
4	0.0: 284 572 109 242 705 552 721 1123 
4	0.0: 412 516 1 399 648 399 668 928 
4	0.0: 229 209 1 376 492 482 750 1194 
4	0.0: 243 315 128 449 516 390 466 983 
4	0.0: 267 565 109 351 609 442 430 1078 
4	0.0: 217 434 117 518 517 406 542 1019 
4	0.0: 336 489 158 406 744 387 594 1035 
4	0.0: 288 398 92 180 439 377 690 1059 
4	0.0: 426 497 1 421 537 371 438 895 
4	0.0: 442 393 11 355 612 429 516 1104 
4	0.0: 314 456 81 344 515 289 670 1013 
4	0.0: 387 510 1 473 328 385 729 792 
4	0.0: 300 624 4 485 589 442 809 855 
4	0.0: 288 589 1 498 393 415 660 833 
4	0.0: 277 321 1 449 696 424 578 889 
4	0.0: 350 306 1 315 544 446 560 1248 
4	0.0: 335 205 96 372 532 376 620 1145 
4	0.0: 207 486 402 396 532 333 321 1146 
4	0.0: 203 472 8 231 673 462 595 985 
4	0.0: 347 463 1 360 505 355 621 1219 
4	0.0: 239 521 1 410 432 406 317 851 
4	0.0: 288 490 446 349 705 410 563 1269 
4	0.0: 438 435 1 521 675 385 714 1009 
4	0.0: 175 630 1 325 540 388 508 809 
4	0.0: 207 249 8 499 620 346 633 680 
4	0.0: 348 256 1 420 558 352 563 894 
4	0.0: 396 204 1 515 574 442 582 972 
4	0.0: 354 387 1 329 450 344 597 814 
4	0.0: 329 594 1 465 682 423 654 1096 
4	0.0: 349 574 424 406 621 437 590 702 
4	0.0: 458 313 67 433 511 507 526 1193 
4	0.0: 228 493 15 698 568 416 713 836 
4	0.0: 459 562 60 507 687 367 597 811 
4	0.0: 371 368 98 375 478 372 364 921 
4	0.0: 347 234 1 392 641 459 696 1028 
4	0.0: 388 506 125 150 705 470 662 941 
4	0.0: 398 438 77 345 460 405 586 1240 
4	0.0: 300 581 62 432 660 421 675 950 
4	0.0: 345 431 634 410 552 385 647 1134 
4	0.0: 460 537 95 225 572 379 810 1342 
4	0.0: 294 793 138 360 669 398 731 1034 
4	0.0: 334 470 372 522 749 453 693 1083 
4	0.0: 299 767 560 430 430 406 537 996 
4	0.0: 277 804 1 297 585 400 599 848 
5	0.0: 270 262 550 421 870 435 832 1345 
4	0.0: 286 156 15 340 539 431 598 792 
4	0.0: 234 11 1 447 393 403 626 936 
4	0.0: 363 348 113 445 405 366 501 904 
4	0.0: 258 433 1 343 522 343 548 1039 
4	0.0: 406 324 235 359 656 497 503 1080 
4	0.0: 381 385 93 345 626 468 440 1099 
4	0.0: 420 551 1 285 619 458 646 969 
4	0.0: 407 334 227 350 577 414 788 1154 
4	0.0: 219 673 28 373 511 395 590 1150 
4	0.0: 296 598 192 102 745 401 638 1057 
4	0.0: 270 188 229 412 530 325 648 1168 
4	0.0: 363 574 1 455 662 426 505 991 
4	0.0: 303 142 166 266 539 436 693 1032 
4	0.0: 484 394 85 361 698 386 529 960 
4	0.0: 486 255 228 424 346 449 733 1001 
4	0.0: 210 369 386 362 426 393 779 1168 
4	0.0: 219 547 1 239 651 363 561 756 
4	0.0: 350 631 1 400 595 315 651 1201 
4	0.0: 383 488 1 394 631 407 493 898 
4	0.0: 263 401 1 530 502 446 729 684 
1	0.0: 431 445 282 433 713 427 400 620 
4	0.0: 294 409 78 242 805 385 573 1053 
4	0.0: 287 803 148 195 518 518 208 801 
4	0.0: 295 315 378 441 516 472 545 1404 
4	0.0: 284 657 249 391 494 400 759 957 
4	0.0: 254 468 423 498 669 448 710 1013 
4	0.0: 272 458 125 561 655 340 858 1046 
4	0.0: 370 656 118 466 589 355 355 593 
4	0.0: 431 236 1 197 482 437 827 962 
4	0.0: 349 416 445 430 720 358 616 1108 
1	0.0: 357 507 1 394 758 345 572 512 
4	0.0: 313 490 1 621 675 408 584 878 
4	0.0: 314 845 1 461 619 400 841 1070 
4	0.0: 221 475 329 459 495 391 776 714 
4	0.0: 431 313 260 416 602 369 553 899 
4	0.0: 278 588 164 518 507 458 667 1087 
4	0.0: 187 444 206 397 594 371 362 870 
4	0.0: 308 522 156 356 535 461 826 954 
4	0.0: 378 156 1 372 703 380 536 1046 
4	0.0: 375 711 302 458 743 422 320 991 
4	0.0: 282 686 244 430 629 370 355 1082 
4	0.0: 312 421 218 450 632 462 681 764 
4	0.0: 372 563 108 419 716 456 579 1085 
4	0.0: 266 408 95 322 625 478 655 1068 
4	0.0: 334 432 56 365 631 414 526 911 
4	0.0: 209 354 147 463 675 392 674 1071 
4	0.0: 284 674 1 515 651 387 717 887 
4	0.0: 389 329 214 514 576 441 527 838 
4	0.0: 275 690 1 444 615 332 461 1177 
4	0.0: 350 203 43 433 719 415 596 814 
4	0.0: 271 460 470 485 590 463 566 1110 
4	0.0: 401 403 1 507 681 381 686 1014 
4	0.0: 315 583 413 151 569 342 626 776 
4	0.0: 317 392 178 325 501 374 545 972 
4	0.0: 369 202 1 543 559 505 589 1064 
4	0.0: 364 564 1 571 574 344 660 862 
4	0.0: 415 349 176 141 725 403 722 1142 
4	0.0: 418 488 363 533 524 249 1025 1234 
4	0.0: 258 209 210 144 728 386 555 1099 
4	0.0: 398 695 24 557 356 261 565 1178 
4	0.0: 372 416 517 491 360 395 794 1043 
4	0.0: 307 705 1 202 533 386 719 1018 
4	0.0: 268 515 99 272 382 376 654 956 
4	0.0: 288 228 249 284 543 468 865 957 
1	0.0: 402 136 268 258 801 443 541 657 
4	0.0: 501 52 1 221 516 460 799 1226 
4	0.0: 251 510 166 320 465 480 522 1022 
4	0.0: 267 504 1 122 622 351 443 883 
4	0.0: 438 677 78 246 458 505 770 1046 
4	0.0: 231 433 324 418 494 424 533 966 
4	0.0: 458 335 18 360 550 309 610 1132 
4	0.0: 329 470 363 284 552 411 477 871 
4	0.0: 376 637 8 470 585 445 551 1081 
4	0.0: 374 176 65 564 786 512 590 913 
4	0.0: 207 324 217 504 589 397 819 1148 
4	0.0: 351 633 214 418 659 373 546 1056 
4	0.0: 443 471 172 182 619 363 628 853 
4	0.0: 358 345 1 462 422 366 701 1090 
4	0.0: 437 202 266 481 487 348 646 1021 
4	0.0: 262 611 60 317 719 417 883 575 
4	0.0: 411 524 12 419 532 491 604 759 
4	0.0: 321 526 341 427 609 446 519 1131 
4	0.0: 383 309 1 350 739 283 581 837 
4	0.0: 354 363 157 275 758 377 557 882 
4	0.0: 361 484 189 595 582 317 761 1203 
4	0.0: 339 296 196 453 453 401 422 1040 
4	0.0: 307 534 48 530 673 420 758 918 
4	0.0: 414 585 242 333 638 403 542 953 
4	0.0: 305 606 1 321 668 337 610 871 
4	0.0: 376 84 1 438 676 426 528 1186 
4	0.0: 323 229 1 434 336 414 485 927 
4	0.0: 339 390 123 252 564 399 753 1062 
4	0.0: 388 419 92 393 776 461 766 1124 
4	0.0: 291 818 1 376 615 371 467 1093 
3	0.0: 411 368 675 355 581 411 542 1033 
4	0.0: 299 565 273 186 687 414 623 690 
4	0.0: 315 281 1 581 635 399 520 894 
4	0.0: 306 523 159 532 581 380 236 1040 
4	0.0: 315 256 186 504 613 383 482 912 
4	0.0: 246 276 82 597 609 388 586 1033 
4	0.0: 316 502 502 64 496 534 577 969 
1	0.0: 271 419 310 157 477 427 333 532 
4	0.0: 265 72 457 374 587 339 673 1099 
4	0.0: 274 229 144 317 550 378 665 881 
4	0.0: 249 261 1 253 729 430 411 1130 
4	0.0: 263 669 1 466 688 372 536 725 
4	0.0: 332 553 101 285 734 300 649 939 
4	0.0: 448 454 302 306 511 423 764 825 
4	0.0: 322 370 324 522 660 354 731 929 
4	0.0: 286 347 64 387 501 320 729 985 
4	0.0: 216 418 1 452 505 358 544 1114 
4	0.0: 238 236 303 347 576 428 485 1093 
4	0.0: 324 253 1 260 681 367 635 694 
4	0.0: 376 356 1 521 556 342 566 1036 
4	0.0: 404 444 43 442 341 425 419 913 
4	0.0: 305 592 103 314 370 443 389 1184 
4	0.0: 348 440 213 417 557 398 521 974 
4	0.0: 377 171 1 307 814 448 832 1182 
4	0.0: 336 756 1 231 658 460 534 1029 
4	0.0: 343 684 1 355 457 418 516 1028 
4	0.0: 275 461 1 447 609 427 396 797 
4	0.0: 380 544 10 626 314 390 647 793 
4	0.0: 302 897 348 494 585 381 613 812 
4	0.0: 383 498 294 382 663 485 790 909 
4	0.0: 302 379 89 320 451 396 516 1108 
4	0.0: 291 162 460 387 679 428 832 865 
4	0.0: 276 281 11 271 715 432 712 1056 
4	0.0: 368 238 169 458 823 379 558 840 
4	0.0: 348 545 562 470 519 395 693 856 
4	0.0: 384 308 131 609 446 471 580 935 
4	0.0: 357 775 93 454 706 326 799 1023 
4	0.0: 323 455 261 268 548 386 797 867 
4	0.0: 278 225 18 437 773 454 735 1050 
4	0.0: 373 385 1 286 540 458 737 801 
4	0.0: 365 498 284 190 567 313 634 1081 
4	0.0: 391 570 1 245 567 471 560 947 
4	0.0: 332 542 1 614 483 410 554 1109 
4	0.0: 300 591 129 329 652 376 439 708 
4	0.0: 504 314 281 471 653 482 302 1059 
4	0.0: 272 455 239 257 433 311 733 891 
4	0.0: 317 456 1 460 617 345 734 883 
4	0.0: 467 675 216 518 606 485 464 1248 
4	0.0: 210 548 1 399 642 357 836 1120 
4	0.0: 239 184 234 442 702 388 748 895 
4	0.0: 373 676 705 457 429 391 618 836 
3	0.0: 335 535 686 305 600 431 533 898 
4	0.0: 428 510 174 373 506 446 699 1377 
4	0.0: 291 446 318 425 722 418 466 1101 
4	0.0: 484 441 1 335 748 389 766 1180 
4	0.0: 343 605 84 553 615 358 606 998 
4	0.0: 488 593 314 326 634 517 673 1173 
4	0.0: 427 807 1 377 537 336 748 1004 
4	0.0: 376 118 29 448 670 370 648 608 
4	0.0: 330 500 344 327 668 381 846 1113 
4	0.0: 336 273 351 323 682 266 546 1154 
4	0.0: 207 266 81 356 565 359 630 851 
4	0.0: 332 481 125 391 544 423 663 1054 
4	0.0: 314 186 210 401 540 384 536 1074 
4	0.0: 495 525 358 429 616 410 674 997 
4	0.0: 139 401 1 371 688 500 835 1147 
4	0.0: 438 347 1 449 584 348 608 1011 
4	0.0: 348 422 1 328 658 368 531 746 
4	0.0: 345 206 1 322 688 357 660 841 
4	0.0: 396 411 38 281 547 372 731 1125 
4	0.0: 306 458 1 366 591 371 434 1103 
4	0.0: 256 519 291 449 631 394 519 857 
4	0.0: 350 353 1 560 692 446 610 928 
4	0.0: 423 474 189 265 810 364 765 1058 
4	0.0: 450 370 80 69 472 383 587 1194 
4	0.0: 282 245 1 333 369 496 752 1124 
4	0.0: 347 239 1 457 723 445 490 810 
4	0.0: 381 813 84 361 717 389 396 1102 
4	0.0: 361 427 1 549 692 404 435 1125 
4	0.0: 350 335 256 428 730 379 680 1024 
4	0.0: 411 582 248 412 580 428 620 1299 
4	0.0: 287 392 193 522 470 407 596 768 
4	0.0: 339 591 1 354 668 433 371 955 
4	0.0: 384 537 291 281 549 425 513 885 
4	0.0: 345 298 1 382 459 331 485 740 
4	0.0: 421 15 380 336 620 447 390 1130 
4	0.0: 175 274 8 376 398 399 457 1063 
4	0.0: 484 515 1 665 671 363 548 1047 
3	0.0: 409 370 443 265 771 490 476 1082 
4	0.0: 249 547 1 389 691 360 536 1160 
4	0.0: 260 587 466 652 557 423 608 1035 
4	0.0: 294 546 214 570 420 346 616 912 
4	0.0: 379 436 582 483 631 398 707 916 
4	0.0: 328 725 334 447 792 378 664 902 
4	0.0: 189 556 1 529 338 357 634 963 
4	0.0: 329 609 432 493 496 451 641 757 
4	0.0: 323 252 126 649 875 290 755 1092 
4	0.0: 274 730 536 481 707 403 808 691 
4	0.0: 446 396 97 383 500 483 591 968 
4	0.0: 317 74 1 396 471 444 539 1073 
4	0.0: 299 294 1 393 568 404 538 922 
4	0.0: 288 362 98 257 691 404 439 789 
4	0.0: 391 576 74 557 748 492 713 1363 
4	0.0: 298 313 172 620 658 427 870 1214 
4	0.0: 370 422 1 552 658 354 475 1023 
4	0.0: 398 410 342 357 595 430 546 1022 
4	0.0: 248 307 85 331 710 430 491 1053 
4	0.0: 276 457 193 517 479 402 563 1258 
4	0.0: 313 442 37 491 440 321 799 1142 
4	0.0: 423 362 252 408 641 463 767 901 
4	0.0: 209 520 410 301 599 363 723 987 
4	0.0: 362 379 20 374 617 373 603 1241 
4	0.0: 286 416 1 320 479 358 467 834 
4	0.0: 305 537 332 392 499 402 188 1086 
4	0.0: 295 488 221 464 626 463 358 1204 
4	0.0: 363 362 101 385 665 479 538 1066 
4	0.0: 411 512 1 544 801 462 788 733 
4	0.0: 395 568 210 539 589 400 715 1059 
4	0.0: 361 494 196 291 600 384 681 1135 
4	0.0: 275 249 371 451 570 414 671 704 
4	0.0: 376 207 1 584 636 458 718 1160 
4	0.0: 317 290 23 542 508 395 641 988 
4	0.0: 297 475 1 317 618 384 752 896 
4	0.0: 330 235 377 355 519 278 501 971 
4	0.0: 146 275 144 526 615 380 513 1105 
4	0.0: 383 255 226 358 646 485 582 1066 
4	0.0: 359 632 1 273 604 320 734 1082 
4	0.0: 347 428 475 410 649 366 521 1145 
4	0.0: 318 357 1 275 488 444 404 1235 
4	0.0: 316 619 1 326 593 453 594 1004 
4	0.0: 499 451 230 257 633 417 573 816 
4	0.0: 279 51 77 385 544 452 513 1146 
4	0.0: 219 321 253 503 699 466 682 1184 
4	0.0: 371 381 1 419 665 409 674 908 
4	0.0: 275 338 109 237 697 388 861 971 
4	0.0: 282 473 219 518 581 391 512 939 
4	0.0: 313 417 115 467 507 464 605 963 
4	0.0: 255 495 90 409 707 399 655 1011 
4	0.0: 386 452 466 218 549 431 715 735 
4	0.0: 317 371 218 307 557 405 435 1221 
4	0.0: 306 555 1 329 560 383 728 897 
4	0.0: 326 286 1 287 621 323 816 922 
4	0.0: 339 413 356 373 387 510 433 999 
4	0.0: 285 292 82 402 559 437 707 826 
4	0.0: 308 896 140 237 562 371 609 1144 
4	0.0: 360 406 1 248 726 340 528 984 
4	0.0: 326 354 180 448 534 438 630 952 
4	0.0: 419 481 162 568 502 397 641 1040 
4	0.0: 344 313 1 552 818 450 558 753 
4	0.0: 301 221 212 463 518 386 748 1048 
4	0.0: 298 431 77 523 426 430 572 1226 
4	0.0: 322 318 94 462 705 449 514 979 
4	0.0: 357 375 90 532 451 424 445 825 
4	0.0: 287 587 172 274 665 446 474 1219 
4	0.0: 230 573 1 175 774 351 634 1044 
4	0.0: 245 426 230 378 673 344 341 880 
4	0.0: 253 357 234 281 627 454 696 1018 
4	0.0: 391 309 221 391 801 361 712 675 
4	0.0: 253 575 193 246 677 326 668 986 
4	0.0: 379 350 390 500 568 405 335 1048 
4	0.0: 264 356 584 592 660 429 746 794 
4	0.0: 288 624 142 333 595 422 612 1154 
4	0.0: 318 484 172 451 399 401 826 1012 
4	0.0: 357 376 1 248 768 398 781 1163 
4	0.0: 362 531 251 146 735 357 747 1353 
4	0.0: 415 515 1 425 634 342 535 1018 
4	0.0: 298 539 224 245 639 346 899 1258 
4	0.0: 328 796 357 620 637 404 665 912 
4	0.0: 333 425 157 468 660 299 535 787 
4	0.0: 364 341 130 361 806 444 479 1059 
4	0.0: 316 566 324 315 419 447 862 796 
4	0.0: 274 265 151 297 468 326 494 812 
4	0.0: 422 202 1 363 571 387 671 996 
4	0.0: 435 625 252 450 567 470 627 1128 
4	0.0: 323 132 110 232 569 371 823 1088 
4	0.0: 326 662 325 383 666 475 818 1470 
4	0.0: 280 396 207 363 778 374 564 1032 
4	0.0: 235 376 279 286 580 388 578 1145 
4	0.0: 385 526 1 410 666 326 721 609 
4	0.0: 297 490 1 217 720 298 663 957 
4	0.0: 332 506 1 390 599 439 515 888 
4	0.0: 399 619 290 340 736 377 922 565 
4	0.0: 327 192 249 284 575 417 356 998 
4	0.0: 410 355 440 420 522 468 831 918 
4	0.0: 406 302 428 520 528 446 751 1067 
4	0.0: 357 350 374 443 578 461 764 1152 
4	0.0: 259 473 71 500 484 445 479 1104 
4	0.0: 349 420 141 272 796 317 471 1067 
4	0.0: 185 589 184 373 548 471 674 634 
4	0.0: 217 256 428 517 590 384 687 931 
4	0.0: 283 477 374 236 495 490 495 735 
4	0.0: 382 701 1 632 618 524 343 830 
4	0.0: 326 460 235 385 530 388 491 759 
4	0.0: 306 594 157 355 368 348 842 1058 
4	0.0: 400 603 1 398 724 388 676 1193 
4	0.0: 331 495 88 585 505 482 365 1032 
4	0.0: 227 311 1 220 766 383 746 947 
4	0.0: 244 493 3 381 729 364 838 1048 
4	0.0: 332 289 100 411 374 488 361 942 
4	0.0: 272 687 165 499 780 370 646 690 
5	0.0: 294 347 443 595 750 424 378 1202 
4	0.0: 370 382 20 308 813 458 783 1113 
4	0.0: 351 328 165 258 753 352 517 869 
4	0.0: 262 354 14 291 422 432 432 935 
4	0.0: 309 359 512 544 576 348 538 1087 
4	0.0: 461 125 1 289 648 442 639 1145 
4	0.0: 413 528 324 326 656 465 363 941 
4	0.0: 379 421 108 475 433 418 1011 1231 
4	0.0: 334 697 104 344 575 396 535 1099 
4	0.0: 216 224 1 362 340 434 449 781 
4	0.0: 438 531 287 593 702 410 560 1153 
4	0.0: 309 203 383 358 433 455 650 609 
4	0.0: 268 345 45 517 556 378 735 962 
4	0.0: 369 216 106 512 655 400 451 971 
4	0.0: 362 1 1 238 703 444 501 1073 
4	0.0: 232 631 169 257 561 423 707 1459 
4	0.0: 339 1 414 475 533 451 650 929 
4	0.0: 402 537 171 290 616 384 670 1109 
4	0.0: 227 319 79 516 620 490 541 987 
4	0.0: 326 291 70 434 586 355 743 1032 
4	0.0: 327 557 1 567 561 384 577 1008 
4	0.0: 278 478 290 410 762 412 693 1125 
4	0.0: 354 1 1 334 715 395 585 887 
4	0.0: 274 440 1 463 645 470 585 917 
4	0.0: 268 765 168 370 521 357 973 1052 
4	0.0: 417 520 141 503 512 381 806 772 
4	0.0: 300 545 1 338 634 388 736 1408 
4	0.0: 302 358 170 299 512 352 726 1440 
4	0.0: 223 250 1 514 498 336 760 1192 
4	0.0: 382 342 337 275 601 419 656 1455 
4	0.0: 287 350 89 318 361 409 509 913 
4	0.0: 325 606 128 704 618 470 460 1003 
4	0.0: 325 157 1 394 629 318 658 919 
4	0.0: 402 412 1 238 586 387 702 1012 
4	0.0: 431 308 1 314 768 366 324 902 
4	0.0: 381 514 1 580 704 317 433 1127 
4	0.0: 263 301 479 358 489 398 802 1125 
4	0.0: 426 305 1 228 487 496 686 915 
4	0.0: 376 529 1 233 593 308 656 814 
4	0.0: 319 646 319 362 631 456 815 914 
4	0.0: 301 368 1 410 560 423 859 1015 
4	0.0: 229 210 1 491 715 437 266 991 
4	0.0: 301 748 91 538 558 428 606 1267 
4	0.0: 174 517 92 264 582 354 911 834 
4	0.0: 339 378 318 319 812 393 537 1263 
4	0.0: 178 357 187 374 641 383 574 847 
4	0.0: 340 466 187 423 605 403 624 693 
4	0.0: 360 694 1 361 558 433 369 1006 
4	0.0: 372 295 1 386 610 376 771 798 
4	0.0: 341 338 172 416 756 399 638 1020 
4	0.0: 352 296 1 268 679 304 659 593 
4	0.0: 246 119 419 445 509 470 638 849 
4	0.0: 424 342 1 407 511 442 733 914 
4	0.0: 392 332 401 169 530 429 434 1273 
4	0.0: 348 534 126 525 537 401 603 1234 
4	0.0: 292 662 60 569 765 466 678 1063 
4	0.0: 379 415 1 320 681 468 862 980 
4	0.0: 195 472 247 276 603 436 729 1091 
4	0.0: 376 180 1 268 551 408 613 851 
4	0.0: 316 394 126 141 739 390 419 1072 
4	0.0: 261 125 99 423 371 384 342 1108 
4	0.0: 392 555 435 480 513 409 462 1307 
4	0.0: 210 407 257 484 656 487 683 1000 
4	0.0: 395 372 1 415 604 441 599 1043 
4	0.0: 354 253 1 293 350 409 453 861 
4	0.0: 278 477 1 539 546 447 781 780 
4	0.0: 331 430 377 324 786 463 843 833 
4	0.0: 462 417 263 596 623 424 412 1072 
4	0.0: 497 1 363 462 559 387 585 989 
4	0.0: 347 230 498 365 532 343 405 1099 
1	0.0: 310 696 280 349 753 459 476 583 
3	0.0: 359 626 473 157 759 419 464 900 
4	0.0: 352 189 47 228 452 437 768 1243 
4	0.0: 394 464 73 384 643 338 645 1000 
4	0.0: 313 362 205 330 673 354 706 950 
4	0.0: 314 373 103 318 655 470 393 705 
4	0.0: 277 435 5 420 497 468 650 874 
4	0.0: 312 470 1 441 480 395 734 913 
4	0.0: 344 617 1 190 644 428 621 1210 
4	0.0: 379 682 243 522 696 477 616 1079 
4	0.0: 311 573 1 445 667 390 701 1020 
4	0.0: 298 530 187 142 648 359 518 1034 
4	0.0: 332 252 293 362 553 403 768 1073 
4	0.0: 357 225 370 381 550 420 601 772 
4	0.0: 382 356 508 384 584 404 739 1221 
4	0.0: 437 347 1 295 615 431 674 847 
4	0.0: 288 578 105 538 598 376 551 1038 
4	0.0: 355 289 464 483 640 362 600 1222 
4	0.0: 319 679 307 387 593 368 610 712 
4	0.0: 393 318 1 209 573 422 694 1178 
4	0.0: 265 430 270 440 527 470 635 956 
4	0.0: 404 245 264 509 571 415 567 998 
4	0.0: 320 221 310 599 915 364 715 929 
4	0.0: 304 185 443 461 665 390 507 1024 
4	0.0: 318 747 79 535 614 430 686 1068 
4	0.0: 280 493 1 456 658 389 520 1231 
4	0.0: 260 525 281 553 463 436 596 1226 
4	0.0: 323 550 1 476 656 368 654 774 
4	0.0: 274 507 1 589 329 371 626 754 
4	0.0: 308 571 131 424 541 406 616 1185 
4	0.0: 235 350 71 335 438 436 629 989 
4	0.0: 322 535 321 364 633 396 768 871 
4	0.0: 387 733 1 392 549 388 526 1026 
4	0.0: 385 408 1 364 621 304 625 964 
4	0.0: 315 576 11 336 602 309 793 918 
4	0.0: 314 397 118 383 640 399 635 893 
4	0.0: 354 403 206 391 683 419 753 567 
4	0.0: 242 470 97 332 616 382 473 768 
4	0.0: 419 510 270 381 649 454 486 968 
4	0.0: 331 281 75 337 416 317 480 1016 
4	0.0: 325 540 277 371 795 428 553 1168 
4	0.0: 360 279 309 188 701 442 787 979 
4	0.0: 301 293 1 412 602 390 746 638 
4	0.0: 257 372 646 335 498 401 816 780 
4	0.0: 404 495 1 349 691 421 750 1089 
4	0.0: 339 84 344 543 679 397 728 1008 
4	0.0: 327 286 44 609 541 400 594 889 
4	0.0: 326 428 212 553 466 346 737 1206 
4	0.0: 253 392 95 550 586 476 634 1141 
4	0.0: 288 449 76 214 481 430 736 806 
4	0.0: 332 480 132 305 605 434 472 1424 
4	0.0: 231 703 111 421 428 467 502 1043 
4	0.0: 414 207 1 358 452 397 592 975 
4	0.0: 364 612 1 479 552 366 639 922 
4	0.0: 268 448 375 553 606 350 582 1012 
4	0.0: 434 408 66 245 517 420 529 1081 
4	0.0: 434 495 1 419 648 374 694 1001 
4	0.0: 220 549 188 505 851 496 369 1045 
4	0.0: 141 584 1 517 624 349 759 1075 
4	0.0: 337 424 254 397 468 370 547 1033 
4	0.0: 258 435 1 545 369 434 825 859 
4	0.0: 262 809 68 589 556 365 439 1130 
4	0.0: 397 502 96 566 703 393 858 1030 
4	0.0: 462 475 1 279 618 440 651 1067 
4	0.0: 343 311 151 638 439 344 899 918 
4	0.0: 228 513 149 404 444 389 608 1332 
4	0.0: 239 214 331 359 546 407 619 1165 
4	0.0: 292 451 160 308 374 461 765 1119 
4	0.0: 387 448 300 516 697 497 703 1145 
4	0.0: 297 409 1 267 489 452 566 955 
4	0.0: 352 616 1 337 621 449 686 1254 
4	0.0: 332 251 1 341 560 340 486 1343 
4	0.0: 306 640 210 355 587 329 737 844 
4	0.0: 409 540 300 354 627 386 548 960 
4	0.0: 282 290 170 116 643 470 605 908 
4	0.0: 335 335 1 427 481 327 570 976 
4	0.0: 329 623 212 444 620 493 819 1140 
4	0.0: 295 573 214 562 534 425 1058 1245 
4	0.0: 326 514 129 332 734 389 537 977 
4	0.0: 245 579 170 380 528 413 539 1182 
4	0.0: 309 406 427 412 688 370 480 898 
4	0.0: 336 299 1 449 577 361 787 1245 
4	0.0: 315 721 12 441 601 384 481 985 
4	0.0: 397 646 196 410 673 442 653 921 
4	0.0: 335 411 442 450 583 447 842 851 
4	0.0: 360 739 1 276 574 341 649 1273 
4	0.0: 346 456 206 422 480 470 756 1224 
4	0.0: 315 554 112 391 604 430 517 1286 
4	0.0: 198 430 41 486 549 365 499 1325 
4	0.0: 226 196 1 379 682 363 431 1132 
4	0.0: 400 547 90 336 522 437 494 693 
4	0.0: 387 527 156 390 548 426 656 811 
4	0.0: 361 173 31 341 666 376 765 699 
4	0.0: 331 702 381 459 603 433 746 936 
4	0.0: 302 817 362 445 693 471 801 1181 
4	0.0: 240 608 105 383 534 365 668 588 
4	0.0: 355 409 1 543 568 396 272 925 
4	0.0: 307 731 1 381 445 384 471 963 
4	0.0: 329 317 1 52 601 458 861 999 
4	0.0: 483 154 281 167 619 388 520 1105 
4	0.0: 248 299 1 552 741 423 555 1174 
4	0.0: 191 474 101 185 800 390 666 1062 
4	0.0: 375 145 379 570 585 451 572 927 
4	0.0: 314 574 194 482 692 403 689 980 
4	0.0: 394 747 200 238 654 361 564 648 
4	0.0: 342 250 1 288 629 443 680 938 
4	0.0: 328 292 129 266 619 367 339 971 
4	0.0: 326 461 4 521 566 464 676 1025 
4	0.0: 416 237 246 421 704 300 612 1057 
4	0.0: 347 286 3 414 435 414 781 1010 
4	0.0: 344 462 56 384 569 410 686 980 
4	0.0: 248 408 198 335 790 350 506 1037 
4	0.0: 348 303 10 144 576 450 556 618 
4	0.0: 430 555 140 387 585 497 730 681 
4	0.0: 393 195 1 221 593 471 443 987 
4	0.0: 289 560 1 522 458 409 568 936 
4	0.0: 276 514 91 415 584 420 671 999 
3	0.0: 333 100 673 422 640 435 557 648 
4	0.0: 407 539 1 376 462 404 619 1147 
4	0.0: 369 610 107 233 648 403 679 1004 
4	0.0: 382 466 208 553 784 406 512 1175 
4	0.0: 215 305 116 322 597 434 419 975 
4	0.0: 377 372 1 527 454 387 950 892 
4	0.0: 209 444 64 207 661 324 592 1252 
4	0.0: 341 122 1 324 585 286 415 908 
4	0.0: 451 510 273 231 575 429 469 1115 
4	0.0: 392 634 11 361 589 484 722 1008 
4	0.0: 262 370 1 381 677 341 690 975 
4	0.0: 379 719 313 365 669 350 565 949 
4	0.0: 231 537 1 453 450 401 526 881 
4	0.0: 282 318 162 245 483 308 701 980 
