2	0.0: 506 360 105 512 1 505 635 1 
2	0.0: 403 299 116 381 69 803 639 133 
1	0.0: 540 393 91 382 100 461 602 65 
2	0.0: 36 189 92 683 212 331 632 1 
1	0.0: 83 329 121 245 275 288 610 1 
1	0.0: 617 167 106 302 82 462 655 41 
2	0.0: 388 411 70 647 172 528 656 1 
1	0.0: 706 343 74 346 210 490 613 132 
2	0.0: 307 192 33 545 161 680 652 1 
2	0.0: 226 231 56 455 282 628 598 1 
1	0.0: 487 560 84 356 360 527 654 125 
1	0.0: 403 154 113 634 138 47 627 136 
2	0.0: 137 399 86 424 264 566 629 1 
2	0.0: 140 357 89 424 1 868 589 70 
2	0.0: 162 551 86 630 447 836 620 210 
2	0.0: 622 271 137 591 1 802 618 242 
1	0.0: 454 424 128 489 87 310 608 163 
2	0.0: 286 308 86 444 153 501 618 1 
2	0.0: 542 392 106 657 134 410 611 56 
2	0.0: 792 343 128 720 317 746 639 1 
1	0.0: 407 221 113 322 57 393 673 1 
2	0.0: 583 422 111 510 1 422 629 1 
2	0.0: 660 404 110 569 191 617 631 1 
1	0.0: 536 292 69 441 312 682 616 247 
1	0.0: 745 221 83 615 1 236 622 90 
2	0.0: 241 134 75 566 218 602 630 159 
2	0.0: 369 105 78 305 42 624 640 50 
1	0.0: 461 360 69 533 450 552 626 256 
2	0.0: 192 203 76 556 211 565 625 1 
2	0.0: 417 310 77 559 164 510 647 1 
1	0.0: 719 374 108 488 1 509 603 1 
2	0.0: 214 274 71 427 1 587 643 1 
2	0.0: 391 232 108 426 1 585 598 73 
2	0.0: 333 267 109 428 258 735 598 201 
2	0.0: 388 341 96 287 223 687 603 34 
1	0.0: 451 100 77 247 96 554 612 26 
2	0.0: 700 312 79 574 1 898 627 3 
1	0.0: 769 284 80 451 213 144 604 180 
1	0.0: 604 271 72 423 323 499 613 1 
2	0.0: 582 405 103 615 156 643 605 1 
2	0.0: 336 180 126 455 188 754 639 40 
1	0.0: 178 71 32 402 288 516 673 184 
2	0.0: 281 649 128 320 165 822 641 45 
2	0.0: 658 470 79 897 208 842 628 1 
1	0.0: 551 479 86 467 1 265 619 133 
2	0.0: 266 1 110 564 357 745 625 1 
1	0.0: 473 243 65 491 92 325 642 1 
2	0.0: 606 253 85 545 43 889 622 11 
2	0.0: 404 151 78 541 1 368 612 1 
2	0.0: 158 213 47 406 250 402 630 1 
2	0.0: 427 306 116 523 255 537 649 1 
2	0.0: 439 140 80 551 2 972 617 206 
2	0.0: 624 499 79 596 1 402 648 1 
1	0.0: 580 464 93 505 84 335 596 45 
1	0.0: 709 362 105 444 186 359 636 6 
2	0.0: 349 114 77 566 279 534 603 50 
1	0.0: 659 331 89 320 202 336 627 1 
2	0.0: 223 459 73 604 280 530 630 137 
2	0.0: 671 426 67 672 1 647 613 1 
2	0.0: 451 86 93 502 117 652 618 213 
1	0.0: 367 213 98 439 561 166 630 1 
2	0.0: 242 356 68 241 236 785 615 11 
2	0.0: 329 437 80 271 1 552 625 1 
2	0.0: 410 445 62 503 200 708 590 1 
1	0.0: 766 247 62 715 294 349 610 53 
2	0.0: 314 299 102 611 157 744 624 74 
2	0.0: 371 323 141 622 175 389 662 1 
1	0.0: 531 489 48 476 374 281 624 1 
2	0.0: 434 328 76 314 150 727 600 1 
2	0.0: 122 667 43 466 413 1078 631 122 
2	0.0: 445 264 85 358 54 719 651 65 
2	0.0: 1 370 82 389 1 627 649 77 
1	0.0: 394 162 83 672 266 288 621 1 
2	0.0: 498 465 128 548 129 622 634 78 
2	0.0: 94 547 113 488 228 599 601 1 
1	0.0: 240 111 90 465 232 481 635 222 
2	0.0: 310 467 69 688 289 627 658 129 
1	0.0: 532 565 47 498 308 522 614 1 
1	0.0: 662 239 65 547 281 569 660 137 
2	0.0: 115 329 96 495 42 688 616 104 
1	0.0: 152 211 47 354 372 502 631 1 
2	0.0: 359 431 48 473 95 251 656 1 
2	0.0: 400 354 101 412 1 344 611 1 
2	0.0: 434 256 126 570 190 844 635 223 
2	0.0: 219 159 99 391 413 799 612 1 
2	0.0: 308 300 102 583 405 525 632 73 
2	0.0: 390 264 78 356 214 829 622 36 
1	0.0: 391 265 84 378 231 407 633 1 
2	0.0: 74 232 108 657 121 390 640 1 
2	0.0: 196 401 97 334 379 767 636 1 
2	0.0: 257 200 78 478 281 527 630 1 
2	0.0: 407 317 97 543 1 313 615 17 
2	0.0: 128 47 71 526 168 682 645 12 
2	0.0: 406 285 84 519 1 858 648 192 
2	0.0: 625 384 70 332 100 728 649 1 
2	0.0: 173 430 78 350 271 836 597 144 
1	0.0: 566 278 113 303 178 555 613 1 
2	0.0: 303 389 53 437 402 963 623 1 
1	0.0: 554 498 94 213 314 517 647 116 
1	0.0: 258 360 107 445 351 373 600 75 
1	0.0: 570 244 81 595 278 419 641 157 
1	0.0: 414 173 77 379 441 572 617 1 
2	0.0: 351 457 61 442 160 506 648 1 
2	0.0: 427 54 68 551 348 716 637 101 
2	0.0: 64 230 68 606 274 867 605 5 
2	0.0: 232 326 97 125 25 555 639 189 
1	0.0: 727 466 109 479 68 521 622 401 
2	0.0: 287 379 82 595 374 789 649 1 
2	0.0: 209 455 94 569 234 676 641 60 
2	0.0: 212 438 119 437 477 589 639 1 
1	0.0: 693 425 106 395 87 462 649 8 
2	0.0: 508 347 109 541 206 722 593 88 
1	0.0: 397 246 142 424 409 537 619 155 
2	0.0: 431 377 79 489 1 569 624 165 
1	0.0: 275 197 93 477 284 429 621 76 
1	0.0: 450 220 100 329 267 345 624 1 
1	0.0: 827 181 98 487 312 612 605 1 
2	0.0: 302 299 70 589 16 681 639 131 
1	0.0: 488 170 79 641 154 369 636 1 
1	0.0: 452 335 128 508 363 417 599 1 
2	0.0: 576 354 54 588 210 626 626 1 
2	0.0: 174 86 72 642 119 536 632 5 
1	0.0: 628 156 55 375 196 466 608 162 
2	0.0: 640 519 121 513 64 551 681 1 
2	0.0: 219 383 148 445 172 619 627 87 
1	0.0: 445 81 104 218 357 393 629 242 
2	0.0: 448 410 80 574 155 378 630 94 
1	0.0: 601 466 79 350 445 539 609 16 
1	0.0: 655 356 100 397 2 367 612 418 
2	0.0: 403 384 86 639 1 593 677 1 
2	0.0: 177 359 97 470 228 487 626 263 
2	0.0: 616 367 75 544 84 802 620 1 
2	0.0: 380 213 106 578 1 726 582 1 
2	0.0: 393 243 56 526 1 726 649 232 
2	0.0: 477 371 38 673 240 531 596 1 
2	0.0: 233 306 121 512 220 560 622 1 
1	0.0: 586 212 73 420 235 611 626 73 
1	0.0: 589 220 112 318 245 758 607 122 
2	0.0: 76 407 57 609 88 594 637 1 
1	0.0: 348 269 113 378 512 271 623 1 
2	0.0: 304 444 68 462 1 560 649 1 
2	0.0: 276 141 92 631 124 794 623 256 
2	0.0: 407 205 53 345 38 850 602 32 
1	0.0: 557 329 93 325 48 237 649 173 
2	0.0: 367 389 104 359 1 882 583 1 
1	0.0: 530 277 67 485 305 578 639 77 
2	0.0: 222 147 84 344 1 729 630 393 
2	0.0: 1 335 124 411 1 432 609 227 
2	0.0: 437 406 88 427 13 570 641 182 
1	0.0: 355 323 91 529 395 529 619 1 
1	0.0: 499 200 60 510 190 352 636 1 
1	0.0: 365 458 77 463 623 503 638 59 
2	0.0: 1 332 46 581 32 149 638 175 
1	0.0: 662 80 98 515 403 615 602 8 
1	0.0: 555 179 92 405 240 519 606 177 
1	0.0: 670 392 155 600 343 587 697 1 
1	0.0: 240 242 78 446 156 272 612 38 
1	0.0: 340 406 147 352 384 546 671 314 
2	0.0: 54 334 119 547 204 900 625 287 
2	0.0: 375 239 97 405 56 595 609 1 
1	0.0: 363 345 95 515 1 1 603 263 
1	0.0: 402 308 67 300 232 507 595 196 
2	0.0: 400 188 46 376 43 595 650 63 
2	0.0: 575 369 84 538 1 485 589 25 
1	0.0: 224 186 62 236 579 144 653 220 
1	0.0: 477 134 115 347 52 476 664 103 
1	0.0: 334 656 93 440 419 167 638 203 
2	0.0: 254 232 59 462 146 806 590 99 
2	0.0: 390 155 91 536 137 659 633 103 
1	0.0: 347 300 91 503 495 729 574 141 
2	0.0: 507 143 131 482 1 426 650 29 
2	0.0: 306 283 105 533 261 572 612 42 
1	0.0: 306 131 118 356 282 219 610 1 
4	0.0: 454 496 76 305 128 757 624 469 
1	0.0: 662 251 97 419 274 424 627 1 
2	0.0: 366 280 100 690 327 385 637 23 
2	0.0: 184 396 105 392 259 865 622 217 
2	0.0: 462 401 38 306 109 632 635 1 
2	0.0: 368 283 79 403 121 711 615 24 
2	0.0: 160 242 88 475 307 626 631 1 
2	0.0: 298 216 66 521 20 971 626 135 
2	0.0: 345 479 106 464 344 651 606 1 
1	0.0: 419 180 82 491 504 647 635 47 
1	0.0: 293 153 112 523 291 211 653 1 
2	0.0: 63 331 67 412 1 696 623 1 
2	0.0: 425 365 97 548 309 619 634 1 
2	0.0: 619 286 81 402 1 722 648 403 
1	0.0: 402 191 86 417 163 541 595 101 
2	0.0: 314 469 104 552 101 539 633 231 
2	0.0: 76 230 88 380 151 1037 601 1 
2	0.0: 355 290 104 349 212 612 617 1 
2	0.0: 223 314 118 575 158 308 651 154 
2	0.0: 32 259 76 444 237 256 629 1 
1	0.0: 450 401 103 259 96 464 631 64 
1	0.0: 578 265 100 404 291 410 632 275 
1	0.0: 532 342 117 490 450 689 652 213 
2	0.0: 333 209 93 414 1 341 677 180 
2	0.0: 315 113 111 698 1 865 629 1 
4	0.0: 448 179 62 477 65 346 605 393 
2	0.0: 207 298 113 498 143 677 627 5 
1	0.0: 303 259 97 484 271 231 638 75 
2	0.0: 286 230 58 547 178 552 629 116 
2	0.0: 448 518 108 382 15 477 603 162 
2	0.0: 197 476 85 509 145 780 593 1 
1	0.0: 707 359 64 473 265 322 642 81 
2	0.0: 501 286 150 402 336 952 664 26 
2	0.0: 636 307 63 551 1 596 650 1 
1	0.0: 554 91 92 423 1 382 613 1 
2	0.0: 416 682 88 583 373 639 620 84 
2	0.0: 607 502 97 535 104 687 617 158 
1	0.0: 727 441 140 527 470 322 645 1 
2	0.0: 53 281 91 570 103 913 633 263 
1	0.0: 536 405 153 666 323 457 665 332 
1	0.0: 451 209 82 318 328 762 589 24 
2	0.0: 523 422 127 419 403 790 640 1 
1	0.0: 651 283 73 473 116 526 651 61 
2	0.0: 312 407 58 321 184 516 637 53 
2	0.0: 398 464 80 668 1 689 620 8 
2	0.0: 11 458 86 510 145 618 598 69 
1	0.0: 434 204 104 377 198 428 628 1 
2	0.0: 969 318 24 569 61 940 626 17 
2	0.0: 260 379 131 553 1 885 621 174 
2	0.0: 304 409 110 438 217 654 630 1 
2	0.0: 219 300 55 371 150 698 607 103 
1	0.0: 358 208 71 561 467 586 642 1 
1	0.0: 475 237 91 486 405 417 634 1 
1	0.0: 558 457 114 377 310 573 637 1 
2	0.0: 329 360 141 347 52 761 651 115 
2	0.0: 175 439 64 169 109 605 632 1 
1	0.0: 699 163 87 628 189 187 645 1 
1	0.0: 661 333 103 484 368 61 635 37 
2	0.0: 519 436 77 173 34 659 623 74 
2	0.0: 1 266 131 353 381 571 624 55 
2	0.0: 283 265 108 653 135 606 644 1 
2	0.0: 265 274 54 432 1 690 653 109 
1	0.0: 520 361 67 450 449 777 616 19 
2	0.0: 341 405 89 729 521 760 600 101 
2	0.0: 522 299 107 450 1 631 613 19 
2	0.0: 71 235 89 426 73 346 602 62 
2	0.0: 674 462 93 600 78 547 633 195 
2	0.0: 240 301 107 557 276 418 604 14 
2	0.0: 422 442 51 546 264 490 632 1 
2	0.0: 108 373 32 352 523 851 629 1 
2	0.0: 168 533 40 596 138 527 633 130 
2	0.0: 372 111 107 549 229 703 644 72 
2	0.0: 207 640 84 481 207 591 612 41 
1	0.0: 344 417 68 521 499 193 664 94 
2	0.0: 413 322 92 376 1 697 587 1 
1	0.0: 386 254 39 333 1 134 617 183 
2	0.0: 430 450 76 553 1 409 635 181 
2	0.0: 231 342 78 512 1 402 639 1 
2	0.0: 559 263 83 377 1 566 652 1 
2	0.0: 621 377 89 561 142 603 665 106 
4	0.0: 268 278 90 524 256 484 630 344 
1	0.0: 409 268 52 420 350 271 645 177 
2	0.0: 293 332 102 347 119 429 608 1 
1	0.0: 473 343 77 383 61 81 639 1 
1	0.0: 238 399 79 339 157 77 667 1 
2	0.0: 563 446 90 365 185 730 628 36 
2	0.0: 130 310 120 282 1 931 612 56 
2	0.0: 85 431 101 411 1 503 656 173 
1	0.0: 391 479 88 352 353 492 630 1 
2	0.0: 606 354 83 427 123 680 632 27 
1	0.0: 757 295 71 569 395 724 649 1 
1	0.0: 524 452 113 179 147 304 601 80 
2	0.0: 258 300 87 415 92 524 583 1 
2	0.0: 494 355 93 501 56 903 620 78 
2	0.0: 295 222 126 425 1 576 622 154 
1	0.0: 502 1 144 337 203 452 609 1 
2	0.0: 307 522 73 544 1 372 641 324 
2	0.0: 319 534 87 574 338 438 606 1 
1	0.0: 614 307 121 371 39 432 636 1 
2	0.0: 332 282 75 589 135 746 620 1 
2	0.0: 150 451 50 617 112 818 619 31 
2	0.0: 581 353 87 494 91 520 632 1 
1	0.0: 415 372 99 475 338 529 650 154 
2	0.0: 350 359 97 520 158 387 638 1 
1	0.0: 682 211 65 354 152 682 616 49 
1	0.0: 484 248 92 350 122 523 599 171 
2	0.0: 323 311 77 445 201 488 637 1 
2	0.0: 70 421 77 385 1 667 617 1 
2	0.0: 277 289 47 665 222 753 636 97 
1	0.0: 394 282 94 448 368 490 641 1 
1	0.0: 627 193 94 582 224 473 621 62 
2	0.0: 262 380 72 273 157 486 646 92 
2	0.0: 475 166 77 574 168 678 606 219 
2	0.0: 262 361 82 381 10 846 621 1 
2	0.0: 213 245 146 397 425 787 656 1 
1	0.0: 344 285 149 539 339 60 637 130 
1	0.0: 689 208 121 466 23 453 635 1 
2	0.0: 1 430 134 323 294 657 624 1 
2	0.0: 852 439 67 534 1 759 634 64 
2	0.0: 345 506 97 410 114 514 565 100 
2	0.0: 138 298 149 526 1 772 619 1 
1	0.0: 599 87 98 624 240 392 621 30 
2	0.0: 1 240 66 606 422 613 630 1 
2	0.0: 771 233 113 595 17 677 616 204 
2	0.0: 226 257 116 470 259 491 653 1 
2	0.0: 612 468 116 500 1 493 647 1 
1	0.0: 397 484 72 231 137 422 604 108 
1	0.0: 806 180 76 406 1 760 612 65 
2	0.0: 42 450 101 519 27 621 644 297 
2	0.0: 329 116 126 508 206 561 636 1 
1	0.0: 508 409 74 552 134 337 638 1 
1	0.0: 700 446 72 452 1 358 607 20 
2	0.0: 401 398 58 520 48 475 590 43 
2	0.0: 493 285 82 644 1 633 627 87 
2	0.0: 499 360 62 718 48 551 645 1 
2	0.0: 156 344 71 232 415 860 604 251 
2	0.0: 234 333 78 596 268 559 606 1 
2	0.0: 17 99 105 675 92 554 600 168 
2	0.0: 176 364 42 400 390 565 602 101 
2	0.0: 565 496 104 406 188 745 621 70 
2	0.0: 306 49 65 312 150 832 633 20 
2	0.0: 260 183 89 563 195 629 618 1 
1	0.0: 520 91 74 423 146 602 636 1 
2	0.0: 73 285 84 391 177 538 615 122 
2	0.0: 459 383 107 531 553 868 637 1 
2	0.0: 417 461 40 557 261 666 629 78 
2	0.0: 572 417 47 439 205 797 615 32 
1	0.0: 565 230 144 296 286 320 585 1 
2	0.0: 475 276 79 517 103 459 606 1 
2	0.0: 149 181 111 557 612 607 603 1 
2	0.0: 327 224 110 456 70 498 641 71 
1	0.0: 495 325 72 409 621 275 625 85 
2	0.0: 19 339 63 547 221 1104 644 107 
2	0.0: 132 365 130 412 206 415 644 45 
2	0.0: 249 341 93 542 42 692 636 2 
1	0.0: 380 163 92 407 238 331 625 57 
2	0.0: 484 463 118 623 425 683 617 1 
2	0.0: 277 423 78 379 157 458 617 1 
1	0.0: 634 445 62 545 159 396 636 1 
1	0.0: 326 233 89 483 249 43 616 3 
1	0.0: 719 249 60 449 316 108 579 114 
1	0.0: 721 467 122 528 136 420 631 1 
1	0.0: 417 272 71 538 393 312 609 109 
1	0.0: 473 517 67 477 306 370 623 204 
2	0.0: 404 239 44 609 150 621 647 317 
1	0.0: 313 369 62 540 415 506 613 139 
1	0.0: 850 188 116 761 338 728 628 1 
2	0.0: 237 319 59 564 1 701 621 1 
2	0.0: 166 205 74 362 1 791 662 1 
2	0.0: 366 438 151 302 1 528 631 1 
2	0.0: 319 477 65 379 1 662 657 1 
1	0.0: 587 299 104 421 598 401 648 31 
1	0.0: 124 364 68 535 394 283 630 103 
2	0.0: 598 376 70 501 223 726 611 207 
1	0.0: 431 430 98 428 398 522 593 35 
1	0.0: 475 237 71 355 528 524 618 61 
2	0.0: 551 617 98 577 353 821 596 45 
1	0.0: 434 385 68 650 271 323 602 1 
2	0.0: 408 372 80 460 360 700 646 1 
1	0.0: 548 296 31 567 140 268 619 92 
1	0.0: 474 378 87 453 54 303 666 173 
2	0.0: 581 335 25 500 1 505 636 192 
2	0.0: 234 420 120 372 1 557 623 66 
2	0.0: 194 246 80 225 300 813 620 123 
2	0.0: 228 469 102 356 186 348 631 1 
1	0.0: 321 297 62 474 418 513 642 212 
1	0.0: 493 261 148 316 1 286 565 1 
1	0.0: 546 219 125 420 202 374 647 1 
1	0.0: 513 65 87 392 1 425 645 49 
2	0.0: 299 494 111 526 182 603 651 9 
1	0.0: 402 382 80 377 487 485 622 16 
1	0.0: 670 382 123 345 455 306 613 31 
2	0.0: 636 222 122 519 160 747 622 1 
2	0.0: 580 400 92 367 166 718 595 19 
2	0.0: 228 273 72 369 37 647 634 1 
2	0.0: 352 372 105 453 1 367 588 318 
1	0.0: 489 262 84 494 182 420 619 1 
2	0.0: 201 110 124 427 149 571 588 195 
2	0.0: 247 467 64 507 204 891 616 156 
2	0.0: 325 575 105 568 192 488 645 1 
1	0.0: 670 479 97 423 195 291 617 140 
1	0.0: 441 172 42 349 436 570 625 95 
2	0.0: 137 286 51 483 483 509 651 1 
2	0.0: 568 343 94 444 1 505 674 86 
1	0.0: 391 284 108 602 551 593 647 1 
2	0.0: 381 279 72 524 3 815 636 362 
1	0.0: 357 286 126 352 401 563 620 269 
1	0.0: 529 274 93 473 371 622 602 1 
1	0.0: 589 103 135 362 250 248 612 1 
2	0.0: 577 146 83 613 99 670 635 1 
2	0.0: 575 399 87 443 308 760 626 1 
1	0.0: 136 349 86 320 137 213 627 118 
1	0.0: 846 391 69 523 185 596 626 76 
1	0.0: 332 146 50 277 108 282 650 1 
2	0.0: 463 407 127 358 170 804 615 1 
1	0.0: 606 253 108 484 90 544 601 1 
2	0.0: 418 307 76 755 317 484 650 1 
1	0.0: 451 608 126 498 526 691 587 117 
2	0.0: 185 372 106 349 1 559 653 1 
2	0.0: 389 75 80 599 162 767 582 208 
2	0.0: 423 326 119 622 363 540 640 1 
1	0.0: 460 326 64 265 97 236 619 1 
1	0.0: 871 334 106 359 302 777 583 1 
2	0.0: 135 416 87 411 65 487 635 1 
2	0.0: 451 429 94 351 1 701 597 108 
1	0.0: 572 442 139 438 324 424 643 40 
2	0.0: 262 606 119 453 159 564 637 22 
1	0.0: 436 415 71 478 569 362 641 1 
2	0.0: 347 235 91 365 199 556 635 1 
2	0.0: 563 371 120 442 51 500 605 1 
2	0.0: 351 472 144 670 305 628 635 210 
2	0.0: 408 524 100 300 59 716 628 101 
2	0.0: 502 346 99 700 79 448 625 162 
1	0.0: 386 259 61 371 443 660 653 93 
1	0.0: 338 478 80 468 640 654 634 1 
2	0.0: 506 124 77 630 368 691 609 1 
1	0.0: 141 164 119 480 333 375 606 1 
2	0.0: 233 187 78 450 1 1050 623 8 
1	0.0: 91 290 60 385 333 352 660 57 
2	0.0: 106 418 70 432 1 588 634 1 
1	0.0: 376 457 100 408 374 27 640 59 
2	0.0: 258 389 46 513 1 561 647 1 
1	0.0: 165 301 92 443 318 381 650 118 
2	0.0: 581 311 113 481 19 631 641 1 
2	0.0: 246 312 107 343 66 502 634 132 
1	0.0: 536 314 103 436 434 528 629 320 
2	0.0: 445 280 77 695 1 917 645 1 
2	0.0: 512 320 71 560 60 641 608 47 
2	0.0: 172 450 37 441 491 960 641 153 
2	0.0: 72 345 103 433 98 109 612 1 
1	0.0: 537 327 51 647 494 272 646 337 
1	0.0: 426 355 140 421 349 610 642 102 
1	0.0: 469 265 122 426 444 674 640 21 
2	0.0: 233 434 70 681 248 343 665 1 
2	0.0: 315 275 105 554 143 666 609 70 
1	0.0: 561 262 62 299 154 279 650 183 
1	0.0: 625 405 85 318 225 384 622 1 
2	0.0: 123 239 118 335 265 798 652 1 
1	0.0: 493 415 74 417 396 595 604 374 
1	0.0: 711 174 86 369 135 554 640 126 
2	0.0: 421 182 102 422 1 762 625 1 
2	0.0: 476 377 113 350 198 566 622 1 
1	0.0: 125 348 95 236 383 459 615 21 
1	0.0: 736 186 110 412 255 882 617 52 
1	0.0: 295 163 73 506 538 621 618 149 
2	0.0: 216 447 85 406 1 608 601 40 
1	0.0: 798 541 63 563 415 599 624 247 
1	0.0: 589 465 81 690 578 398 625 37 
2	0.0: 539 413 45 517 174 579 622 77 
1	0.0: 694 95 59 535 165 406 648 1 
1	0.0: 470 69 75 494 27 462 631 94 
2	0.0: 387 305 49 446 285 611 636 1 
2	0.0: 51 244 58 315 1 254 612 31 
2	0.0: 567 204 58 536 1 942 620 1 
2	0.0: 415 337 74 704 1 1000 620 51 
4	0.0: 238 288 116 352 1 605 588 429 
2	0.0: 314 365 107 376 61 596 633 1 
2	0.0: 289 340 81 564 109 610 637 36 
1	0.0: 638 585 109 504 361 263 671 51 
1	0.0: 145 390 62 494 150 121 627 180 
2	0.0: 277 366 66 305 164 613 626 1 
1	0.0: 624 465 75 541 331 602 627 156 
1	0.0: 456 337 80 270 1 196 620 145 
4	0.0: 481 127 70 304 1 655 588 460 
1	0.0: 347 38 68 544 182 321 613 275 
2	0.0: 437 387 58 603 375 593 627 1 
1	0.0: 860 422 73 488 201 371 623 1 
2	0.0: 205 421 72 471 132 799 602 77 
1	0.0: 425 239 115 488 535 423 613 1 
2	0.0: 389 619 94 447 356 865 644 150 
1	0.0: 133 207 67 422 327 265 679 1 
2	0.0: 438 257 59 744 1 661 646 1 
1	0.0: 569 139 127 382 160 468 641 66 
2	0.0: 265 194 74 452 17 853 621 1 
1	0.0: 294 252 74 422 426 407 623 146 
2	0.0: 411 727 98 328 1 427 643 1 
1	0.0: 291 136 98 593 686 239 642 285 
2	0.0: 296 328 74 387 120 483 635 256 
2	0.0: 271 6 87 484 1 436 644 25 
1	0.0: 482 322 117 436 115 450 601 172 
2	0.0: 236 232 65 397 1 1104 630 1 
2	0.0: 331 560 124 456 134 712 643 32 
1	0.0: 259 240 78 332 331 511 619 186 
2	0.0: 84 353 61 650 154 988 651 190 
1	0.0: 274 540 35 273 208 271 647 29 
2	0.0: 1 419 94 419 192 571 658 28 
1	0.0: 688 50 110 418 328 845 635 1 
1	0.0: 354 475 77 353 196 345 636 10 
2	0.0: 407 331 81 489 165 552 622 1 
2	0.0: 384 84 69 459 1 846 664 221 
2	0.0: 691 315 112 357 182 937 605 33 
2	0.0: 1 81 71 533 197 627 625 83 
1	0.0: 624 280 93 519 300 71 617 96 
1	0.0: 711 501 116 545 219 449 646 57 
2	0.0: 296 296 79 271 1 704 617 15 
7	0.0: 280 506 112 498 766 863 602 70 
1	0.0: 834 363 115 453 110 451 606 1 
2	0.0: 493 465 39 688 146 556 613 102 
2	0.0: 289 299 106 541 308 424 641 1 
2	0.0: 111 314 65 376 1 440 659 75 
1	0.0: 809 167 66 477 202 801 657 1 
1	0.0: 587 314 110 604 1 287 606 1 
2	0.0: 298 293 107 427 232 558 609 11 
2	0.0: 405 191 127 363 346 1006 647 74 
2	0.0: 336 270 86 465 97 500 620 105 
2	0.0: 1 223 76 721 255 310 607 106 
2	0.0: 379 362 83 499 374 549 613 1 
2	0.0: 548 373 114 370 59 721 641 13 
2	0.0: 337 136 66 584 210 418 600 10 
2	0.0: 301 291 37 417 210 593 654 21 
1	0.0: 650 390 56 292 1 462 635 1 
1	0.0: 547 294 141 503 425 413 614 107 
2	0.0: 1 480 79 481 277 456 585 1 
2	0.0: 224 414 74 668 122 473 623 70 
2	0.0: 354 234 50 314 135 570 615 1 
1	0.0: 261 297 106 411 341 397 620 36 
1	0.0: 440 164 116 488 337 265 609 162 
2	0.0: 468 143 79 531 74 552 633 153 
2	0.0: 336 498 61 679 166 522 644 1 
1	0.0: 568 233 93 343 409 549 658 1 
2	0.0: 110 199 87 430 377 496 650 86 
2	0.0: 154 298 19 459 116 531 644 1 
2	0.0: 218 271 44 447 131 627 622 307 
2	0.0: 371 512 63 482 256 564 656 51 
4	0.0: 340 365 134 378 68 577 630 415 
2	0.0: 154 187 96 377 197 629 579 1 
2	0.0: 205 285 73 406 446 721 648 281 
1	0.0: 580 239 111 443 454 391 636 1 
2	0.0: 453 399 61 403 7 929 647 1 
2	0.0: 370 276 100 539 290 576 665 237 
2	0.0: 394 239 102 528 125 425 656 149 
2	0.0: 335 103 88 410 58 512 609 95 
2	0.0: 456 442 49 331 122 523 646 83 
1	0.0: 720 225 80 389 15 457 608 1 
1	0.0: 559 220 105 294 520 726 632 1 
1	0.0: 421 411 119 685 331 376 670 74 
1	0.0: 555 227 109 377 338 689 607 1 
1	0.0: 467 318 61 562 366 580 635 162 
2	0.0: 200 367 92 487 1 814 651 129 
1	0.0: 732 212 31 540 159 645 639 2 
2	0.0: 71 287 80 517 504 670 616 1 
1	0.0: 509 545 92 452 149 264 633 299 
2	0.0: 412 415 96 505 1 389 612 21 
1	0.0: 492 506 114 382 637 481 639 150 
2	0.0: 483 280 59 544 339 1134 616 285 
2	0.0: 282 349 99 368 1 769 656 76 
2	0.0: 450 179 113 483 1 434 603 23 
2	0.0: 525 231 118 536 83 479 653 57 
2	0.0: 463 460 54 476 251 662 667 1 
2	0.0: 578 445 116 544 182 536 631 1 
2	0.0: 398 502 54 504 113 636 628 1 
2	0.0: 557 285 121 425 50 649 640 1 
1	0.0: 522 190 112 463 162 532 639 1 
1	0.0: 610 407 72 191 294 665 662 1 
2	0.0: 636 393 46 565 292 664 654 1 
1	0.0: 581 145 100 607 390 500 597 82 
2	0.0: 277 215 100 417 63 769 631 132 
2	0.0: 24 382 73 288 113 499 638 133 
2	0.0: 479 483 73 374 151 700 599 1 
1	0.0: 366 214 75 348 150 454 601 1 
2	0.0: 397 349 121 513 130 667 589 1 
2	0.0: 204 547 80 504 424 462 628 171 
2	0.0: 267 363 99 525 1 349 622 1 
2	0.0: 214 370 87 450 1 461 624 74 
2	0.0: 363 323 116 404 9 656 599 237 
1	0.0: 348 198 29 376 338 481 663 1 
1	0.0: 437 337 82 404 1 202 660 21 
1	0.0: 206 348 75 483 392 1 642 33 
1	0.0: 205 231 99 197 52 223 637 298 
1	0.0: 518 313 58 513 239 609 610 369 
1	0.0: 361 177 86 538 291 367 659 158 
1	0.0: 798 234 72 553 249 756 622 106 
2	0.0: 386 444 90 425 204 839 625 1 
1	0.0: 633 405 88 492 53 457 634 400 
1	0.0: 505 249 56 637 10 198 598 1 
2	0.0: 456 451 83 598 329 873 634 1 
1	0.0: 364 1 77 306 602 452 622 1 
2	0.0: 388 292 70 504 306 640 649 1 
2	0.0: 387 169 81 615 276 633 600 73 
1	0.0: 498 397 108 616 350 112 615 1 
2	0.0: 341 565 81 459 262 884 632 89 
1	0.0: 341 341 103 498 268 412 634 30 
1	0.0: 641 458 117 524 139 380 660 1 
1	0.0: 749 446 62 448 186 366 629 37 
2	0.0: 175 438 90 515 1 294 634 1 
2	0.0: 82 104 57 406 1 417 626 1 
1	0.0: 310 438 34 260 245 172 658 68 
2	0.0: 208 221 20 346 136 576 605 53 
2	0.0: 256 291 80 672 131 802 616 1 
2	0.0: 134 219 54 381 37 305 603 1 
1	0.0: 634 140 83 403 423 1 619 1 
2	0.0: 565 387 89 494 1 724 619 4 
1	0.0: 505 537 132 442 249 1 620 1 
1	0.0: 606 231 79 375 239 317 633 13 
2	0.0: 496 320 85 731 22 724 631 105 
4	0.0: 361 306 59 598 130 607 620 409 
1	0.0: 643 412 100 504 122 388 628 101 
1	0.0: 588 283 113 493 368 481 591 73 
2	0.0: 110 315 149 375 1 605 649 1 
2	0.0: 339 579 82 533 1 558 605 1 
2	0.0: 208 369 103 399 1 692 613 236 
2	0.0: 505 503 79 652 117 557 645 197 
1	0.0: 700 320 117 405 583 963 633 71 
2	0.0: 69 240 105 435 1 405 617 209 
1	0.0: 682 183 104 442 232 625 588 1 
2	0.0: 598 342 56 472 1 459 641 1 
2	0.0: 298 260 86 498 260 749 631 122 
2	0.0: 1 500 133 499 221 754 622 1 
1	0.0: 439 288 82 517 136 370 608 227 
2	0.0: 374 371 87 411 73 354 631 111 
1	0.0: 857 294 34 484 267 714 620 1 
1	0.0: 445 50 64 460 151 337 640 165 
1	0.0: 509 224 82 554 108 504 647 235 
2	0.0: 231 464 72 776 125 581 629 113 
2	0.0: 425 382 87 579 185 801 645 86 
4	0.0: 91 246 101 472 358 415 621 279 
1	0.0: 541 429 49 399 1 228 647 1 
2	0.0: 560 650 124 627 1 682 648 1 
1	0.0: 560 415 61 241 396 626 622 110 
2	0.0: 525 317 88 466 40 1016 590 150 
1	0.0: 541 205 92 258 477 631 624 60 
2	0.0: 441 385 88 556 178 593 616 69 
2	0.0: 491 441 31 557 234 696 612 1 
1	0.0: 73 311 110 642 267 1 643 50 
1	0.0: 401 352 67 620 290 355 616 111 
2	0.0: 539 200 100 728 1 592 642 148 
1	0.0: 554 274 60 296 1 525 618 171 
2	0.0: 646 454 71 247 1 799 636 68 
2	0.0: 121 242 93 534 295 846 659 60 
2	0.0: 395 358 60 369 222 676 606 1 
2	0.0: 259 191 83 531 204 524 626 1 
1	0.0: 342 257 81 550 426 293 672 51 
1	0.0: 282 456 48 407 292 241 621 111 
2	0.0: 96 328 79 434 37 483 616 1 
2	0.0: 97 367 110 389 1 397 620 123 
1	0.0: 880 428 96 445 360 700 633 141 
1	0.0: 566 382 74 241 93 322 636 163 
1	0.0: 369 166 108 310 295 453 604 1 
2	0.0: 371 580 157 480 25 574 595 1 
2	0.0: 322 339 85 559 549 685 640 1 
1	0.0: 532 162 67 477 214 577 635 1 
2	0.0: 239 350 81 598 364 591 618 1 
1	0.0: 331 324 97 467 394 509 661 1 
1	0.0: 557 160 86 316 278 393 645 1 
1	0.0: 428 230 75 457 680 298 637 19 
2	0.0: 400 351 89 419 134 573 611 284 
2	0.0: 514 215 98 682 128 477 629 202 
1	0.0: 366 422 56 539 290 306 636 246 
2	0.0: 366 328 68 446 122 825 670 170 
2	0.0: 298 431 102 405 184 794 642 90 
2	0.0: 39 197 80 493 206 358 653 1 
2	0.0: 343 477 85 379 104 733 609 89 
2	0.0: 482 250 97 672 1 532 611 293 
1	0.0: 709 378 79 571 548 546 623 1 
2	0.0: 408 456 73 436 312 734 602 64 
1	0.0: 219 312 69 379 519 263 602 1 
2	0.0: 1 218 90 410 98 731 628 137 
2	0.0: 407 472 80 556 442 552 638 25 
2	0.0: 288 406 96 362 129 737 690 1 
1	0.0: 753 545 84 583 511 604 624 17 
2	0.0: 416 239 67 401 160 1000 638 1 
1	0.0: 262 332 72 281 467 582 635 1 
2	0.0: 183 163 102 574 469 593 635 29 
1	0.0: 656 566 72 418 287 274 626 12 
2	0.0: 418 366 84 515 86 670 640 1 
2	0.0: 364 306 89 640 1 489 629 390 
2	0.0: 275 223 81 478 359 630 623 101 
2	0.0: 341 83 67 407 189 580 609 65 
2	0.0: 387 368 76 465 1 389 636 16 
2	0.0: 1 250 88 510 359 564 630 153 
2	0.0: 682 170 33 436 113 932 610 1 
2	0.0: 306 268 82 599 1 186 606 151 
2	0.0: 93 209 123 417 307 680 655 1 
2	0.0: 437 368 112 557 125 421 625 168 
1	0.0: 461 185 102 517 132 268 598 348 
2	0.0: 492 204 59 357 1 818 618 378 
2	0.0: 375 353 87 371 105 773 640 109 
1	0.0: 502 282 67 349 231 640 625 15 
1	0.0: 749 332 64 404 481 514 643 351 
1	0.0: 344 400 37 374 505 604 664 271 
4	0.0: 1 316 78 489 323 384 633 442 
2	0.0: 226 291 117 718 106 504 635 161 
2	0.0: 662 365 80 403 207 970 645 239 
1	0.0: 208 421 92 347 434 394 612 1 
2	0.0: 271 285 114 427 1 599 620 38 
1	0.0: 276 232 74 263 219 299 652 151 
2	0.0: 1 441 88 494 27 494 641 358 
2	0.0: 175 425 106 480 80 449 640 1 
2	0.0: 391 326 45 323 70 498 597 1 
2	0.0: 631 216 80 645 216 572 665 1 
2	0.0: 277 219 82 478 1 327 605 1 
1	0.0: 428 392 89 460 517 229 602 1 
1	0.0: 546 263 28 413 1 494 624 238 
1	0.0: 748 388 58 587 104 477 639 247 
1	0.0: 480 299 79 273 377 820 603 76 
2	0.0: 335 247 92 805 349 433 621 113 
1	0.0: 513 57 58 551 122 266 607 1 
1	0.0: 626 146 56 561 152 425 669 85 
1	0.0: 666 307 84 328 222 689 634 51 
1	0.0: 439 198 133 657 411 533 651 136 
1	0.0: 146 222 45 307 84 305 618 173 
1	0.0: 260 461 107 219 371 557 637 262 
1	0.0: 564 127 103 615 187 429 628 23 
2	0.0: 556 505 72 619 109 568 648 77 
2	0.0: 109 379 69 661 1 394 604 1 
1	0.0: 495 269 55 405 391 592 637 1 
1	0.0: 175 233 95 371 414 151 620 1 
2	0.0: 592 245 72 371 181 821 646 1 
1	0.0: 485 160 101 610 484 599 633 1 
2	0.0: 493 236 76 535 103 932 605 58 
2	0.0: 334 334 57 708 482 897 619 39 
1	0.0: 484 204 116 314 396 504 622 240 
2	0.0: 564 479 121 528 219 803 663 112 
1	0.0: 349 495 58 373 510 384 653 76 
2	0.0: 275 337 115 517 1 294 624 1 
2	0.0: 497 442 74 702 19 452 633 1 
1	0.0: 66 251 124 460 367 275 620 59 
2	0.0: 1 348 82 494 173 431 630 64 
2	0.0: 174 210 67 552 221 611 639 125 
1	0.0: 256 232 97 642 279 371 625 249 
1	0.0: 653 319 109 224 340 742 652 17 
2	0.0: 418 499 131 497 280 454 621 1 
2	0.0: 402 329 93 413 89 842 607 1 
1	0.0: 386 239 103 339 208 396 640 89 
2	0.0: 487 524 98 385 207 616 622 111 
1	0.0: 644 401 71 524 199 499 648 158 
2	0.0: 582 310 107 466 1 986 618 35 
2	0.0: 204 230 68 383 61 747 629 1 
2	0.0: 469 247 61 306 39 553 633 1 
2	0.0: 1 511 63 343 1 780 642 78 
1	0.0: 789 1 68 338 302 285 656 1 
2	0.0: 333 375 50 649 222 363 679 1 
2	0.0: 248 250 82 486 362 609 667 1 
2	0.0: 784 266 45 563 98 919 626 1 
2	0.0: 265 405 46 578 497 618 613 277 
1	0.0: 519 426 118 383 75 377 618 39 
2	0.0: 548 348 114 461 162 695 648 299 
2	0.0: 370 171 83 416 191 799 606 1 
1	0.0: 339 204 61 415 507 409 631 1 
2	0.0: 122 332 43 411 1 442 632 286 
2	0.0: 287 326 55 389 244 687 626 213 
2	0.0: 111 198 79 525 42 339 590 89 
2	0.0: 297 332 80 466 434 692 638 63 
1	0.0: 535 223 70 567 493 225 658 1 
2	0.0: 69 316 107 355 142 509 629 51 
2	0.0: 361 158 70 367 149 643 639 54 
2	0.0: 27 284 91 466 68 101 633 147 
2	0.0: 187 574 116 542 134 436 606 156 
2	0.0: 359 390 96 186 196 833 628 42 
2	0.0: 336 308 51 429 1 606 625 9 
1	0.0: 465 424 97 563 378 434 629 1 
2	0.0: 199 86 83 537 177 785 636 193 
2	0.0: 275 308 103 295 227 823 639 1 
2	0.0: 501 225 32 447 1 570 610 1 
1	0.0: 430 291 107 367 268 519 616 82 
2	0.0: 507 541 34 599 1 497 650 198 
2	0.0: 531 390 114 592 1 667 635 141 
4	0.0: 337 583 101 545 14 516 656 466 
1	0.0: 371 262 80 518 413 439 664 1 
1	0.0: 513 274 91 424 274 612 644 23 
2	0.0: 468 518 62 209 278 732 630 38 
2	0.0: 483 249 70 366 268 834 631 128 
1	0.0: 476 425 79 381 260 509 617 246 
2	0.0: 1 279 80 440 188 699 600 1 
2	0.0: 134 453 66 563 415 650 658 265 
2	0.0: 414 204 72 575 1 483 623 1 
1	0.0: 531 163 112 440 228 308 640 1 
2	0.0: 543 240 110 594 380 901 603 78 
2	0.0: 84 362 72 604 307 324 641 1 
1	0.0: 613 58 94 472 383 407 618 133 
1	0.0: 615 404 67 425 199 429 651 26 
1	0.0: 551 531 116 289 103 451 661 241 
2	0.0: 464 373 73 330 72 918 643 1 
2	0.0: 315 245 69 531 39 644 597 6 
4	0.0: 450 135 121 459 96 149 583 497 
2	0.0: 257 319 110 493 103 590 624 33 
1	0.0: 583 118 93 468 458 556 641 1 
2	0.0: 399 264 94 499 41 547 623 52 
1	0.0: 888 1 115 517 204 537 602 1 
1	0.0: 174 227 113 415 379 329 653 149 
2	0.0: 438 269 118 549 255 768 625 3 
2	0.0: 388 330 66 642 507 938 664 1 
1	0.0: 572 257 84 515 367 553 650 117 
2	0.0: 1 330 52 566 153 360 628 1 
1	0.0: 197 205 122 289 72 225 650 61 
1	0.0: 709 323 75 430 301 751 626 244 
2	0.0: 423 432 84 464 644 1033 647 108 
1	0.0: 356 357 115 459 283 239 662 115 
2	0.0: 367 189 168 630 34 716 598 40 
2	0.0: 411 452 100 372 237 907 657 52 
2	0.0: 243 485 87 659 133 797 627 162 
1	0.0: 738 473 83 376 257 580 623 171 
2	0.0: 53 469 113 442 216 713 626 1 
2	0.0: 1 169 116 488 116 803 656 76 
2	0.0: 468 76 59 792 176 680 638 1 
1	0.0: 503 159 84 355 189 608 613 205 
2	0.0: 283 473 102 734 87 893 636 162 
2	0.0: 219 500 128 337 153 370 595 5 
1	0.0: 550 405 84 434 232 573 639 53 
1	0.0: 347 176 115 488 466 301 620 52 
1	0.0: 401 299 84 589 372 483 679 99 
1	0.0: 490 287 83 358 5 269 632 54 
2	0.0: 497 40 84 524 1 799 628 6 
4	0.0: 345 167 53 633 1 400 663 380 
2	0.0: 77 231 83 474 132 611 642 1 
1	0.0: 342 545 81 296 302 322 624 21 
1	0.0: 582 523 96 337 61 228 619 1 
2	0.0: 94 314 65 500 329 472 594 106 
1	0.0: 176 384 88 332 300 85 656 1 
2	0.0: 538 284 88 648 13 379 651 1 
1	0.0: 502 384 113 550 1 297 602 94 
2	0.0: 428 111 76 472 1 712 646 71 
2	0.0: 342 342 98 403 63 608 610 79 
1	0.0: 661 247 86 474 99 568 641 2 
1	0.0: 510 423 74 308 124 408 655 190 
2	0.0: 166 335 99 502 1 597 612 1 
1	0.0: 488 211 96 436 1 384 613 249 
1	0.0: 305 203 98 486 297 164 603 1 
2	0.0: 650 402 78 432 127 794 623 1 
2	0.0: 382 203 123 390 249 725 647 1 
1	0.0: 668 340 65 404 1 382 625 1 
1	0.0: 669 192 116 439 313 670 578 166 
2	0.0: 198 223 72 511 91 773 633 264 
2	0.0: 298 334 58 422 1 864 610 1 
2	0.0: 516 361 79 498 284 1025 600 1 
2	0.0: 434 461 65 447 120 513 657 27 
2	0.0: 535 402 84 600 42 530 654 4 
2	0.0: 1 207 65 349 152 471 651 3 
1	0.0: 417 522 88 451 154 293 642 1 
2	0.0: 347 315 103 594 1 501 629 1 
2	0.0: 454 239 105 559 258 892 618 1 
2	0.0: 193 216 71 420 256 394 622 1 
1	0.0: 454 237 114 368 619 248 630 1 
2	0.0: 402 383 62 349 21 605 645 1 
1	0.0: 242 282 80 430 215 315 633 1 
2	0.0: 468 360 119 509 1 580 661 1 
1	0.0: 288 169 42 511 416 463 635 114 
2	0.0: 435 210 52 673 1 614 619 1 
2	0.0: 324 204 125 271 254 895 608 117 
4	0.0: 454 431 51 621 344 605 609 410 
4	0.0: 356 103 87 628 140 516 631 440 
2	0.0: 547 462 123 800 1 91 653 1 
2	0.0: 441 266 83 391 23 474 639 224 
2	0.0: 70 221 136 481 1 442 621 283 
2	0.0: 489 546 35 590 221 561 652 1 
2	0.0: 210 190 38 506 141 773 677 154 
2	0.0: 349 301 37 531 545 760 607 66 
1	0.0: 286 216 126 377 480 591 624 136 
2	0.0: 626 470 37 486 59 748 637 193 
2	0.0: 433 277 119 555 212 573 655 106 
2	0.0: 474 202 79 715 288 726 632 33 
2	0.0: 157 300 53 446 378 597 605 221 
2	0.0: 131 519 84 365 181 388 615 1 
1	0.0: 388 153 150 477 351 207 618 136 
1	0.0: 695 472 84 490 179 424 636 1 
1	0.0: 526 226 102 225 508 382 612 131 
1	0.0: 433 332 68 552 382 96 630 1 
2	0.0: 277 426 109 386 121 619 657 1 
2	0.0: 308 496 86 665 316 580 624 53 
2	0.0: 312 322 126 621 399 782 636 204 
2	0.0: 104 394 117 414 101 647 645 60 
2	0.0: 225 151 79 419 1 571 626 164 
2	0.0: 627 218 147 434 1 868 627 1 
2	0.0: 160 278 88 441 421 844 634 1 
2	0.0: 180 393 63 521 243 553 636 78 
4	0.0: 149 247 87 584 1 339 614 361 
1	0.0: 518 171 131 362 283 552 630 1 
2	0.0: 294 334 93 335 163 847 642 126 
2	0.0: 288 217 102 560 66 415 630 173 
2	0.0: 174 220 34 540 454 654 643 114 
2	0.0: 323 145 111 445 315 769 638 1 
2	0.0: 437 166 104 527 1 532 627 125 
1	0.0: 549 320 111 513 1 383 616 189 
1	0.0: 663 304 95 539 534 584 631 1 
1	0.0: 468 316 98 407 136 402 636 1 
2	0.0: 209 523 67 460 222 421 635 142 
2	0.0: 540 426 70 430 4 502 650 1 
2	0.0: 232 419 88 518 256 625 625 84 
2	0.0: 232 215 115 351 1 511 639 1 
1	0.0: 218 169 74 506 262 200 630 1 
2	0.0: 1 461 58 405 160 310 637 1 
1	0.0: 167 318 110 266 587 531 638 249 
2	0.0: 325 285 94 733 211 692 636 1 
1	0.0: 532 289 71 432 245 447 624 1 
2	0.0: 214 452 84 617 217 175 622 1 
1	0.0: 490 404 72 458 313 585 605 232 
1	0.0: 640 113 17 465 250 807 609 1 
2	0.0: 339 320 73 379 1 609 618 1 
2	0.0: 409 316 59 400 232 771 596 26 
2	0.0: 428 382 32 448 214 642 625 164 
2	0.0: 437 363 50 367 159 817 663 103 
2	0.0: 148 354 75 618 443 716 627 17 
1	0.0: 509 148 87 624 338 499 594 42 
2	0.0: 482 323 45 587 1 537 600 45 
2	0.0: 428 584 109 464 287 720 677 52 
1	0.0: 670 331 75 313 355 694 630 210 
2	0.0: 329 72 92 582 28 555 602 1 
4	0.0: 159 58 98 425 76 633 594 366 
2	0.0: 416 281 56 578 1 1158 621 1 
2	0.0: 279 464 55 477 316 533 661 118 
2	0.0: 315 262 95 442 193 499 629 181 
1	0.0: 493 372 57 598 276 276 614 104 
2	0.0: 125 417 93 385 290 553 618 1 
2	0.0: 391 292 106 510 320 747 638 50 
2	0.0: 378 562 61 410 368 616 615 1 
2	0.0: 624 329 120 389 89 885 652 66 
1	0.0: 1 34 116 231 495 363 640 123 
2	0.0: 657 345 110 448 1 527 633 1 
1	0.0: 387 172 49 196 96 552 610 255 
2	0.0: 87 340 84 674 196 792 622 67 
1	0.0: 603 395 61 549 214 341 638 162 
2	0.0: 389 278 98 523 4 392 612 1 
1	0.0: 547 359 38 221 262 644 641 20 
2	0.0: 374 30 92 672 78 503 607 1 
1	0.0: 827 125 70 458 216 692 598 1 
2	0.0: 392 501 62 474 1 505 595 116 
2	0.0: 409 179 53 570 162 627 637 99 
2	0.0: 129 418 108 504 338 668 655 99 
1	0.0: 420 169 96 414 222 255 665 145 
2	0.0: 204 386 67 485 1 691 650 1 
2	0.0: 354 333 86 344 463 800 630 1 
1	0.0: 751 347 74 512 520 765 643 141 
2	0.0: 447 352 123 531 172 426 621 1 
2	0.0: 312 140 45 395 69 1288 637 67 
2	0.0: 286 361 39 559 1 457 592 1 
2	0.0: 389 268 104 525 1 456 636 1 
1	0.0: 631 280 49 516 570 291 593 1 
1	0.0: 515 161 71 462 212 602 581 1 
2	0.0: 207 182 93 483 431 581 652 98 
2	0.0: 262 283 106 584 283 457 645 1 
2	0.0: 476 321 84 450 202 553 605 12 
1	0.0: 407 147 91 295 462 864 613 29 
2	0.0: 230 431 125 291 14 639 652 5 
1	0.0: 469 137 89 351 1 510 604 183 
2	0.0: 224 339 69 368 427 675 673 138 
2	0.0: 555 377 113 477 1 854 658 9 
4	0.0: 104 307 71 143 421 590 650 339 
2	0.0: 1 438 115 487 52 609 642 1 
2	0.0: 439 205 144 226 1 603 623 30 
2	0.0: 282 282 70 761 8 236 640 1 
2	0.0: 110 179 136 603 264 703 633 24 
1	0.0: 635 298 90 599 58 370 639 1 
2	0.0: 374 290 111 420 310 850 627 1 
2	0.0: 659 792 86 290 100 543 643 1 
1	0.0: 553 276 98 293 226 532 643 84 
2	0.0: 330 146 107 589 97 438 641 33 
1	0.0: 513 280 56 158 104 357 634 104 
1	0.0: 383 184 78 416 461 511 644 31 
2	0.0: 223 228 89 518 1 461 631 224 
1	0.0: 648 126 59 538 207 422 645 81 
2	0.0: 635 325 88 354 317 852 644 1 
1	0.0: 200 354 36 323 207 212 633 50 
1	0.0: 440 176 43 437 453 523 687 228 
1	0.0: 706 214 107 446 388 413 637 5 
2	0.0: 482 211 120 670 230 675 641 1 
2	0.0: 520 243 69 655 52 413 655 36 
2	0.0: 320 170 100 275 238 755 614 245 
1	0.0: 471 260 60 622 263 209 630 1 
2	0.0: 543 294 69 596 221 714 627 1 
2	0.0: 199 133 74 417 1 766 627 1 
2	0.0: 156 405 118 566 88 454 609 25 
2	0.0: 455 265 50 560 159 575 583 1 
4	0.0: 638 214 89 609 1 640 613 419 
1	0.0: 294 256 95 391 459 588 632 21 
1	0.0: 596 271 45 641 523 510 636 37 
2	0.0: 306 363 50 409 128 502 646 1 
2	0.0: 418 493 100 574 251 583 625 228 
2	0.0: 235 298 81 490 314 708 658 1 
2	0.0: 366 250 87 408 1 801 612 36 
2	0.0: 233 547 101 386 203 704 638 1 
2	0.0: 108 203 77 364 302 469 654 1 
1	0.0: 407 294 103 478 449 688 635 158 
1	0.0: 565 199 117 678 245 211 626 1 
2	0.0: 631 549 67 582 1 616 573 1 
2	0.0: 506 159 68 414 134 662 615 1 
1	0.0: 719 185 110 504 109 592 650 24 
2	0.0: 210 251 125 591 1 653 646 1 
2	0.0: 142 301 49 483 134 835 602 8 
2	0.0: 319 378 59 541 8 490 625 88 
1	0.0: 303 88 64 407 281 585 645 108 
2	0.0: 389 203 105 534 183 718 630 1 
2	0.0: 275 556 92 448 1 1079 583 260 
1	0.0: 550 360 94 653 537 442 652 1 
1	0.0: 489 329 53 440 269 386 661 32 
1	0.0: 181 207 83 496 577 449 620 152 
1	0.0: 382 297 65 512 222 332 616 97 
1	0.0: 390 227 86 429 463 294 629 10 
2	0.0: 540 244 39 522 382 812 630 174 
1	0.0: 594 362 138 409 448 109 639 1 
2	0.0: 415 530 105 422 127 975 614 1 
1	0.0: 858 37 124 313 196 324 662 168 
1	0.0: 604 367 102 455 646 390 647 106 
2	0.0: 373 269 102 638 137 477 622 1 
2	0.0: 178 274 136 348 308 713 636 129 
1	0.0: 694 119 76 637 403 513 628 35 
2	0.0: 297 233 161 557 1 687 639 31 
1	0.0: 704 170 61 169 312 407 610 322 
2	0.0: 490 261 49 436 201 585 644 1 
2	0.0: 496 397 56 566 404 813 650 1 
2	0.0: 411 410 136 492 1 473 627 41 
2	0.0: 636 241 71 459 71 997 612 142 
2	0.0: 60 429 88 529 219 610 612 1 
1	0.0: 208 204 111 430 478 562 646 1 
1	0.0: 610 225 82 568 297 281 668 183 
1	0.0: 629 323 106 439 387 640 644 1 
2	0.0: 513 556 57 478 323 731 643 286 
1	0.0: 600 228 59 478 399 484 620 36 
