3	0.0: 641 428 707 239 546 476 68 746 
3	0.0: 793 409 892 290 704 38 159 947 
3	0.0: 738 414 1024 322 660 295 172 660 
3	0.0: 792 421 652 221 574 435 102 562 
3	0.0: 820 386 858 235 555 1 69 656 
3	0.0: 701 400 602 221 436 460 113 601 
0	0.0: 859 391 724 219 522 398 231 496 
3	0.0: 781 432 612 324 541 345 169 884 
3	0.0: 958 431 678 253 689 123 1 706 
3	0.0: 699 432 649 337 518 253 1 549 
3	0.0: 876 413 519 214 560 235 94 632 
0	0.0: 886 403 595 245 553 264 439 524 
0	0.0: 979 426 768 328 648 479 345 336 
0	0.0: 1076 399 721 129 514 174 238 614 
3	0.0: 816 435 747 367 661 188 189 587 
3	0.0: 1083 423 684 77 470 128 177 745 
0	0.0: 857 408 915 302 707 370 1 522 
1	0.0: 715 426 458 406 542 357 148 216 
3	0.0: 739 417 741 262 743 119 1 728 
3	0.0: 607 428 670 221 463 442 252 629 
0	0.0: 869 402 724 321 675 173 519 408 
3	0.0: 897 415 597 423 639 73 94 505 
0	0.0: 897 410 561 180 573 519 1 496 
0	0.0: 899 399 559 302 472 325 144 275 
0	0.0: 991 413 802 207 697 436 313 161 
0	0.0: 923 400 763 207 487 302 573 349 
3	0.0: 824 401 905 398 696 237 150 821 
0	0.0: 675 425 685 292 540 511 1 412 
0	0.0: 882 410 976 163 398 620 107 360 
0	0.0: 1070 420 804 214 631 142 62 497 
3	0.0: 869 407 675 271 472 228 185 623 
1	0.0: 818 415 539 418 588 22 437 340 
0	0.0: 924 399 545 217 584 171 151 440 
0	0.0: 944 413 658 164 384 186 33 235 
0	0.0: 1108 411 955 124 635 494 1 535 
0	0.0: 664 404 592 215 517 383 37 390 
0	0.0: 873 396 598 330 785 266 1 359 
0	0.0: 919 425 717 209 576 177 61 260 
0	0.0: 819 408 584 318 630 329 119 327 
0	0.0: 690 399 555 328 514 289 116 459 
0	0.0: 1002 409 625 272 480 279 443 519 
0	0.0: 878 392 741 299 652 317 301 375 
0	0.0: 1046 410 575 226 674 417 167 354 
0	0.0: 731 419 500 227 557 445 1 229 
1	0.0: 769 428 352 342 572 338 186 281 
0	0.0: 911 409 745 311 734 83 187 464 
0	0.0: 1009 415 794 295 580 325 206 478 
3	0.0: 965 381 572 308 583 413 92 679 
3	0.0: 926 417 665 391 583 210 1 517 
3	0.0: 980 418 470 249 551 12 1 850 
3	0.0: 696 410 687 296 630 257 157 780 
0	0.0: 837 408 700 255 418 1 208 280 
3	0.0: 829 427 621 273 565 60 1 494 
0	0.0: 884 426 855 48 457 82 31 455 
3	0.0: 755 395 739 176 664 107 87 871 
3	0.0: 656 404 545 279 457 10 224 646 
3	0.0: 836 419 616 197 546 60 1 507 
3	0.0: 783 430 785 256 645 436 127 851 
3	0.0: 893 386 598 248 565 194 117 653 
0	0.0: 887 404 698 245 569 70 110 336 
0	0.0: 773 393 998 344 506 340 1 434 
3	0.0: 786 410 698 368 586 305 18 578 
0	0.0: 757 421 810 414 613 316 137 433 
0	0.0: 849 415 874 318 610 275 7 384 
3	0.0: 827 422 383 341 510 176 44 527 
3	0.0: 802 417 765 258 481 1 122 814 
3	0.0: 879 397 615 411 716 292 23 503 
0	0.0: 912 429 704 308 601 151 103 456 
3	0.0: 809 410 637 192 778 132 296 590 
0	0.0: 877 404 728 443 625 100 251 387 
3	0.0: 989 403 716 294 612 379 48 581 
0	0.0: 834 408 732 303 585 413 41 352 
0	0.0: 1033 423 561 38 641 174 127 530 
0	0.0: 917 375 759 313 706 210 67 461 
0	0.0: 1056 384 779 253 604 403 156 34 
0	0.0: 870 413 1025 112 549 85 21 480 
0	0.0: 802 422 923 222 759 380 154 544 
3	0.0: 673 388 253 188 496 345 1 652 
3	0.0: 1026 443 512 301 547 178 282 897 
3	0.0: 875 406 654 270 762 317 239 638 
3	0.0: 784 425 429 345 723 491 131 703 
3	0.0: 740 405 555 435 703 472 1 621 
0	0.0: 840 408 465 138 725 81 1 259 
3	0.0: 719 387 577 397 626 397 1 480 
0	0.0: 790 402 912 227 601 476 443 317 
3	0.0: 957 436 688 389 675 218 1 792 
3	0.0: 865 423 775 439 676 117 1 525 
3	0.0: 817 427 710 258 555 284 171 721 
3	0.0: 818 431 781 168 558 367 38 699 
0	0.0: 1019 400 719 221 425 375 1 419 
0	0.0: 706 396 567 199 586 247 1 339 
3	0.0: 861 435 712 231 837 136 258 657 
3	0.0: 974 415 650 217 673 340 102 781 
3	0.0: 755 407 862 439 626 1 1 556 
3	0.0: 915 435 735 412 538 534 125 681 
0	0.0: 959 396 788 136 758 177 157 511 
0	0.0: 813 411 520 216 525 428 1 170 
3	0.0: 974 406 510 307 672 149 22 602 
3	0.0: 761 403 662 270 540 461 1 829 
0	0.0: 941 418 704 275 551 77 1 433 
0	0.0: 879 395 704 249 669 393 92 219 
0	0.0: 823 401 727 286 629 144 4 339 
0	0.0: 921 406 648 205 543 231 214 235 
0	0.0: 804 392 563 345 651 89 1 377 
0	0.0: 833 438 670 216 696 123 76 458 
3	0.0: 807 401 448 139 561 140 1 612 
3	0.0: 897 414 395 324 701 240 1 390 
3	0.0: 751 440 605 84 709 142 207 925 
3	0.0: 903 418 550 266 586 176 83 654 
3	0.0: 777 416 815 214 469 732 1 747 
0	0.0: 836 383 724 189 586 215 1 519 
0	0.0: 747 394 738 258 534 277 1 464 
0	0.0: 825 408 601 380 703 302 323 459 
3	0.0: 753 424 664 244 521 335 296 663 
1	0.0: 893 430 599 318 533 135 550 580 
0	0.0: 863 416 632 280 448 97 1 390 
0	0.0: 809 422 859 172 598 463 1 435 
0	0.0: 897 398 614 300 571 526 149 367 
0	0.0: 910 409 724 408 620 200 1 446 
0	0.0: 916 421 883 283 686 268 153 433 
0	0.0: 881 393 649 260 722 62 50 408 
0	0.0: 896 382 787 216 524 225 1 431 
0	0.0: 894 399 622 233 510 424 209 514 
3	0.0: 897 416 827 256 656 432 1 661 
3	0.0: 782 396 740 346 647 316 1 675 
3	0.0: 856 406 610 158 614 253 99 609 
0	0.0: 953 415 733 330 345 96 1 465 
0	0.0: 791 398 611 399 550 301 1 360 
3	0.0: 849 408 788 274 706 442 454 737 
0	0.0: 829 426 661 285 513 1 99 388 
0	0.0: 996 417 694 187 586 151 98 498 
0	0.0: 902 403 604 258 450 315 177 185 
3	0.0: 901 405 590 265 580 119 1 493 
0	0.0: 853 397 452 385 589 418 59 262 
3	0.0: 863 429 610 174 673 97 48 578 
3	0.0: 803 416 880 254 573 333 86 614 
3	0.0: 807 413 541 278 685 277 16 449 
0	0.0: 989 404 795 115 534 363 268 644 
0	0.0: 780 397 831 248 576 674 313 279 
3	0.0: 787 406 683 127 538 248 63 799 
3	0.0: 852 436 549 316 545 128 48 487 
3	0.0: 871 405 417 195 658 498 9 568 
3	0.0: 879 439 895 258 625 564 130 751 
0	0.0: 815 395 730 305 615 438 1 460 
0	0.0: 831 417 682 172 539 279 160 367 
0	0.0: 902 389 736 296 663 220 57 424 
3	0.0: 772 408 557 301 610 323 98 698 
3	0.0: 845 427 1128 263 644 56 1 675 
0	0.0: 787 434 775 140 646 647 261 558 
3	0.0: 906 353 535 254 529 135 1 591 
0	0.0: 871 372 629 113 542 286 1 565 
3	0.0: 840 398 651 238 628 17 178 654 
3	0.0: 880 398 539 169 731 302 431 587 
3	0.0: 871 413 676 239 637 269 43 591 
3	0.0: 885 425 522 169 598 1 220 572 
0	0.0: 878 417 715 284 703 273 1 434 
0	0.0: 718 421 842 260 579 149 180 521 
0	0.0: 922 403 648 213 459 308 79 473 
0	0.0: 806 412 650 242 732 115 110 217 
3	0.0: 1089 416 928 266 694 259 1 774 
3	0.0: 672 402 761 226 582 364 187 580 
0	0.0: 1004 413 609 326 623 256 5 284 
0	0.0: 734 407 857 306 489 441 1 545 
0	0.0: 877 392 712 147 684 262 327 337 
0	0.0: 841 417 742 135 686 209 391 329 
0	0.0: 892 424 471 271 512 254 123 460 
0	0.0: 938 398 793 143 701 243 1 482 
0	0.0: 991 394 678 229 588 390 34 330 
0	0.0: 694 417 885 238 489 454 48 563 
0	0.0: 860 420 632 281 465 174 321 398 
3	0.0: 802 415 569 178 742 125 116 529 
3	0.0: 874 415 506 175 563 56 121 535 
3	0.0: 910 401 729 256 704 347 1 828 
0	0.0: 801 420 648 252 596 262 181 401 
0	0.0: 994 401 704 376 607 372 1 390 
3	0.0: 850 416 673 334 603 263 227 662 
0	0.0: 717 424 740 161 810 137 217 306 
0	0.0: 808 430 763 330 597 303 366 528 
3	0.0: 872 405 610 181 690 95 247 590 
0	0.0: 688 426 562 219 695 433 26 273 
0	0.0: 898 407 521 240 642 1 1 315 
3	0.0: 680 421 786 189 640 15 63 756 
0	0.0: 794 427 756 251 412 424 238 238 
0	0.0: 1103 404 794 124 562 307 169 615 
0	0.0: 755 399 811 303 637 139 369 448 
0	0.0: 905 409 541 287 559 514 1 396 
0	0.0: 705 416 707 138 700 355 1 362 
3	0.0: 920 413 789 291 654 472 1 675 
0	0.0: 961 401 616 234 600 157 1 502 
0	0.0: 1148 422 822 359 784 296 135 425 
3	0.0: 846 423 834 179 626 132 1 579 
0	0.0: 744 421 778 256 581 207 136 460 
3	0.0: 812 423 663 100 596 1 474 708 
0	0.0: 981 428 624 211 623 119 1 375 
3	0.0: 693 407 616 184 656 3 1 471 
3	0.0: 670 397 513 166 648 452 1 502 
3	0.0: 967 422 418 218 527 392 1 590 
0	0.0: 904 411 614 212 563 33 8 368 
0	0.0: 815 404 625 93 540 336 184 371 
3	0.0: 824 405 381 240 481 333 63 553 
0	0.0: 786 417 734 160 718 340 145 428 
0	0.0: 832 411 840 369 564 333 98 545 
0	0.0: 1001 401 786 199 578 186 1 413 
0	0.0: 742 410 696 254 612 293 153 408 
3	0.0: 907 398 712 144 648 206 1 883 
0	0.0: 731 392 489 289 455 201 50 468 
0	0.0: 871 447 570 119 500 145 1 478 
3	0.0: 913 391 605 290 573 256 1 594 
3	0.0: 958 398 702 331 699 189 175 519 
0	0.0: 899 407 822 233 669 106 257 549 
0	0.0: 876 391 823 294 685 328 120 485 
0	0.0: 991 434 656 328 572 153 129 388 
0	0.0: 1006 418 646 38 551 401 1 601 
3	0.0: 957 391 511 214 661 289 177 579 
0	0.0: 890 373 475 262 449 224 85 332 
0	0.0: 928 400 628 314 552 323 259 537 
3	0.0: 938 446 491 255 635 377 188 687 
3	0.0: 870 403 699 197 480 495 59 638 
1	0.0: 628 437 531 345 478 328 374 511 
0	0.0: 827 392 735 261 705 252 1 233 
0	0.0: 974 400 760 259 547 417 189 211 
3	0.0: 749 398 733 286 510 301 68 611 
3	0.0: 882 408 519 181 628 334 1 489 
3	0.0: 706 408 1046 371 605 476 295 649 
3	0.0: 849 434 805 354 418 413 217 676 
3	0.0: 940 421 651 330 694 29 456 693 
3	0.0: 804 422 801 142 633 122 1 619 
3	0.0: 876 413 788 248 547 315 121 699 
0	0.0: 850 420 835 377 622 364 111 450 
0	0.0: 951 439 831 163 549 211 48 492 
3	0.0: 924 420 653 230 642 1 1 526 
0	0.0: 975 424 865 312 570 112 138 257 
0	0.0: 860 422 701 165 625 238 260 418 
3	0.0: 800 416 483 191 663 174 269 620 
3	0.0: 846 426 655 197 763 239 326 541 
3	0.0: 817 421 713 338 705 126 1 673 
0	0.0: 807 394 683 233 563 380 258 427 
0	0.0: 873 430 929 238 653 371 172 413 
0	0.0: 868 422 802 220 738 135 77 509 
0	0.0: 964 421 434 170 705 408 139 289 
3	0.0: 895 395 815 236 624 390 434 761 
0	0.0: 851 408 807 70 670 183 1 504 
3	0.0: 787 434 788 156 562 115 1 725 
0	0.0: 669 384 845 215 610 10 358 466 
0	0.0: 966 406 532 401 544 505 166 439 
0	0.0: 846 406 713 345 538 208 236 381 
3	0.0: 820 400 760 283 624 1 1 502 
3	0.0: 733 402 693 104 602 307 110 629 
3	0.0: 753 393 748 276 602 123 34 592 
0	0.0: 872 408 689 259 539 253 1 418 
0	0.0: 911 398 651 307 497 410 148 462 
3	0.0: 878 424 550 231 488 486 47 691 
0	0.0: 931 436 753 159 695 360 1 452 
3	0.0: 879 422 494 203 531 132 1 650 
3	0.0: 955 421 731 180 600 325 239 941 
0	0.0: 900 402 810 280 624 256 296 598 
3	0.0: 813 395 873 272 536 553 266 669 
0	0.0: 894 410 595 381 685 234 522 415 
0	0.0: 814 411 999 216 715 109 194 573 
0	0.0: 952 415 774 144 533 128 504 546 
0	0.0: 790 394 502 220 633 532 1 445 
0	0.0: 1005 422 765 229 698 166 326 394 
3	0.0: 777 393 809 199 413 163 197 948 
3	0.0: 1000 422 653 279 783 44 42 619 
3	0.0: 897 418 662 224 659 176 316 583 
0	0.0: 897 411 692 349 614 313 40 330 
0	0.0: 758 417 918 289 708 321 321 488 
0	0.0: 956 412 979 197 601 288 412 380 
0	0.0: 965 410 699 227 622 389 1 487 
0	0.0: 887 397 1080 260 497 246 1 304 
0	0.0: 816 421 877 461 733 15 1 160 
3	0.0: 1041 408 418 318 476 309 1 795 
3	0.0: 909 412 866 98 576 697 1 940 
0	0.0: 869 406 801 165 548 292 237 625 
0	0.0: 1040 428 1003 151 602 322 112 640 
3	0.0: 979 414 547 84 665 241 1 582 
0	0.0: 860 414 900 270 584 251 388 546 
0	0.0: 970 435 972 70 520 218 286 530 
3	0.0: 1022 413 582 194 751 1 1 654 
3	0.0: 953 396 466 269 545 519 1 665 
3	0.0: 738 410 761 154 724 262 1 604 
0	0.0: 1046 404 528 163 653 288 77 344 
0	0.0: 944 413 599 185 589 242 71 529 
1	0.0: 857 406 457 169 630 289 412 487 
3	0.0: 737 403 591 343 760 1 222 467 
3	0.0: 1051 424 386 324 443 1 121 750 
3	0.0: 926 373 741 246 655 360 326 681 
3	0.0: 797 407 744 201 494 353 118 615 
0	0.0: 860 397 682 198 590 93 119 456 
0	0.0: 728 414 739 195 756 399 6 31 
0	0.0: 775 428 635 354 648 301 299 330 
0	0.0: 774 439 960 349 748 256 1 302 
0	0.0: 803 416 756 217 647 205 106 339 
0	0.0: 657 409 924 106 578 465 446 360 
3	0.0: 768 403 803 171 608 78 85 675 
1	0.0: 846 403 403 194 436 431 298 362 
0	0.0: 937 413 663 272 768 260 1 345 
3	0.0: 868 415 539 228 776 546 51 607 
3	0.0: 683 406 531 371 740 191 441 618 
3	0.0: 887 417 601 356 589 411 41 873 
0	0.0: 902 426 788 303 645 1 260 423 
0	0.0: 1003 386 495 194 595 261 293 370 
0	0.0: 975 379 845 209 619 503 421 405 
0	0.0: 1106 423 627 193 617 228 118 545 
3	0.0: 842 428 580 313 610 164 115 483 
0	0.0: 888 393 594 196 578 91 1 437 
0	0.0: 948 417 700 147 478 152 1 243 
3	0.0: 845 431 523 254 534 416 346 733 
3	0.0: 924 429 794 329 440 196 12 616 
0	0.0: 700 419 807 191 506 442 1 517 
0	0.0: 896 406 931 186 738 158 161 546 
0	0.0: 1088 398 887 144 723 513 48 489 
3	0.0: 894 395 858 302 570 123 71 728 
0	0.0: 842 437 618 304 455 83 375 319 
0	0.0: 769 399 563 91 733 344 500 527 
0	0.0: 817 421 558 327 552 164 1 352 
0	0.0: 941 401 453 226 669 342 284 445 
3	0.0: 1109 417 693 159 694 384 103 614 
3	0.0: 876 407 680 358 786 267 627 579 
0	0.0: 851 435 691 218 639 228 13 488 
3	0.0: 918 400 1064 229 671 336 1 698 
0	0.0: 915 404 731 233 537 228 231 386 
0	0.0: 907 422 579 259 535 161 301 423 
0	0.0: 853 389 569 336 633 190 154 431 
0	0.0: 985 399 955 84 848 358 161 164 
0	0.0: 1054 396 658 230 628 529 1 283 
3	0.0: 977 407 641 224 716 332 342 763 
0	0.0: 878 409 731 256 468 261 1 275 
0	0.0: 875 412 580 34 534 509 1 372 
3	0.0: 821 379 474 112 650 416 14 571 
0	0.0: 891 416 601 219 522 209 288 519 
0	0.0: 880 388 905 234 597 196 213 628 
0	0.0: 1021 396 577 323 575 327 291 449 
0	0.0: 801 432 627 272 559 316 410 465 
0	0.0: 766 432 470 70 691 497 359 350 
0	0.0: 825 377 562 309 502 399 144 387 
3	0.0: 945 404 568 288 606 178 34 705 
0	0.0: 694 412 779 237 532 1 1 337 
0	0.0: 989 414 780 200 520 170 405 548 
0	0.0: 836 429 828 298 407 187 1 484 
3	0.0: 903 396 602 307 531 8 1 541 
0	0.0: 771 409 712 292 483 114 1 338 
3	0.0: 892 395 509 245 660 173 1 507 
0	0.0: 767 439 603 185 494 331 10 454 
0	0.0: 745 422 1027 61 551 389 94 576 
3	0.0: 793 433 503 227 745 51 1 529 
0	0.0: 842 420 590 393 644 505 190 458 
0	0.0: 1104 398 524 297 862 471 279 393 
3	0.0: 863 385 688 287 617 274 413 650 
3	0.0: 821 417 574 311 608 358 229 549 
3	0.0: 759 409 822 241 805 174 1 558 
0	0.0: 886 388 1000 308 606 439 1 522 
3	0.0: 899 402 444 364 650 413 1 697 
0	0.0: 760 408 650 245 492 366 373 435 
0	0.0: 817 399 697 62 491 167 167 420 
0	0.0: 899 424 713 183 494 1 1 524 
0	0.0: 1057 402 712 219 568 422 197 468 
3	0.0: 820 420 626 282 809 551 193 753 
0	0.0: 1051 400 637 252 591 254 1 416 
0	0.0: 995 419 669 218 567 53 170 504 
3	0.0: 737 432 709 280 524 265 180 555 
0	0.0: 703 400 968 80 583 40 215 452 
0	0.0: 1209 427 768 255 600 285 1 589 
3	0.0: 780 411 709 315 446 232 173 617 
0	0.0: 739 420 484 331 592 298 1 9 
3	0.0: 1017 420 540 299 596 340 7 614 
3	0.0: 759 380 631 318 673 15 1 558 
0	0.0: 860 430 778 289 629 449 1 470 
0	0.0: 887 394 613 187 617 220 248 399 
3	0.0: 708 409 534 175 550 279 1 571 
1	0.0: 703 414 543 334 750 276 701 486 
0	0.0: 879 418 743 306 493 402 97 488 
3	0.0: 804 408 806 272 525 339 61 839 
0	0.0: 658 396 689 317 479 373 160 431 
0	0.0: 1089 423 981 216 615 137 237 607 
0	0.0: 824 406 544 184 721 182 1 321 
0	0.0: 994 399 712 244 591 373 1 383 
0	0.0: 1147 410 515 211 818 388 46 408 
0	0.0: 651 412 605 196 653 173 2 243 
3	0.0: 800 404 568 411 587 310 1 498 
0	0.0: 784 409 609 283 597 173 126 378 
3	0.0: 771 407 782 235 599 178 143 590 
3	0.0: 844 429 723 258 610 176 249 713 
3	0.0: 581 439 637 287 583 360 93 746 
0	0.0: 887 421 518 195 520 296 55 334 
0	0.0: 942 398 583 351 721 84 165 304 
3	0.0: 699 381 381 254 508 280 67 726 
0	0.0: 860 395 508 198 538 198 110 369 
0	0.0: 969 388 954 309 714 553 44 436 
0	0.0: 1001 417 583 279 709 651 101 494 
0	0.0: 993 413 759 225 607 445 66 510 
0	0.0: 681 405 667 116 605 37 213 448 
0	0.0: 832 414 944 191 609 273 200 474 
3	0.0: 899 379 766 354 727 457 1 630 
1	0.0: 1026 406 292 385 665 264 343 581 
3	0.0: 747 397 616 213 549 1 49 596 
0	0.0: 784 407 619 249 616 343 334 467 
0	0.0: 688 410 535 287 651 304 92 276 
3	0.0: 1070 388 926 218 595 367 1 940 
0	0.0: 1064 404 1068 340 565 297 131 463 
0	0.0: 858 394 552 356 806 103 206 370 
0	0.0: 1058 406 766 92 566 416 265 379 
0	0.0: 944 397 779 177 648 313 67 282 
3	0.0: 823 420 849 182 661 236 1 808 
3	0.0: 847 436 669 307 557 396 25 656 
3	0.0: 951 408 1055 373 613 318 107 699 
0	0.0: 848 395 840 286 711 62 1 409 
0	0.0: 742 407 731 53 444 264 1 441 
3	0.0: 968 442 675 360 672 189 197 553 
0	0.0: 873 437 639 342 616 189 75 405 
0	0.0: 807 424 653 242 469 229 141 542 
0	0.0: 760 423 565 291 641 254 21 215 
3	0.0: 807 423 745 265 515 467 1 574 
3	0.0: 1002 416 425 303 785 1 94 453 
0	0.0: 909 400 550 117 525 149 130 364 
0	0.0: 1026 402 767 111 525 59 167 569 
0	0.0: 818 434 682 458 588 451 96 284 
3	0.0: 899 407 393 352 668 536 1 542 
1	0.0: 827 390 589 236 472 262 578 337 
0	0.0: 949 419 725 82 466 373 94 583 
3	0.0: 731 411 820 296 549 673 2 603 
0	0.0: 809 399 596 184 650 505 242 412 
3	0.0: 996 414 534 282 368 333 104 595 
0	0.0: 849 411 1003 246 601 87 1 598 
0	0.0: 1018 431 848 189 556 236 1 402 
3	0.0: 890 400 741 213 519 181 1 591 
3	0.0: 924 438 482 242 717 451 6 625 
3	0.0: 875 424 678 219 613 221 1 608 
0	0.0: 773 418 622 273 421 87 89 380 
0	0.0: 716 390 623 239 659 217 181 335 
3	0.0: 874 399 763 265 684 86 286 749 
0	0.0: 655 433 648 343 679 195 120 233 
3	0.0: 1041 441 483 239 583 459 77 565 
0	0.0: 999 381 862 285 624 452 192 531 
3	0.0: 1016 418 602 306 695 358 86 496 
3	0.0: 977 419 661 197 677 1 42 618 
3	0.0: 802 394 680 210 710 477 1 563 
3	0.0: 919 396 533 342 682 534 1 516 
3	0.0: 975 421 594 230 670 426 219 608 
0	0.0: 763 420 610 285 563 17 170 434 
0	0.0: 844 420 736 303 581 167 1 496 
0	0.0: 815 418 858 141 636 298 1 525 
0	0.0: 953 402 739 135 527 450 7 185 
0	0.0: 829 439 761 254 557 405 1 381 
3	0.0: 1099 418 632 222 592 500 1 649 
0	0.0: 1019 399 683 256 508 377 238 618 
0	0.0: 926 414 636 380 464 387 428 561 
0	0.0: 743 411 572 289 419 583 1 305 
0	0.0: 856 413 663 383 714 457 429 99 
3	0.0: 813 424 505 207 748 345 1 675 
3	0.0: 751 380 595 330 645 1 1 584 
1	0.0: 533 424 540 280 671 58 413 426 
0	0.0: 820 402 920 177 645 215 1 301 
0	0.0: 922 413 676 160 690 312 1 465 
0	0.0: 778 419 677 229 530 548 106 536 
3	0.0: 889 426 542 146 724 281 242 610 
3	0.0: 877 425 700 170 736 500 128 555 
3	0.0: 664 401 662 299 703 25 1 473 
3	0.0: 924 424 740 228 572 101 190 661 
3	0.0: 815 407 735 186 593 375 1 617 
0	0.0: 831 390 735 102 689 290 344 318 
0	0.0: 789 411 766 282 558 377 22 334 
3	0.0: 884 368 623 225 661 382 49 620 
0	0.0: 895 394 812 216 476 321 220 633 
0	0.0: 816 431 643 134 759 273 1 256 
0	0.0: 893 424 707 383 627 91 1 25 
0	0.0: 823 403 920 203 482 393 164 533 
0	0.0: 913 408 763 159 409 533 51 547 
0	0.0: 784 406 639 196 593 371 18 412 
3	0.0: 951 420 609 310 569 389 184 565 
3	0.0: 742 403 551 292 550 185 159 607 
0	0.0: 848 402 603 374 686 325 1 417 
3	0.0: 932 388 754 228 617 367 278 792 
3	0.0: 880 422 516 272 595 37 169 565 
0	0.0: 849 395 969 256 546 303 298 588 
3	0.0: 878 413 700 335 454 436 1 848 
0	0.0: 951 394 714 258 551 29 122 386 
0	0.0: 1024 417 822 353 468 157 1 286 
3	0.0: 1002 427 615 297 721 167 144 636 
0	0.0: 951 389 590 177 635 321 267 557 
0	0.0: 863 406 890 163 512 698 242 259 
3	0.0: 1165 389 595 207 590 292 1 658 
3	0.0: 838 398 711 161 724 336 19 537 
3	0.0: 815 416 593 184 581 261 240 763 
3	0.0: 702 392 691 238 680 399 1 492 
3	0.0: 1059 438 650 444 664 50 212 754 
0	0.0: 881 408 735 161 564 318 351 489 
3	0.0: 838 427 607 263 590 318 1 760 
3	0.0: 1007 423 690 257 631 194 150 572 
0	0.0: 819 404 721 343 578 149 415 457 
3	0.0: 832 438 806 152 541 203 13 644 
3	0.0: 949 407 678 278 748 120 228 562 
3	0.0: 913 407 1042 215 504 54 132 733 
0	0.0: 630 383 792 136 704 519 311 319 
3	0.0: 879 432 670 309 704 469 1 507 
3	0.0: 830 422 675 267 618 102 1 555 
3	0.0: 855 390 633 324 662 148 111 474 
0	0.0: 836 377 697 326 478 358 291 576 
3	0.0: 836 387 782 412 564 1 386 683 
0	0.0: 738 429 841 209 609 140 1 275 
3	0.0: 724 411 805 94 637 530 121 682 
3	0.0: 863 417 671 177 455 424 210 711 
0	0.0: 765 410 1018 128 539 284 10 632 
0	0.0: 924 422 696 259 596 67 324 552 
0	0.0: 883 403 623 126 504 163 131 310 
0	0.0: 965 405 865 169 514 457 75 364 
3	0.0: 840 391 615 316 630 1 1 506 
3	0.0: 483 421 739 238 723 376 293 636 
0	0.0: 787 402 747 423 627 302 178 372 
3	0.0: 860 403 648 318 471 115 173 582 
1	0.0: 793 419 474 237 716 173 654 462 
0	0.0: 899 443 636 262 553 263 228 230 
3	0.0: 877 398 768 180 718 328 66 697 
3	0.0: 673 397 719 297 739 342 121 622 
3	0.0: 843 421 666 219 859 354 1 580 
3	0.0: 938 397 497 224 715 501 52 902 
0	0.0: 858 416 563 334 589 204 408 414 
0	0.0: 781 415 801 225 617 262 1 483 
0	0.0: 904 421 760 102 414 457 374 605 
3	0.0: 765 411 698 297 640 377 1 693 
0	0.0: 931 413 651 381 531 386 1 459 
0	0.0: 925 406 764 219 468 223 1 445 
0	0.0: 932 402 649 173 519 401 125 471 
3	0.0: 1049 396 555 143 617 389 169 634 
3	0.0: 835 410 785 287 557 127 1 698 
3	0.0: 996 417 503 320 522 189 1 500 
0	0.0: 901 422 956 386 539 484 1 523 
0	0.0: 869 430 607 246 574 357 8 402 
3	0.0: 791 413 348 248 619 308 68 747 
0	0.0: 1081 404 992 246 429 164 75 537 
3	0.0: 620 438 517 280 633 509 70 432 
3	0.0: 997 418 685 334 650 153 218 708 
3	0.0: 749 445 549 368 607 191 459 685 
0	0.0: 899 398 716 267 529 65 1 477 
0	0.0: 916 400 619 306 662 301 1 183 
3	0.0: 878 423 490 275 725 363 1 718 
0	0.0: 920 410 875 372 676 151 173 397 
1	0.0: 792 403 495 185 595 336 488 240 
0	0.0: 916 424 507 200 588 252 350 314 
0	0.0: 953 441 657 133 516 1 107 280 
0	0.0: 919 436 708 171 589 331 23 463 
0	0.0: 920 410 727 194 668 407 131 443 
3	0.0: 1020 408 732 350 566 174 196 749 
3	0.0: 931 390 912 178 652 352 105 725 
0	0.0: 715 419 551 370 598 264 228 437 
0	0.0: 941 427 694 269 658 429 206 250 
0	0.0: 1120 421 723 198 584 443 1 406 
0	0.0: 888 406 562 239 510 13 147 335 
0	0.0: 885 399 612 169 629 119 1 407 
3	0.0: 695 395 651 312 567 426 317 717 
0	0.0: 890 405 630 283 660 518 1 271 
3	0.0: 891 410 717 209 537 339 1 712 
0	0.0: 789 425 629 223 656 218 2 392 
0	0.0: 821 424 832 115 684 479 289 557 
0	0.0: 937 418 827 38 568 526 85 409 
3	0.0: 856 387 684 321 730 488 9 602 
0	0.0: 920 375 766 308 703 161 113 364 
0	0.0: 805 417 509 230 672 307 271 386 
0	0.0: 898 398 707 205 557 474 348 518 
0	0.0: 964 413 551 389 544 218 1 379 
0	0.0: 892 404 606 243 648 220 1 410 
0	0.0: 867 435 777 241 649 253 497 591 
0	0.0: 932 413 740 263 775 1 1 265 
0	0.0: 1001 412 639 369 703 367 1 410 
0	0.0: 952 414 675 211 625 190 1 370 
0	0.0: 1036 420 648 193 664 666 193 407 
0	0.0: 925 442 668 190 556 169 1 427 
0	0.0: 881 388 819 196 801 190 226 324 
0	0.0: 732 414 889 128 566 347 1 485 
3	0.0: 707 416 915 240 504 62 98 764 
3	0.0: 853 420 671 382 777 318 359 551 
0	0.0: 877 434 756 297 494 443 244 501 
0	0.0: 807 410 839 263 557 234 91 373 
3	0.0: 909 426 650 289 707 275 463 723 
3	0.0: 788 421 698 323 581 335 118 559 
3	0.0: 821 382 458 197 509 74 166 519 
0	0.0: 813 412 941 138 643 437 1 567 
3	0.0: 903 396 704 224 762 389 1 607 
0	0.0: 1001 404 438 299 546 291 98 288 
3	0.0: 777 412 671 321 491 219 93 779 
3	0.0: 857 402 707 251 713 473 177 801 
0	0.0: 938 441 550 154 604 366 88 504 
3	0.0: 1010 405 514 219 504 43 1 640 
0	0.0: 1063 381 537 411 756 461 219 267 
0	0.0: 743 392 797 143 699 99 220 278 
0	0.0: 926 417 605 254 548 502 99 534 
1	0.0: 821 403 266 438 540 339 1 466 
0	0.0: 955 417 626 249 611 88 123 451 
3	0.0: 781 415 604 194 548 223 248 890 
3	0.0: 933 432 356 153 443 330 1 753 
3	0.0: 856 395 696 95 555 407 142 726 
0	0.0: 918 429 807 293 577 269 96 315 
0	0.0: 926 416 843 239 503 171 1 582 
0	0.0: 745 435 466 232 710 189 39 233 
0	0.0: 622 428 622 194 560 173 20 353 
0	0.0: 846 409 725 278 695 375 32 476 
3	0.0: 1000 402 629 261 703 89 1 750 
3	0.0: 982 391 591 225 592 161 314 589 
3	0.0: 932 408 720 312 470 439 153 685 
3	0.0: 1032 425 458 385 571 177 162 649 
0	0.0: 837 394 704 309 715 213 15 367 
0	0.0: 828 418 534 216 526 417 1 472 
0	0.0: 878 421 662 319 664 287 46 332 
3	0.0: 625 399 573 436 636 453 1 763 
3	0.0: 899 422 559 116 757 139 162 608 
3	0.0: 894 439 825 393 721 375 243 615 
0	0.0: 743 401 688 199 705 244 206 314 
3	0.0: 888 420 686 352 616 208 255 658 
3	0.0: 882 408 714 287 577 249 135 595 
3	0.0: 803 401 393 348 701 168 1 611 
3	0.0: 878 423 718 337 634 680 85 620 
0	0.0: 875 433 677 202 650 454 265 418 
3	0.0: 730 414 578 212 607 434 1 569 
0	0.0: 767 420 799 355 675 456 42 450 
3	0.0: 842 434 583 417 678 461 276 506 
0	0.0: 891 415 460 318 593 210 67 318 
3	0.0: 890 406 603 226 600 345 1 545 
3	0.0: 720 441 627 162 493 71 189 562 
3	0.0: 884 405 656 294 580 135 60 612 
3	0.0: 896 415 754 266 753 224 87 561 
0	0.0: 741 401 763 290 660 185 1 283 
0	0.0: 839 392 596 144 591 1 115 477 
0	0.0: 793 399 758 269 485 205 88 444 
0	0.0: 684 407 575 376 560 99 1 407 
0	0.0: 949 396 775 407 507 357 70 526 
0	0.0: 754 433 772 342 638 328 198 310 
0	0.0: 1026 400 812 366 685 404 1 155 
0	0.0: 769 412 732 317 722 150 91 326 
0	0.0: 827 456 583 133 445 643 1 409 
3	0.0: 992 446 666 168 642 253 227 585 
1	0.0: 797 419 373 250 753 371 363 433 
3	0.0: 888 428 629 274 674 209 558 590 
0	0.0: 825 419 837 282 733 490 1 332 
0	0.0: 777 406 652 234 604 185 94 417 
0	0.0: 773 401 784 319 601 443 1 510 
0	0.0: 707 409 716 196 647 431 6 452 
0	0.0: 771 401 600 231 591 354 182 518 
3	0.0: 971 410 498 332 731 202 1 505 
0	0.0: 780 403 736 153 642 659 134 550 
0	0.0: 903 420 630 352 440 91 1 487 
0	0.0: 971 390 772 190 737 401 1 514 
3	0.0: 843 391 589 203 465 412 1 675 
0	0.0: 882 411 516 58 550 337 249 522 
0	0.0: 832 451 887 227 488 375 154 598 
3	0.0: 909 433 618 269 474 467 1 573 
3	0.0: 680 411 677 176 488 530 1 657 
0	0.0: 739 422 833 317 717 8 372 316 
0	0.0: 885 412 760 339 605 276 222 393 
0	0.0: 859 404 944 333 552 322 1 364 
3	0.0: 727 430 906 174 692 45 97 761 
3	0.0: 838 380 584 418 437 290 117 583 
3	0.0: 833 386 761 277 754 164 273 732 
3	0.0: 768 401 385 331 549 349 1 639 
0	0.0: 1035 409 787 314 548 17 1 222 
0	0.0: 777 395 918 330 503 1 171 236 
0	0.0: 857 412 811 224 743 130 260 425 
0	0.0: 765 418 648 187 680 230 156 476 
0	0.0: 840 399 922 158 747 225 200 529 
0	0.0: 1006 408 953 200 562 361 195 406 
0	0.0: 1035 437 804 320 732 291 61 467 
3	0.0: 877 416 530 275 596 1 23 682 
3	0.0: 894 424 779 317 629 1 73 654 
0	0.0: 867 406 766 345 716 575 27 360 
3	0.0: 892 412 345 316 557 46 1 658 
3	0.0: 966 420 752 337 466 468 427 735 
0	0.0: 801 409 629 126 550 69 1 334 
3	0.0: 875 415 677 347 640 298 61 673 
0	0.0: 825 407 368 181 721 251 1 327 
0	0.0: 910 395 715 241 588 370 348 387 
3	0.0: 852 406 722 334 634 451 1 630 
0	0.0: 776 421 769 305 538 433 15 380 
0	0.0: 917 403 782 162 574 506 349 590 
0	0.0: 985 426 656 199 614 374 110 501 
0	0.0: 843 391 670 240 540 12 153 259 
0	0.0: 909 407 787 296 384 423 100 268 
0	0.0: 815 412 931 184 547 185 1 358 
0	0.0: 887 390 569 140 530 444 60 390 
0	0.0: 854 393 640 330 683 1 239 379 
3	0.0: 832 415 760 337 679 1 53 618 
0	0.0: 1023 429 821 181 509 208 1 425 
0	0.0: 816 412 648 85 510 260 175 415 
1	0.0: 870 425 446 136 749 305 472 517 
0	0.0: 852 391 816 273 408 452 42 445 
0	0.0: 784 415 486 174 589 362 1 259 
3	0.0: 950 393 269 278 561 136 1 770 
3	0.0: 909 425 600 85 576 1 47 561 
3	0.0: 858 403 456 254 709 507 1 485 
0	0.0: 867 415 801 243 725 208 363 411 
3	0.0: 945 418 509 243 490 204 140 650 
0	0.0: 919 410 880 166 594 216 8 552 
0	0.0: 831 407 659 227 593 214 90 323 
0	0.0: 845 408 725 314 770 152 291 467 
0	0.0: 782 422 595 92 725 1 258 330 
0	0.0: 761 384 870 219 720 76 271 283 
0	0.0: 945 401 768 282 568 197 1 339 
3	0.0: 993 409 604 305 694 507 1 539 
0	0.0: 982 383 600 161 647 265 324 499 
0	0.0: 909 398 586 167 689 1 336 283 
3	0.0: 871 435 796 168 705 522 1 626 
0	0.0: 914 401 709 330 607 391 348 317 
3	0.0: 869 389 734 182 714 172 110 612 
3	0.0: 920 414 524 308 508 180 1 660 
0	0.0: 762 412 569 347 728 339 325 381 
0	0.0: 1060 418 699 350 651 372 83 435 
3	0.0: 1103 374 518 287 444 103 210 628 
0	0.0: 1028 419 596 364 511 255 185 334 
0	0.0: 725 387 904 324 714 414 128 369 
3	0.0: 854 386 837 367 637 354 80 586 
3	0.0: 728 396 633 438 637 291 40 462 
1	0.0: 789 418 305 379 694 386 212 386 
3	0.0: 767 403 709 272 564 445 81 593 
0	0.0: 834 421 611 245 619 428 411 464 
3	0.0: 801 406 578 457 576 40 1 641 
0	0.0: 957 417 728 315 554 328 383 539 
3	0.0: 911 393 581 253 592 563 193 775 
0	0.0: 1015 405 854 320 597 355 51 367 
0	0.0: 889 437 497 421 600 309 1 109 
0	0.0: 990 434 710 183 567 173 247 418 
0	0.0: 939 397 792 178 667 298 519 590 
3	0.0: 966 369 861 264 687 44 1 717 
3	0.0: 864 408 370 301 554 1 1 425 
0	0.0: 963 392 618 166 648 147 513 346 
0	0.0: 883 423 585 130 396 398 1 458 
0	0.0: 878 393 856 38 694 106 1 387 
3	0.0: 888 420 776 398 664 131 44 693 
0	0.0: 887 413 687 422 598 312 295 371 
0	0.0: 1031 404 887 332 686 261 362 589 
3	0.0: 880 415 560 271 496 374 338 833 
3	0.0: 886 419 916 300 735 81 1 692 
0	0.0: 710 430 606 355 683 93 1 261 
3	0.0: 938 427 696 363 438 58 1 638 
0	0.0: 720 406 430 241 718 320 1 222 
3	0.0: 990 428 838 324 559 276 113 668 
0	0.0: 1010 403 685 291 530 300 147 275 
0	0.0: 749 424 442 319 679 388 1 336 
0	0.0: 721 418 618 230 655 101 303 351 
0	0.0: 925 389 838 375 430 307 124 256 
3	0.0: 751 411 593 332 671 240 193 571 
0	0.0: 997 401 711 271 493 84 1 487 
3	0.0: 789 434 565 162 779 247 1 628 
0	0.0: 843 427 767 296 391 152 278 367 
0	0.0: 954 426 578 334 686 404 1 424 
0	0.0: 832 406 817 368 564 264 476 288 
0	0.0: 981 399 752 182 675 217 1 369 
3	0.0: 679 396 765 298 712 1 1 568 
3	0.0: 895 398 836 283 757 417 100 593 
3	0.0: 872 408 618 260 583 329 1 518 
3	0.0: 809 418 855 179 655 217 27 612 
3	0.0: 886 409 606 242 715 19 41 531 
3	0.0: 996 388 600 143 608 295 14 637 
3	0.0: 794 387 887 204 590 378 218 689 
0	0.0: 1059 416 628 96 581 317 169 421 
3	0.0: 848 436 557 252 696 142 242 556 
0	0.0: 799 400 741 331 680 277 470 435 
3	0.0: 866 401 425 158 590 415 45 683 
0	0.0: 858 390 636 338 726 192 101 268 
0	0.0: 842 417 855 355 632 186 110 513 
0	0.0: 752 394 715 318 508 556 1 543 
1	0.0: 957 410 159 287 641 417 44 486 
3	0.0: 627 420 613 76 522 255 156 639 
0	0.0: 859 419 631 219 612 353 375 577 
3	0.0: 880 433 689 346 672 552 231 562 
3	0.0: 766 403 782 287 614 174 1 538 
3	0.0: 912 429 572 176 579 37 36 669 
3	0.0: 840 404 619 304 691 466 1 658 
0	0.0: 1081 393 987 276 722 289 354 592 
3	0.0: 833 389 612 254 675 416 236 550 
0	0.0: 799 416 766 245 541 73 76 291 
0	0.0: 819 398 735 327 505 433 1 391 
3	0.0: 953 385 643 259 607 368 1 591 
0	0.0: 841 402 809 133 635 219 125 581 
3	0.0: 717 399 712 180 665 202 101 681 
3	0.0: 884 382 473 274 828 299 107 758 
0	0.0: 781 399 774 183 542 356 260 548 
3	0.0: 919 414 574 329 800 614 395 626 
3	0.0: 733 389 681 336 773 505 191 879 
3	0.0: 823 394 706 154 631 373 84 562 
3	0.0: 1003 404 500 444 615 35 181 514 
3	0.0: 884 400 729 49 645 156 179 661 
0	0.0: 969 386 770 214 667 119 203 364 
3	0.0: 821 412 582 328 718 463 1 433 
3	0.0: 782 397 643 295 653 410 140 502 
3	0.0: 962 408 543 151 528 515 135 852 
1	0.0: 678 405 501 206 510 435 348 364 
0	0.0: 933 409 688 240 571 296 29 408 
0	0.0: 790 420 490 347 557 204 59 315 
0	0.0: 1056 423 684 367 369 79 1 283 
0	0.0: 770 387 664 269 685 1 438 487 
3	0.0: 964 429 514 285 495 109 229 807 
3	0.0: 747 430 489 312 486 407 1 529 
0	0.0: 921 411 607 285 659 462 1 306 
0	0.0: 932 412 565 287 554 288 100 380 
3	0.0: 980 423 713 291 482 283 118 602 
1	0.0: 805 422 392 227 603 170 139 400 
1	0.0: 750 416 399 296 599 439 338 277 
3	0.0: 993 411 568 135 586 139 320 672 
3	0.0: 1050 410 455 301 665 160 1 810 
1	0.0: 920 390 483 301 577 134 754 591 
3	0.0: 833 396 675 56 640 252 165 598 
3	0.0: 729 386 396 156 556 439 49 581 
0	0.0: 1164 390 768 260 676 7 95 305 
0	0.0: 989 402 743 301 612 191 469 428 
0	0.0: 974 419 948 175 540 436 1 468 
0	0.0: 772 427 735 294 537 252 149 486 
0	0.0: 924 403 790 169 749 90 7 440 
0	0.0: 802 424 726 226 694 312 1 445 
3	0.0: 984 422 480 213 497 275 1 605 
3	0.0: 874 414 638 173 589 430 292 804 
3	0.0: 869 396 692 152 644 495 1 563 
3	0.0: 731 405 721 285 627 495 249 621 
0	0.0: 795 398 900 149 643 29 1 566 
0	0.0: 761 390 724 303 669 314 1 352 
0	0.0: 843 405 970 303 572 128 163 210 
3	0.0: 813 439 736 61 584 403 1 589 
3	0.0: 899 402 600 74 627 295 1 549 
0	0.0: 916 413 482 391 495 326 187 435 
0	0.0: 1027 385 450 43 499 1 275 598 
0	0.0: 969 407 1009 249 537 483 1 648 
3	0.0: 914 441 743 245 583 335 1 556 
0	0.0: 838 396 649 102 639 385 193 515 
3	0.0: 881 367 407 255 630 275 182 582 
0	0.0: 958 412 953 392 474 312 150 616 
3	0.0: 931 416 741 154 768 97 320 596 
0	0.0: 765 399 742 311 575 273 209 540 
3	0.0: 982 409 770 370 608 89 1 679 
3	0.0: 1058 413 644 278 636 436 1 547 
3	0.0: 910 429 717 268 724 453 8 497 
3	0.0: 699 431 577 380 640 148 113 670 
0	0.0: 888 405 714 310 666 233 190 301 
0	0.0: 896 414 820 336 531 248 165 449 
0	0.0: 939 425 744 202 562 572 1 495 
3	0.0: 841 409 677 271 629 415 288 591 
0	0.0: 794 408 919 374 497 470 217 443 
3	0.0: 874 420 761 185 740 417 430 677 
3	0.0: 989 389 714 205 516 265 167 645 
0	0.0: 894 427 703 166 687 117 139 194 
3	0.0: 919 412 756 196 516 414 12 609 
3	0.0: 846 397 789 318 670 475 17 785 
3	0.0: 921 433 605 247 768 410 45 638 
0	0.0: 1018 401 514 146 704 237 39 405 
3	0.0: 963 408 873 97 495 4 1 727 
0	0.0: 792 400 579 312 740 393 1 336 
0	0.0: 798 393 774 360 671 527 258 367 
3	0.0: 877 409 690 123 649 416 1 772 
3	0.0: 716 403 797 184 610 162 84 839 
3	0.0: 732 392 741 376 593 136 1 546 
0	0.0: 791 401 902 351 584 443 1 538 
3	0.0: 969 373 646 222 484 164 36 626 
3	0.0: 783 417 423 273 520 293 1 593 
3	0.0: 869 421 522 202 578 323 108 523 
0	0.0: 956 417 582 192 602 98 373 430 
0	0.0: 780 412 810 171 588 158 77 570 
0	0.0: 978 416 567 130 631 70 1 432 
3	0.0: 813 405 597 185 721 261 88 550 
0	0.0: 939 419 679 154 639 371 185 506 
3	0.0: 930 395 807 336 658 214 119 849 
3	0.0: 911 412 646 396 620 256 1 693 
0	0.0: 880 422 757 203 667 404 149 475 
3	0.0: 960 420 704 167 559 302 1 710 
3	0.0: 822 405 607 332 569 172 82 515 
1	0.0: 801 409 468 316 615 367 326 346 
0	0.0: 650 376 683 224 593 284 1 435 
3	0.0: 742 433 671 240 668 41 1 559 
3	0.0: 711 420 573 163 637 226 1 691 
0	0.0: 786 405 503 266 597 487 1 145 
0	0.0: 790 401 426 209 650 96 44 27 
0	0.0: 956 403 713 200 523 167 1 497 
0	0.0: 700 430 593 151 655 108 54 389 
0	0.0: 709 408 708 238 714 434 128 276 
3	0.0: 924 402 644 320 640 290 1 557 
0	0.0: 751 434 990 247 607 354 1 591 
0	0.0: 1000 419 756 277 679 272 117 257 
3	0.0: 624 407 644 235 742 295 1 506 
3	0.0: 690 391 448 206 646 212 249 689 
0	0.0: 851 401 973 319 785 353 1 385 
3	0.0: 887 409 677 264 705 352 251 588 
3	0.0: 872 418 804 297 561 122 339 813 
3	0.0: 791 404 778 262 579 300 89 590 
3	0.0: 968 405 739 372 584 405 1 674 
3	0.0: 852 421 497 231 697 317 315 711 
0	0.0: 790 420 586 251 520 2 1 460 
3	0.0: 906 430 740 277 741 217 1 797 
0	0.0: 1006 406 929 220 635 484 130 564 
0	0.0: 840 402 567 322 619 547 1 398 
3	0.0: 753 424 763 158 741 453 1 558 
3	0.0: 954 398 486 235 698 227 177 797 
3	0.0: 846 439 687 219 616 177 518 717 
0	0.0: 944 428 813 312 639 242 332 430 
3	0.0: 861 411 530 22 641 397 325 621 
0	0.0: 918 412 600 225 584 441 1 434 
0	0.0: 995 420 528 200 680 359 1 365 
0	0.0: 923 395 606 320 606 381 206 426 
3	0.0: 954 361 515 332 595 303 373 638 
0	0.0: 890 398 680 191 486 94 226 390 
0	0.0: 895 414 759 234 542 350 484 416 
0	0.0: 734 385 594 195 638 560 135 483 
0	0.0: 795 405 734 139 654 388 305 477 
0	0.0: 955 411 855 280 581 393 105 514 
0	0.0: 1041 422 411 278 686 345 72 423 
0	0.0: 884 398 617 361 641 215 38 275 
3	0.0: 1067 400 488 83 695 145 201 548 
0	0.0: 1014 408 654 98 683 33 358 534 
3	0.0: 821 413 523 302 566 315 105 705 
0	0.0: 863 356 647 316 503 211 1 445 
0	0.0: 951 400 764 175 556 163 273 314 
0	0.0: 987 410 809 212 620 298 1 458 
3	0.0: 781 407 588 255 583 117 1 615 
3	0.0: 893 408 852 287 596 202 53 580 
0	0.0: 801 409 697 174 693 164 1 240 
0	0.0: 928 403 914 152 458 327 252 409 
0	0.0: 898 398 550 233 582 418 275 414 
0	0.0: 889 399 631 247 577 231 188 477 
1	0.0: 872 443 548 276 542 241 599 490 
1	0.0: 954 429 551 333 614 60 434 378 
0	0.0: 833 413 659 296 477 388 1 406 
0	0.0: 870 395 690 194 555 62 78 307 
3	0.0: 895 396 786 273 558 347 85 664 
3	0.0: 881 423 484 220 743 26 183 466 
0	0.0: 886 444 500 235 601 657 289 342 
0	0.0: 906 423 749 272 561 148 301 537 
3	0.0: 915 406 538 97 660 242 1 587 
0	0.0: 760 426 585 103 564 255 80 485 
0	0.0: 594 388 686 441 522 196 511 475 
0	0.0: 1042 411 793 138 457 279 1 663 
0	0.0: 1041 413 786 218 532 88 1 591 
3	0.0: 856 406 562 337 656 583 110 581 
0	0.0: 770 384 790 232 609 290 668 529 
0	0.0: 1060 394 571 218 455 491 477 457 
0	0.0: 784 430 839 386 817 397 1 129 
0	0.0: 926 385 636 262 567 268 1 239 
0	0.0: 761 409 718 516 655 261 192 92 
0	0.0: 801 405 565 324 731 398 19 275 
0	0.0: 818 426 593 314 724 30 1 377 
3	0.0: 824 409 649 204 608 224 21 617 
0	0.0: 940 406 737 298 493 252 1 364 
3	0.0: 864 395 784 294 632 233 1 718 
0	0.0: 848 424 653 250 583 98 251 449 
3	0.0: 829 414 851 268 597 114 1 630 
0	0.0: 745 390 736 313 582 177 56 335 
0	0.0: 889 426 520 392 610 276 128 344 
3	0.0: 919 423 910 244 691 117 85 690 
3	0.0: 898 411 694 255 588 67 130 853 
0	0.0: 892 400 450 196 702 302 108 315 
3	0.0: 770 409 400 262 383 217 20 623 
0	0.0: 869 407 718 315 376 30 1 500 
0	0.0: 939 434 683 292 536 164 577 148 
0	0.0: 904 408 792 336 359 160 104 476 
0	0.0: 880 440 621 283 565 13 21 237 
3	0.0: 905 408 930 218 665 372 32 701 
3	0.0: 1043 406 668 428 732 49 27 624 
3	0.0: 910 408 610 255 600 465 329 697 
3	0.0: 855 443 430 237 719 454 54 623 
3	0.0: 861 400 977 387 689 277 1 597 
0	0.0: 611 421 654 254 467 157 1 474 
3	0.0: 647 408 825 259 570 333 99 615 
0	0.0: 814 414 640 240 580 255 389 472 
0	0.0: 1163 432 630 297 517 257 338 558 
0	0.0: 906 424 538 249 597 550 185 338 
3	0.0: 864 423 815 329 338 158 117 724 
3	0.0: 783 405 624 204 844 326 64 813 
0	0.0: 850 428 477 184 507 150 1 188 
3	0.0: 964 395 653 338 694 104 233 608 
3	0.0: 830 415 476 332 555 115 40 685 
3	0.0: 634 409 635 287 572 473 221 523 
0	0.0: 946 435 604 262 541 293 33 159 
3	0.0: 865 410 752 298 595 52 98 562 
0	0.0: 892 441 730 281 576 224 1 302 
0	0.0: 789 433 737 164 542 523 1 416 
3	0.0: 746 403 571 229 728 49 1 527 
0	0.0: 763 422 563 164 771 481 175 309 
3	0.0: 913 401 708 421 503 189 1 540 
0	0.0: 968 424 740 276 632 170 118 270 
0	0.0: 743 447 751 217 644 310 194 128 
0	0.0: 713 393 751 108 575 379 1 318 
0	0.0: 845 421 596 218 696 128 1 274 
0	0.0: 936 414 440 193 549 162 181 448 
3	0.0: 785 402 612 290 595 860 1 582 
3	0.0: 799 399 647 74 597 419 1 643 
0	0.0: 848 405 757 178 458 175 26 315 
0	0.0: 940 413 885 98 776 483 1 376 
3	0.0: 755 410 1041 348 669 253 112 645 
3	0.0: 872 417 510 291 643 273 312 510 
0	0.0: 948 410 830 128 666 48 354 225 
3	0.0: 590 389 547 226 571 415 1 678 
0	0.0: 878 401 577 253 567 567 1 474 
0	0.0: 928 401 1008 276 435 577 1 415 
0	0.0: 1041 424 710 230 639 379 304 578 
3	0.0: 952 429 813 248 721 1 1 528 
0	0.0: 968 422 756 210 507 279 95 516 
0	0.0: 911 403 885 253 635 232 102 341 
0	0.0: 806 375 500 336 817 292 1 352 
3	0.0: 875 391 478 312 722 224 1 543 
0	0.0: 943 416 809 176 631 42 200 424 
3	0.0: 830 417 739 217 532 325 93 678 
3	0.0: 752 398 617 283 633 212 214 589 
3	0.0: 938 406 662 272 640 207 114 550 
0	0.0: 865 428 850 288 690 731 72 342 
0	0.0: 892 416 480 169 638 342 280 410 
3	0.0: 859 405 523 220 715 340 60 622 
0	0.0: 833 413 957 148 570 207 231 514 
