4	0.0: 330 469 245 770 255 657 942 665 
4	0.0: 383 446 243 833 236 657 873 812 
4	0.0: 666 452 253 805 207 665 800 889 
4	0.0: 503 456 227 842 228 664 809 1024 
4	0.0: 430 468 251 825 243 647 852 1246 
4	0.0: 536 473 274 844 193 655 911 1004 
4	0.0: 107 465 264 859 199 648 943 927 
4	0.0: 591 477 242 758 206 657 855 889 
4	0.0: 629 461 253 730 243 660 854 933 
4	0.0: 215 454 267 779 273 641 880 941 
4	0.0: 488 441 254 882 237 671 842 933 
4	0.0: 473 481 269 852 251 636 825 835 
4	0.0: 810 462 247 835 245 663 905 720 
4	0.0: 349 468 228 796 190 666 871 824 
4	0.0: 406 482 242 707 279 648 874 1198 
4	0.0: 482 462 234 804 220 663 860 902 
4	0.0: 637 463 225 924 207 659 887 1015 
4	0.0: 475 462 238 806 258 651 894 807 
4	0.0: 206 456 250 791 273 684 895 826 
4	0.0: 405 489 284 799 327 647 900 925 
4	0.0: 389 465 240 813 253 676 963 946 
4	0.0: 135 473 236 707 164 654 819 886 
4	0.0: 587 445 274 497 219 644 906 831 
4	0.0: 226 492 230 821 225 663 909 826 
4	0.0: 261 489 284 879 270 638 931 1046 
4	0.0: 547 473 258 895 206 659 917 1159 
4	0.0: 366 448 258 759 245 653 883 1030 
4	0.0: 641 472 243 775 232 682 861 889 
4	0.0: 1 472 249 744 240 645 861 1042 
4	0.0: 515 489 249 817 226 680 863 972 
4	0.0: 93 464 234 929 230 666 872 912 
4	0.0: 181 474 260 739 285 639 811 1139 
4	0.0: 549 484 255 772 172 662 914 1001 
4	0.0: 311 443 230 771 258 640 906 1099 
4	0.0: 335 466 253 831 227 650 927 1044 
4	0.0: 157 482 264 749 276 668 883 888 
4	0.0: 488 458 272 687 260 670 821 876 
4	0.0: 439 486 252 782 232 657 873 853 
4	0.0: 627 495 244 761 300 642 891 910 
4	0.0: 487 469 251 862 208 682 899 742 
4	0.0: 351 456 269 797 254 656 873 1064 
4	0.0: 19 495 253 802 261 683 942 862 
4	0.0: 590 461 256 693 215 666 936 992 
4	0.0: 183 480 273 694 257 663 819 988 
4	0.0: 434 455 265 848 218 674 867 910 
4	0.0: 566 456 267 896 270 664 859 809 
4	0.0: 425 481 250 751 258 659 871 1059 
4	0.0: 472 483 231 889 213 649 940 1072 
4	0.0: 293 490 237 753 250 669 815 942 
4	0.0: 307 473 270 663 228 671 912 903 
4	0.0: 219 459 274 760 240 661 884 911 
4	0.0: 148 489 277 791 231 657 801 883 
4	0.0: 271 459 239 653 226 639 838 910 
4	0.0: 407 465 230 810 197 664 838 896 
4	0.0: 293 478 216 731 239 671 790 1066 
4	0.0: 136 454 250 740 195 688 842 869 
4	0.0: 580 480 249 792 241 696 843 1058 
4	0.0: 359 471 265 695 188 669 941 914 
4	0.0: 421 489 279 737 258 641 875 919 
4	0.0: 220 448 240 912 221 646 921 946 
4	0.0: 354 474 264 747 306 651 864 983 
4	0.0: 277 493 258 705 272 670 847 751 
4	0.0: 477 494 264 749 190 669 883 821 
4	0.0: 508 468 277 722 232 648 908 974 
4	0.0: 681 481 250 762 243 659 867 1033 
4	0.0: 409 455 268 845 281 656 856 865 
4	0.0: 273 474 271 877 209 670 859 1003 
4	0.0: 842 467 253 824 211 671 852 923 
4	0.0: 274 495 241 935 318 654 827 922 
4	0.0: 542 485 263 818 196 651 907 979 
4	0.0: 166 471 254 860 198 651 852 956 
4	0.0: 440 473 254 745 165 657 940 1101 
4	0.0: 309 481 226 873 252 660 876 887 
4	0.0: 348 465 240 855 239 678 891 1078 
4	0.0: 350 441 247 907 241 654 866 718 
4	0.0: 542 491 260 797 166 660 958 1069 
4	0.0: 369 472 257 665 207 648 895 828 
4	0.0: 592 471 272 791 276 650 858 893 
4	0.0: 350 476 271 687 285 669 875 614 
4	0.0: 209 467 255 699 283 644 881 988 
4	0.0: 537 478 255 730 264 683 869 793 
4	0.0: 437 484 230 824 194 674 912 801 
4	0.0: 417 486 258 752 192 651 906 921 
4	0.0: 347 450 223 911 247 667 884 924 
4	0.0: 70 481 259 814 259 674 815 952 
4	0.0: 362 478 239 736 263 611 913 899 
4	0.0: 610 462 237 843 145 641 952 989 
4	0.0: 647 466 243 746 273 673 843 872 
4	0.0: 455 455 259 599 239 666 861 852 
4	0.0: 631 463 256 919 218 660 850 1064 
4	0.0: 569 443 235 869 203 672 886 803 
4	0.0: 271 450 260 587 227 657 840 958 
4	0.0: 342 460 255 836 319 690 857 872 
4	0.0: 174 488 281 815 174 647 812 972 
4	0.0: 190 457 262 738 294 672 804 845 
4	0.0: 295 500 254 772 256 657 929 768 
4	0.0: 387 477 233 805 212 658 918 986 
4	0.0: 266 495 282 836 194 666 825 915 
4	0.0: 186 435 255 708 166 663 873 958 
4	0.0: 363 457 239 764 241 633 844 901 
4	0.0: 170 469 241 726 195 664 875 752 
4	0.0: 396 484 272 828 281 629 884 996 
4	0.0: 668 459 262 941 196 646 846 1063 
4	0.0: 93 477 226 694 237 655 915 872 
4	0.0: 598 497 254 696 192 671 886 927 
4	0.0: 580 477 259 740 258 662 823 838 
4	0.0: 131 464 283 664 234 656 869 941 
4	0.0: 272 479 264 804 287 664 869 835 
4	0.0: 334 495 241 703 309 659 889 971 
4	0.0: 583 447 218 778 287 635 839 929 
4	0.0: 701 465 259 760 195 656 812 967 
4	0.0: 485 434 240 770 258 662 822 919 
4	0.0: 514 473 260 917 259 650 929 890 
4	0.0: 245 506 246 865 224 646 819 977 
4	0.0: 431 460 219 762 230 656 917 893 
4	0.0: 403 482 252 810 232 640 969 1037 
4	0.0: 448 483 235 755 233 667 889 1015 
4	0.0: 303 463 246 866 205 665 833 1081 
4	0.0: 495 462 270 835 169 639 922 869 
4	0.0: 531 497 237 754 286 648 989 1001 
4	0.0: 471 486 254 777 212 667 898 899 
4	0.0: 474 496 255 678 202 667 914 796 
4	0.0: 440 492 240 688 177 657 911 939 
4	0.0: 205 462 259 765 183 667 887 963 
4	0.0: 545 476 269 650 221 637 856 1176 
4	0.0: 596 474 263 822 223 662 837 901 
4	0.0: 280 438 256 809 218 662 782 961 
4	0.0: 338 484 236 651 280 656 892 1005 
4	0.0: 203 458 266 918 234 654 1005 847 
4	0.0: 554 465 248 884 183 652 911 937 
4	0.0: 367 454 270 797 231 662 885 992 
4	0.0: 369 509 251 785 263 651 840 937 
4	0.0: 742 462 256 781 224 639 815 882 
4	0.0: 552 458 276 898 220 655 822 812 
4	0.0: 518 481 257 879 222 650 858 794 
4	0.0: 529 489 258 664 173 635 815 1025 
4	0.0: 552 458 248 728 202 655 852 838 
4	0.0: 236 450 241 668 226 652 892 929 
4	0.0: 347 465 248 839 292 668 969 1032 
4	0.0: 332 445 275 862 218 664 818 1018 
4	0.0: 549 450 292 896 247 664 889 910 
4	0.0: 253 475 267 845 173 667 835 1104 
4	0.0: 223 439 251 903 227 654 817 1040 
4	0.0: 289 468 243 851 275 652 922 882 
4	0.0: 344 487 274 854 242 651 858 880 
4	0.0: 418 493 237 834 205 661 949 1017 
4	0.0: 236 499 231 636 256 660 964 790 
4	0.0: 770 506 272 642 218 661 886 1005 
4	0.0: 461 492 263 725 217 636 900 952 
4	0.0: 630 498 259 792 240 640 896 870 
4	0.0: 598 474 268 853 264 664 894 947 
4	0.0: 378 462 232 773 230 664 881 977 
4	0.0: 457 458 234 717 320 656 929 974 
4	0.0: 304 454 245 749 198 658 916 829 
4	0.0: 214 472 257 821 233 656 847 991 
4	0.0: 531 480 253 820 163 642 956 693 
4	0.0: 271 479 251 796 240 661 881 998 
4	0.0: 582 455 264 863 241 654 944 965 
4	0.0: 466 478 271 940 287 674 807 1038 
4	0.0: 720 463 256 754 181 645 916 868 
4	0.0: 272 468 230 812 252 655 837 731 
4	0.0: 303 518 256 929 276 675 931 871 
4	0.0: 502 464 231 718 275 682 804 919 
4	0.0: 420 489 258 727 247 662 920 840 
4	0.0: 361 444 191 783 142 653 888 797 
4	0.0: 512 464 257 848 230 659 788 971 
4	0.0: 521 473 238 793 188 649 805 1049 
4	0.0: 454 471 245 748 235 659 937 957 
4	0.0: 436 469 257 782 264 634 875 834 
4	0.0: 234 449 248 715 268 685 894 933 
4	0.0: 326 470 234 813 231 648 826 735 
4	0.0: 404 462 284 759 210 654 860 1115 
4	0.0: 718 475 253 849 207 648 966 943 
4	0.0: 301 469 257 803 209 665 909 957 
4	0.0: 440 482 240 892 196 637 913 851 
4	0.0: 421 448 264 838 218 649 880 871 
4	0.0: 583 498 244 756 218 673 894 746 
4	0.0: 473 484 260 762 243 666 892 1019 
4	0.0: 198 477 245 742 159 639 807 784 
4	0.0: 260 470 258 881 255 680 898 893 
4	0.0: 74 493 259 766 259 638 800 875 
4	0.0: 384 452 275 965 233 657 801 907 
4	0.0: 158 481 272 872 184 669 840 954 
4	0.0: 743 486 264 810 255 664 894 894 
4	0.0: 456 455 253 932 194 698 835 918 
4	0.0: 517 456 246 731 200 642 963 897 
4	0.0: 512 491 262 813 303 678 916 1147 
4	0.0: 412 450 270 823 214 660 867 967 
4	0.0: 626 457 285 832 245 661 920 1031 
4	0.0: 298 458 263 661 262 637 929 858 
4	0.0: 394 489 288 750 261 662 858 906 
4	0.0: 393 485 241 830 261 633 891 870 
4	0.0: 420 479 226 704 231 660 923 875 
4	0.0: 199 481 252 739 224 647 789 855 
4	0.0: 451 459 251 740 286 660 845 943 
4	0.0: 378 473 265 769 278 680 855 818 
4	0.0: 408 456 244 892 220 661 895 1022 
4	0.0: 464 442 245 636 210 685 801 1071 
4	0.0: 288 438 253 883 226 679 846 1035 
4	0.0: 230 484 265 848 199 658 837 909 
4	0.0: 418 479 265 789 237 650 862 885 
4	0.0: 464 470 271 613 305 648 807 922 
4	0.0: 282 473 243 671 195 674 906 979 
4	0.0: 344 458 250 830 241 646 911 889 
4	0.0: 654 454 235 825 248 673 911 932 
4	0.0: 338 478 269 843 212 649 788 844 
4	0.0: 569 471 250 861 160 665 882 801 
4	0.0: 359 469 233 745 272 653 879 959 
4	0.0: 771 480 254 816 195 659 887 1039 
4	0.0: 277 463 245 745 193 661 861 1050 
4	0.0: 532 480 237 739 176 657 896 984 
4	0.0: 520 480 266 763 265 642 920 1105 
4	0.0: 301 466 274 707 207 663 889 1044 
4	0.0: 359 468 262 831 227 661 809 894 
4	0.0: 575 455 244 932 256 645 844 594 
4	0.0: 351 455 252 727 220 642 952 926 
4	0.0: 417 506 269 842 193 658 847 986 
4	0.0: 525 473 263 797 204 646 873 1033 
4	0.0: 45 476 267 740 186 650 858 862 
4	0.0: 413 467 245 808 240 650 870 909 
4	0.0: 556 461 253 743 191 642 922 822 
4	0.0: 337 460 257 887 245 654 802 832 
4	0.0: 507 422 259 817 284 658 894 917 
4	0.0: 508 453 278 938 227 656 911 1047 
4	0.0: 312 498 253 821 250 675 932 804 
4	0.0: 563 467 251 786 263 631 888 1111 
4	0.0: 239 477 242 791 256 657 816 944 
4	0.0: 609 475 232 714 257 668 904 826 
4	0.0: 568 454 252 870 214 644 945 875 
4	0.0: 650 456 258 838 259 671 943 943 
4	0.0: 339 475 263 741 198 658 890 1049 
4	0.0: 527 448 253 685 173 677 777 1110 
4	0.0: 361 448 239 794 197 665 870 1066 
4	0.0: 822 463 279 821 265 644 882 725 
4	0.0: 193 474 270 737 151 661 851 778 
4	0.0: 351 503 246 891 274 663 893 1074 
4	0.0: 555 473 260 746 159 650 825 905 
4	0.0: 483 457 234 771 205 647 873 804 
4	0.0: 694 453 226 637 211 660 938 1055 
4	0.0: 396 456 264 820 253 664 970 805 
4	0.0: 198 497 275 682 215 672 891 979 
4	0.0: 602 462 249 736 242 667 838 935 
4	0.0: 252 471 252 587 192 639 847 1115 
4	0.0: 391 484 253 806 195 671 853 819 
4	0.0: 312 475 276 844 242 674 867 911 
4	0.0: 320 467 256 835 243 655 838 971 
4	0.0: 503 513 235 728 285 682 866 693 
4	0.0: 738 505 254 755 227 644 869 802 
4	0.0: 135 459 259 826 212 678 918 1004 
4	0.0: 173 465 265 888 217 643 883 943 
4	0.0: 579 454 236 854 187 666 927 1054 
4	0.0: 622 472 260 728 252 662 790 875 
4	0.0: 803 483 268 813 155 678 763 927 
4	0.0: 421 493 247 746 182 664 913 856 
4	0.0: 604 480 270 782 276 655 906 906 
4	0.0: 1 472 258 706 217 677 782 907 
4	0.0: 588 477 266 748 250 681 828 799 
4	0.0: 309 459 256 799 205 659 830 958 
4	0.0: 398 465 265 776 225 676 827 892 
4	0.0: 66 499 247 705 308 683 899 793 
4	0.0: 441 475 262 834 252 635 937 882 
4	0.0: 647 458 266 824 188 670 906 702 
4	0.0: 306 457 257 723 247 632 941 1113 
4	0.0: 690 474 246 677 204 666 887 937 
4	0.0: 251 465 259 720 196 671 950 987 
4	0.0: 504 479 271 679 166 651 904 815 
4	0.0: 654 445 255 883 215 659 891 786 
4	0.0: 194 481 239 823 247 657 905 864 
4	0.0: 481 502 239 890 252 644 838 735 
4	0.0: 289 474 259 775 144 671 847 953 
4	0.0: 476 453 266 756 234 659 934 996 
4	0.0: 427 452 234 813 229 654 866 1042 
4	0.0: 502 460 261 880 235 655 866 765 
4	0.0: 445 455 241 760 122 637 894 945 
4	0.0: 337 481 278 867 299 646 856 965 
4	0.0: 702 469 262 866 267 655 844 862 
4	0.0: 183 461 240 824 261 647 853 849 
4	0.0: 503 483 234 747 219 657 839 961 
4	0.0: 689 481 255 766 248 644 855 1031 
4	0.0: 267 481 248 807 168 681 865 972 
4	0.0: 406 459 232 648 237 636 893 826 
4	0.0: 314 454 270 740 233 666 804 928 
4	0.0: 624 447 249 814 184 674 852 934 
4	0.0: 483 474 254 711 234 649 873 874 
4	0.0: 449 479 253 804 296 686 874 943 
4	0.0: 319 482 256 835 271 656 819 837 
4	0.0: 751 483 228 791 267 666 834 758 
4	0.0: 464 448 238 832 213 674 898 832 
4	0.0: 303 415 245 784 222 661 795 808 
4	0.0: 389 474 268 904 266 676 864 903 
4	0.0: 472 455 248 748 241 633 926 907 
4	0.0: 545 456 233 913 232 662 895 766 
4	0.0: 539 477 265 872 216 668 896 1033 
4	0.0: 376 495 264 724 205 657 958 787 
4	0.0: 521 440 259 926 197 655 923 899 
4	0.0: 395 465 233 771 237 642 869 925 
4	0.0: 594 466 234 814 256 666 917 786 
4	0.0: 401 462 290 719 185 658 865 882 
4	0.0: 119 466 234 842 237 659 889 993 
4	0.0: 398 421 266 779 239 679 930 948 
4	0.0: 335 473 262 833 245 656 886 909 
4	0.0: 446 465 258 762 285 654 895 955 
4	0.0: 244 472 251 783 231 635 824 814 
4	0.0: 522 512 265 705 268 666 826 865 
4	0.0: 470 462 266 727 234 665 880 952 
4	0.0: 500 487 251 842 244 657 865 752 
4	0.0: 109 497 253 737 215 670 786 779 
4	0.0: 193 461 259 817 146 690 972 591 
4	0.0: 336 452 251 678 164 670 810 918 
4	0.0: 480 445 266 767 233 660 962 873 
4	0.0: 419 442 255 801 197 658 964 983 
4	0.0: 358 461 264 928 261 656 976 662 
4	0.0: 734 467 249 917 180 643 851 920 
4	0.0: 763 472 236 768 195 656 836 920 
4	0.0: 386 453 262 807 205 653 878 979 
4	0.0: 375 472 248 902 208 663 893 1126 
4	0.0: 753 478 250 981 219 641 850 979 
4	0.0: 552 438 269 777 207 642 847 893 
4	0.0: 32 472 232 704 300 656 857 777 
4	0.0: 322 485 258 860 192 662 864 656 
4	0.0: 535 470 261 817 220 673 932 829 
4	0.0: 365 457 241 808 255 646 910 957 
4	0.0: 522 470 247 723 225 638 958 758 
4	0.0: 171 468 225 829 237 661 967 727 
4	0.0: 298 470 242 753 313 653 931 845 
4	0.0: 628 488 251 718 299 659 975 738 
4	0.0: 712 496 262 750 245 676 903 926 
4	0.0: 279 468 244 770 216 657 900 944 
4	0.0: 674 495 239 826 260 687 860 781 
4	0.0: 482 454 244 813 274 671 799 819 
4	0.0: 321 449 257 686 217 660 916 817 
4	0.0: 379 459 263 680 206 656 933 1065 
4	0.0: 307 468 245 865 175 649 884 1031 
4	0.0: 622 496 261 599 243 672 851 912 
4	0.0: 763 477 273 804 209 659 828 755 
4	0.0: 476 469 264 769 254 677 867 817 
4	0.0: 270 459 252 877 201 665 875 925 
4	0.0: 422 439 258 862 197 662 881 783 
4	0.0: 534 495 238 719 208 651 909 903 
4	0.0: 475 458 249 716 232 649 860 914 
4	0.0: 428 462 239 809 184 663 923 1025 
4	0.0: 196 496 262 869 188 664 860 935 
4	0.0: 375 473 270 845 200 672 838 991 
4	0.0: 740 447 266 732 222 665 899 803 
4	0.0: 478 467 256 868 166 679 848 835 
4	0.0: 492 480 254 723 259 645 905 983 
4	0.0: 396 476 246 912 302 673 905 969 
4	0.0: 504 465 225 750 237 670 853 1097 
4	0.0: 420 485 272 756 251 648 823 1088 
4	0.0: 493 440 254 779 304 656 868 949 
4	0.0: 399 472 255 703 194 659 888 777 
4	0.0: 560 441 233 792 231 673 896 861 
4	0.0: 496 486 254 744 213 648 914 1048 
4	0.0: 484 495 249 968 277 692 852 811 
4	0.0: 97 485 251 848 212 659 807 743 
4	0.0: 618 475 252 820 180 667 877 924 
4	0.0: 408 455 269 816 224 670 835 1067 
4	0.0: 176 495 274 778 292 656 889 898 
4	0.0: 606 466 250 809 201 657 835 868 
4	0.0: 477 469 266 922 211 634 875 943 
4	0.0: 407 462 263 785 207 660 797 988 
4	0.0: 465 474 248 749 268 673 867 859 
4	0.0: 253 452 238 833 292 659 807 886 
4	0.0: 551 446 247 717 296 648 833 980 
4	0.0: 298 438 248 898 191 663 941 843 
4	0.0: 369 461 237 735 223 671 880 1065 
4	0.0: 316 460 244 682 151 652 853 888 
4	0.0: 381 451 255 773 213 655 936 818 
4	0.0: 680 458 256 778 219 676 936 924 
4	0.0: 581 462 254 752 227 657 854 998 
4	0.0: 389 480 269 727 238 668 821 805 
4	0.0: 486 487 259 751 167 647 858 966 
4	0.0: 358 478 259 760 217 676 838 938 
4	0.0: 328 470 288 760 248 658 784 939 
4	0.0: 100 450 243 953 262 678 932 820 
4	0.0: 363 452 240 649 302 652 877 1110 
4	0.0: 371 493 238 688 233 688 867 896 
4	0.0: 611 461 260 689 266 660 884 982 
4	0.0: 250 463 255 786 172 669 844 1015 
4	0.0: 475 484 271 771 154 661 930 1084 
4	0.0: 413 491 244 872 215 633 909 860 
4	0.0: 398 457 246 664 254 668 936 974 
4	0.0: 428 474 235 743 219 635 870 822 
4	0.0: 626 482 242 659 202 640 902 878 
4	0.0: 573 482 258 759 251 666 884 1045 
4	0.0: 400 463 247 878 237 652 922 1141 
4	0.0: 259 482 261 698 188 666 835 1037 
4	0.0: 530 455 246 839 200 645 867 849 
4	0.0: 324 473 252 787 225 666 859 804 
4	0.0: 703 483 244 722 239 660 935 840 
4	0.0: 118 484 251 865 268 669 939 1019 
4	0.0: 312 463 261 730 240 636 892 785 
4	0.0: 113 486 249 842 259 663 834 1015 
4	0.0: 493 465 270 690 244 660 925 1000 
4	0.0: 605 478 285 802 221 664 966 880 
4	0.0: 385 447 251 860 259 661 953 1154 
4	0.0: 473 460 258 761 191 643 872 977 
4	0.0: 478 460 226 771 218 632 901 796 
4	0.0: 495 461 286 832 162 669 862 928 
4	0.0: 464 455 255 804 225 660 874 990 
4	0.0: 403 431 238 816 182 635 771 1114 
4	0.0: 395 477 261 748 191 656 921 1030 
4	0.0: 413 460 270 734 220 662 880 913 
4	0.0: 658 500 249 890 192 647 833 952 
4	0.0: 445 435 240 777 209 677 827 714 
4	0.0: 339 441 239 808 287 638 934 904 
4	0.0: 256 465 242 838 218 658 842 1021 
4	0.0: 609 488 246 773 214 657 904 1025 
4	0.0: 473 471 232 773 173 635 793 753 
4	0.0: 467 517 273 664 253 676 855 978 
4	0.0: 533 445 296 737 240 658 826 846 
4	0.0: 485 477 233 808 192 629 890 993 
4	0.0: 515 466 259 821 256 658 883 1173 
4	0.0: 278 455 238 762 296 663 843 864 
4	0.0: 212 477 263 841 174 649 783 961 
4	0.0: 374 461 244 865 227 670 992 870 
4	0.0: 7 464 253 708 252 663 912 900 
4	0.0: 562 483 261 761 230 691 815 857 
4	0.0: 701 480 260 869 228 641 819 986 
4	0.0: 106 469 264 716 248 676 830 827 
4	0.0: 418 500 249 778 196 662 845 950 
4	0.0: 597 451 265 843 263 650 940 880 
4	0.0: 347 468 252 863 256 655 815 971 
4	0.0: 670 449 266 902 235 670 907 1025 
4	0.0: 476 473 239 777 216 657 870 1026 
4	0.0: 500 444 256 842 202 665 818 903 
4	0.0: 538 434 264 712 182 670 872 1060 
4	0.0: 323 484 258 824 276 667 898 1002 
4	0.0: 685 465 240 839 256 685 901 861 
4	0.0: 412 424 246 718 246 661 868 1042 
4	0.0: 456 462 222 673 287 649 856 997 
4	0.0: 403 491 247 837 233 659 865 979 
4	0.0: 406 482 276 610 191 661 875 740 
4	0.0: 661 475 262 829 214 685 843 910 
4	0.0: 474 449 289 738 284 658 793 841 
4	0.0: 646 497 243 721 192 644 904 937 
4	0.0: 442 472 250 794 239 659 884 910 
4	0.0: 617 476 240 841 178 665 881 1070 
4	0.0: 378 444 266 821 255 653 872 869 
4	0.0: 39 476 289 800 202 649 876 968 
4	0.0: 395 473 251 700 204 647 883 908 
4	0.0: 281 474 254 699 222 645 903 892 
4	0.0: 622 477 273 714 271 659 899 1005 
4	0.0: 640 492 248 834 186 650 938 787 
4	0.0: 323 465 241 641 207 636 911 1018 
4	0.0: 443 462 215 761 241 658 824 959 
4	0.0: 399 484 219 826 264 666 780 991 
4	0.0: 635 452 257 817 225 678 816 904 
4	0.0: 440 463 264 958 185 647 842 904 
4	0.0: 583 470 223 757 221 663 900 843 
4	0.0: 138 490 257 773 204 687 853 1060 
4	0.0: 345 496 245 893 272 666 951 928 
4	0.0: 230 470 254 929 202 646 909 819 
4	0.0: 616 468 251 654 250 645 844 940 
4	0.0: 243 469 272 697 252 650 894 1047 
4	0.0: 579 459 262 823 291 647 919 905 
4	0.0: 501 492 263 782 311 653 865 761 
4	0.0: 479 485 227 899 231 651 860 907 
4	0.0: 215 476 251 790 256 663 836 1145 
4	0.0: 658 467 251 837 238 674 882 942 
4	0.0: 233 471 242 768 190 654 804 883 
4	0.0: 147 475 262 762 201 649 885 1009 
4	0.0: 343 486 248 870 194 675 847 1114 
4	0.0: 426 485 239 785 319 670 804 1043 
4	0.0: 578 465 262 903 194 651 906 979 
4	0.0: 332 480 240 784 160 659 820 1078 
4	0.0: 435 480 271 805 228 654 843 900 
4	0.0: 422 470 300 865 230 674 812 923 
4	0.0: 334 493 266 973 220 674 858 906 
4	0.0: 239 480 238 883 202 656 915 959 
4	0.0: 346 447 256 768 198 649 884 891 
4	0.0: 329 475 249 875 160 680 801 898 
4	0.0: 758 456 274 769 223 655 804 968 
4	0.0: 532 466 251 789 152 641 831 887 
4	0.0: 182 486 265 770 236 646 907 882 
4	0.0: 499 471 264 592 204 662 852 739 
4	0.0: 685 462 258 885 233 654 845 1046 
4	0.0: 620 465 249 815 160 680 826 895 
4	0.0: 444 477 272 660 307 645 877 915 
4	0.0: 486 493 242 598 262 656 814 861 
4	0.0: 631 476 260 974 210 645 834 1019 
4	0.0: 537 467 257 747 234 654 932 885 
4	0.0: 532 453 255 1001 289 662 942 1132 
4	0.0: 410 499 255 653 234 646 894 915 
4	0.0: 395 471 260 897 233 671 891 890 
4	0.0: 681 449 235 702 205 641 891 1069 
4	0.0: 266 425 279 648 333 662 837 1111 
4	0.0: 477 452 262 860 180 654 837 896 
4	0.0: 636 480 243 841 275 632 842 875 
4	0.0: 243 472 220 845 259 666 884 888 
4	0.0: 279 493 264 771 92 669 851 873 
4	0.0: 393 468 270 735 272 650 868 881 
4	0.0: 431 483 252 966 254 672 948 1090 
4	0.0: 161 458 287 758 247 668 922 971 
4	0.0: 319 468 287 843 277 651 931 908 
4	0.0: 220 469 236 852 253 677 880 925 
4	0.0: 597 488 247 859 125 660 782 1005 
4	0.0: 651 451 248 688 211 673 813 827 
4	0.0: 348 460 264 720 237 651 968 955 
4	0.0: 656 441 243 744 215 667 897 726 
4	0.0: 659 459 273 809 222 683 831 964 
4	0.0: 427 480 235 813 176 655 893 1115 
4	0.0: 515 470 265 808 226 666 912 843 
4	0.0: 425 476 233 733 223 657 908 854 
4	0.0: 303 448 302 842 188 636 798 1134 
4	0.0: 342 445 234 932 226 665 928 1056 
4	0.0: 462 475 263 874 257 651 881 829 
4	0.0: 479 488 273 788 251 642 858 780 
4	0.0: 578 473 263 870 254 640 884 949 
4	0.0: 437 461 247 750 276 674 909 1108 
4	0.0: 500 477 262 892 311 676 787 871 
4	0.0: 373 461 293 761 176 659 916 976 
4	0.0: 304 448 264 810 222 659 854 943 
4	0.0: 566 476 268 822 259 667 815 955 
4	0.0: 125 464 238 914 229 649 856 978 
4	0.0: 365 464 268 729 258 644 947 938 
4	0.0: 649 477 253 869 247 667 917 940 
4	0.0: 211 463 263 769 205 646 811 904 
4	0.0: 494 465 242 769 259 684 856 1034 
4	0.0: 201 462 240 667 275 655 887 998 
4	0.0: 556 481 241 844 223 673 835 969 
4	0.0: 481 480 243 657 280 658 862 743 
4	0.0: 244 477 266 811 207 653 884 931 
4	0.0: 524 477 250 754 294 660 873 946 
4	0.0: 738 457 258 773 223 657 763 886 
4	0.0: 511 459 216 997 258 654 872 874 
4	0.0: 449 467 242 810 225 676 948 1008 
4	0.0: 543 474 233 848 284 666 890 874 
4	0.0: 727 512 284 883 257 662 878 1043 
4	0.0: 222 486 251 738 265 643 822 981 
4	0.0: 524 451 282 938 214 654 901 934 
4	0.0: 576 474 262 827 255 661 831 851 
4	0.0: 428 494 218 828 266 644 866 1068 
4	0.0: 225 475 248 824 267 662 905 759 
4	0.0: 372 486 274 625 168 643 808 854 
4	0.0: 396 454 239 776 244 652 834 1032 
4	0.0: 8 457 263 802 194 649 782 905 
4	0.0: 859 485 270 878 233 670 905 838 
4	0.0: 411 454 268 795 320 642 880 954 
4	0.0: 325 494 293 820 223 658 899 871 
4	0.0: 659 490 268 878 267 675 792 964 
4	0.0: 530 512 245 781 202 639 890 901 
4	0.0: 371 464 261 737 235 672 913 882 
4	0.0: 365 477 263 751 244 672 909 918 
4	0.0: 521 461 258 653 294 679 899 859 
4	0.0: 336 463 274 687 201 669 837 861 
4	0.0: 499 440 264 815 237 677 878 900 
4	0.0: 37 459 251 752 231 662 834 1109 
4	0.0: 276 478 246 836 250 636 946 1025 
4	0.0: 275 462 268 841 175 666 861 1085 
4	0.0: 465 477 245 764 212 657 868 1007 
4	0.0: 580 423 274 813 207 663 813 841 
4	0.0: 289 460 258 709 205 674 854 882 
4	0.0: 618 460 260 720 217 660 969 1099 
4	0.0: 665 480 263 783 251 645 960 900 
4	0.0: 603 453 257 729 171 670 855 984 
4	0.0: 448 458 251 849 271 645 940 900 
4	0.0: 347 474 260 775 210 662 913 847 
4	0.0: 662 477 259 844 233 645 847 941 
4	0.0: 536 481 256 831 236 635 854 1079 
4	0.0: 203 442 230 608 225 673 816 911 
4	0.0: 277 478 251 779 254 662 888 959 
4	0.0: 500 492 233 815 256 655 944 888 
4	0.0: 934 448 263 666 215 673 897 1008 
4	0.0: 642 475 261 836 242 661 838 871 
4	0.0: 355 455 257 790 157 666 902 900 
4	0.0: 669 451 246 858 244 695 918 744 
4	0.0: 434 453 250 617 283 667 853 1026 
4	0.0: 717 471 256 759 232 681 935 924 
4	0.0: 452 483 259 862 175 677 861 972 
4	0.0: 817 460 254 877 264 645 867 902 
4	0.0: 231 463 230 748 250 658 872 1077 
4	0.0: 385 469 264 886 207 667 888 912 
4	0.0: 479 458 243 757 243 650 813 1052 
4	0.0: 413 492 279 747 271 655 875 952 
4	0.0: 115 407 260 807 200 661 883 1070 
4	0.0: 631 455 254 756 240 654 933 920 
4	0.0: 570 453 259 739 227 664 914 902 
4	0.0: 429 459 257 836 220 683 969 828 
4	0.0: 492 483 238 674 280 659 903 1005 
4	0.0: 374 459 255 877 269 661 923 924 
4	0.0: 338 455 248 737 188 652 814 980 
4	0.0: 280 475 247 731 188 659 1005 982 
4	0.0: 707 463 243 768 247 666 864 884 
4	0.0: 402 479 267 745 263 670 912 966 
4	0.0: 552 468 258 823 267 664 819 1003 
4	0.0: 252 485 249 835 212 675 877 843 
4	0.0: 390 477 245 707 208 668 826 774 
4	0.0: 519 472 247 832 247 658 816 959 
4	0.0: 386 489 261 876 233 654 828 1073 
4	0.0: 515 490 251 793 214 661 900 790 
4	0.0: 324 446 268 719 187 663 898 793 
4	0.0: 404 450 268 772 220 633 853 714 
4	0.0: 636 464 256 750 274 668 865 939 
4	0.0: 467 454 259 848 183 656 921 774 
4	0.0: 59 460 239 822 223 666 811 930 
4	0.0: 567 470 256 758 213 653 886 901 
4	0.0: 263 507 261 788 307 660 900 876 
4	0.0: 540 459 291 776 248 669 832 913 
4	0.0: 458 466 263 762 224 682 855 1040 
4	0.0: 350 467 240 775 220 668 886 869 
4	0.0: 212 488 245 799 254 639 930 965 
4	0.0: 243 453 253 763 216 661 802 908 
4	0.0: 386 459 248 817 169 669 867 831 
4	0.0: 623 493 263 934 280 648 837 832 
4	0.0: 355 441 257 884 183 653 834 891 
4	0.0: 515 488 264 788 224 649 914 904 
4	0.0: 742 473 240 715 190 652 912 1006 
4	0.0: 583 491 257 745 267 665 894 873 
4	0.0: 686 501 266 761 258 660 836 855 
4	0.0: 183 499 240 710 231 644 833 922 
4	0.0: 687 454 272 840 279 672 880 939 
4	0.0: 688 487 249 809 257 652 841 1147 
4	0.0: 523 464 265 769 157 660 830 953 
4	0.0: 406 461 263 780 232 666 868 869 
4	0.0: 491 487 266 800 290 672 876 755 
4	0.0: 427 460 246 861 241 663 846 796 
4	0.0: 246 451 250 890 217 650 866 870 
4	0.0: 321 486 229 844 154 659 897 942 
4	0.0: 535 481 264 751 238 672 887 921 
4	0.0: 423 462 247 848 268 656 848 959 
4	0.0: 484 486 281 764 212 649 822 1103 
4	0.0: 603 481 257 687 237 666 907 832 
4	0.0: 230 467 246 833 215 674 916 1046 
4	0.0: 630 481 240 670 239 658 814 912 
4	0.0: 774 480 228 710 288 673 909 912 
4	0.0: 574 459 260 742 239 642 877 1176 
4	0.0: 302 470 259 809 196 667 906 769 
4	0.0: 394 474 263 771 202 648 819 1003 
4	0.0: 446 473 271 891 200 676 817 853 
4	0.0: 578 469 272 761 150 656 875 970 
4	0.0: 275 475 249 765 186 653 865 896 
4	0.0: 609 462 261 841 178 653 962 843 
4	0.0: 299 477 280 819 311 661 864 895 
4	0.0: 447 473 264 667 196 648 809 911 
4	0.0: 406 455 245 985 280 653 777 986 
4	0.0: 403 457 247 791 229 657 891 752 
4	0.0: 497 456 271 909 249 669 788 1017 
4	0.0: 224 468 253 840 253 666 890 970 
4	0.0: 521 475 259 787 185 660 828 930 
4	0.0: 446 471 249 794 236 664 900 876 
4	0.0: 579 486 247 774 251 659 847 871 
4	0.0: 587 466 259 777 251 617 851 1001 
4	0.0: 662 481 247 686 231 670 881 728 
4	0.0: 393 481 211 979 234 649 914 864 
4	0.0: 492 492 269 889 255 668 889 687 
4	0.0: 208 473 243 789 266 642 895 897 
4	0.0: 567 498 247 837 212 670 897 1174 
4	0.0: 571 447 228 723 241 654 867 1162 
4	0.0: 151 479 253 805 173 640 939 864 
4	0.0: 429 469 235 734 259 687 891 957 
4	0.0: 608 446 237 870 205 651 822 1089 
4	0.0: 433 455 239 904 220 654 870 703 
4	0.0: 517 448 248 798 230 652 904 951 
4	0.0: 250 481 262 866 217 670 867 1005 
4	0.0: 307 470 276 875 227 648 885 864 
4	0.0: 486 466 257 788 236 649 886 924 
4	0.0: 540 469 248 779 180 658 812 1015 
4	0.0: 84 462 239 824 245 644 804 1008 
4	0.0: 473 458 244 857 279 664 896 966 
4	0.0: 498 465 247 743 190 675 866 904 
4	0.0: 467 464 259 831 245 652 900 900 
4	0.0: 436 472 252 795 300 643 880 959 
4	0.0: 301 463 262 789 213 668 837 1164 
4	0.0: 372 488 273 743 143 650 898 960 
4	0.0: 529 482 257 822 264 640 839 1035 
4	0.0: 305 467 264 730 203 662 887 1000 
4	0.0: 391 484 279 782 244 646 877 972 
4	0.0: 318 482 284 834 246 651 850 911 
4	0.0: 696 489 244 792 239 646 859 975 
4	0.0: 369 470 250 817 194 662 938 919 
4	0.0: 385 466 232 838 209 654 936 840 
4	0.0: 386 454 272 688 189 664 888 1068 
4	0.0: 721 459 281 713 205 658 836 855 
4	0.0: 437 484 224 709 218 644 876 736 
4	0.0: 556 491 274 759 181 628 885 1119 
4	0.0: 709 455 240 749 182 672 870 818 
4	0.0: 386 476 267 933 261 653 878 807 
4	0.0: 538 466 258 912 220 639 872 908 
4	0.0: 505 463 238 874 255 691 936 845 
4	0.0: 507 474 220 834 200 651 881 904 
4	0.0: 330 452 252 816 281 652 839 738 
4	0.0: 806 487 289 777 223 665 837 1204 
4	0.0: 557 492 249 877 267 664 805 930 
4	0.0: 410 457 264 726 175 673 907 1098 
4	0.0: 706 479 252 736 251 658 819 960 
4	0.0: 512 489 265 809 280 664 924 971 
4	0.0: 290 485 254 821 270 654 858 759 
4	0.0: 534 450 241 753 168 662 896 1084 
4	0.0: 494 441 240 839 168 675 851 1100 
4	0.0: 779 485 275 826 251 665 901 1042 
4	0.0: 71 448 230 825 233 686 862 908 
4	0.0: 328 485 256 777 224 648 884 659 
4	0.0: 323 463 214 761 252 656 826 1205 
4	0.0: 311 456 264 844 238 641 855 931 
4	0.0: 302 473 254 819 211 664 882 990 
4	0.0: 316 456 236 761 258 671 972 822 
4	0.0: 346 452 283 782 174 677 887 924 
4	0.0: 455 480 248 834 207 664 878 901 
4	0.0: 661 491 271 644 233 641 899 753 
4	0.0: 661 461 255 919 249 660 865 855 
4	0.0: 463 462 235 811 181 631 927 797 
4	0.0: 328 478 237 890 235 663 903 927 
4	0.0: 258 468 266 717 229 652 878 1088 
4	0.0: 433 489 237 832 213 667 841 854 
4	0.0: 291 465 222 768 192 650 894 1026 
4	0.0: 445 489 236 847 214 652 865 934 
4	0.0: 577 480 273 789 194 654 737 651 
4	0.0: 670 468 255 696 152 671 823 941 
4	0.0: 429 492 226 815 209 671 849 996 
4	0.0: 279 479 256 710 242 657 881 906 
4	0.0: 701 444 244 709 293 666 862 861 
4	0.0: 558 460 250 806 218 668 839 909 
4	0.0: 755 462 244 844 290 650 914 818 
4	0.0: 439 483 262 860 250 661 863 957 
4	0.0: 381 467 268 834 234 667 909 854 
4	0.0: 237 457 252 759 218 663 900 991 
4	0.0: 368 492 273 895 213 639 889 773 
4	0.0: 655 481 256 756 190 654 935 808 
4	0.0: 277 443 222 677 189 640 844 680 
4	0.0: 498 463 244 753 282 658 932 783 
4	0.0: 472 472 249 679 265 658 875 973 
4	0.0: 572 459 261 879 226 661 873 1074 
4	0.0: 321 459 257 873 176 642 899 1054 
4	0.0: 428 446 261 829 259 652 911 940 
4	0.0: 597 450 236 762 254 664 839 1130 
4	0.0: 251 496 250 848 276 646 845 820 
4	0.0: 356 503 252 830 180 666 867 850 
4	0.0: 56 462 256 830 248 665 878 946 
4	0.0: 597 489 235 800 240 648 873 906 
4	0.0: 531 485 263 724 280 663 898 1007 
4	0.0: 332 490 257 755 182 650 847 1027 
4	0.0: 316 459 259 730 148 666 840 934 
4	0.0: 254 465 244 813 243 665 844 918 
4	0.0: 379 475 256 831 240 675 835 769 
4	0.0: 186 459 242 846 177 684 818 971 
4	0.0: 222 468 255 726 147 659 920 913 
4	0.0: 563 449 245 836 235 679 980 888 
4	0.0: 498 465 263 759 202 667 878 1076 
4	0.0: 714 468 246 767 181 656 859 938 
4	0.0: 509 481 251 778 225 653 888 955 
4	0.0: 341 481 262 737 214 670 856 728 
4	0.0: 596 472 245 713 210 639 820 883 
4	0.0: 250 492 253 772 207 671 869 1052 
4	0.0: 405 457 252 838 194 652 858 796 
4	0.0: 322 477 247 734 200 668 888 805 
4	0.0: 409 456 250 686 237 669 879 1138 
4	0.0: 272 472 269 814 276 671 876 1089 
4	0.0: 348 460 269 772 236 650 890 1106 
4	0.0: 238 479 250 721 191 653 882 1105 
4	0.0: 395 451 269 860 234 679 921 889 
4	0.0: 626 477 264 785 252 661 825 931 
4	0.0: 240 504 255 952 212 642 824 938 
4	0.0: 589 509 254 912 206 630 871 741 
4	0.0: 497 484 259 876 248 650 810 1143 
4	0.0: 369 471 253 687 261 651 888 996 
4	0.0: 403 476 248 719 229 643 842 993 
4	0.0: 278 486 252 797 248 668 857 993 
4	0.0: 545 476 246 853 237 654 939 1018 
4	0.0: 190 456 248 772 245 676 924 1014 
4	0.0: 391 479 240 756 242 668 834 905 
4	0.0: 458 473 259 757 183 667 824 1051 
4	0.0: 486 478 213 763 198 659 852 899 
4	0.0: 628 439 271 872 204 646 910 1099 
4	0.0: 385 462 241 824 258 670 931 883 
4	0.0: 481 475 260 832 301 633 827 1021 
4	0.0: 456 485 278 752 230 678 870 999 
4	0.0: 304 469 270 747 210 693 883 840 
4	0.0: 261 482 241 803 200 646 895 970 
4	0.0: 720 442 255 731 300 671 890 938 
4	0.0: 547 480 229 741 167 676 925 1077 
4	0.0: 495 435 254 870 244 650 940 1003 
4	0.0: 385 470 248 751 225 674 799 812 
4	0.0: 482 488 252 801 211 654 935 885 
4	0.0: 508 469 260 713 241 664 872 804 
4	0.0: 227 466 249 765 233 662 873 802 
4	0.0: 143 478 261 785 190 662 878 922 
4	0.0: 507 460 235 889 234 671 883 1109 
4	0.0: 487 482 273 744 289 666 759 883 
4	0.0: 257 453 253 763 197 677 821 1023 
4	0.0: 417 497 256 780 256 659 849 926 
4	0.0: 444 466 257 707 158 652 939 941 
4	0.0: 507 467 263 642 285 658 836 1018 
4	0.0: 498 422 226 675 233 690 842 922 
4	0.0: 363 465 268 699 207 643 845 982 
4	0.0: 354 476 255 725 216 688 848 910 
4	0.0: 310 464 262 754 242 655 907 895 
4	0.0: 1 465 267 901 230 662 883 913 
4	0.0: 523 475 263 822 242 657 845 844 
4	0.0: 449 480 242 788 184 664 845 651 
4	0.0: 440 440 248 806 191 660 905 906 
4	0.0: 548 469 217 867 199 647 866 1025 
4	0.0: 244 458 267 956 248 668 962 1015 
4	0.0: 667 473 268 662 187 660 915 908 
4	0.0: 292 460 265 751 224 674 861 970 
4	0.0: 280 470 247 754 220 671 914 948 
4	0.0: 354 490 245 690 280 630 917 840 
4	0.0: 439 452 237 790 208 642 832 910 
4	0.0: 326 464 262 819 229 666 855 1045 
4	0.0: 659 469 231 626 290 632 962 950 
4	0.0: 519 486 241 724 231 648 918 1090 
4	0.0: 425 451 238 849 209 660 943 1059 
4	0.0: 574 446 251 811 277 668 890 868 
4	0.0: 1 458 221 773 241 661 835 959 
4	0.0: 344 435 257 871 209 659 896 930 
4	0.0: 387 481 261 702 182 646 899 890 
4	0.0: 550 482 244 705 210 671 847 1093 
4	0.0: 334 472 250 666 300 667 842 901 
4	0.0: 510 477 261 655 254 662 841 1053 
4	0.0: 124 468 263 890 278 652 878 766 
4	0.0: 212 453 245 685 205 650 877 929 
4	0.0: 277 491 237 857 169 637 888 996 
4	0.0: 103 436 250 828 200 672 949 1036 
4	0.0: 210 471 250 794 283 651 886 946 
4	0.0: 334 454 241 753 241 670 929 970 
4	0.0: 619 479 213 741 192 675 766 949 
4	0.0: 194 451 239 816 284 655 854 743 
4	0.0: 448 466 253 896 233 632 945 760 
4	0.0: 507 491 252 826 253 650 936 1056 
4	0.0: 369 482 240 779 224 640 799 957 
4	0.0: 353 484 277 851 249 665 851 693 
4	0.0: 228 434 265 819 218 654 883 890 
4	0.0: 368 461 267 868 219 662 829 1006 
4	0.0: 222 446 254 776 237 667 894 948 
4	0.0: 895 466 246 825 219 646 924 888 
4	0.0: 313 484 252 831 200 646 860 962 
4	0.0: 147 473 256 828 208 662 912 939 
4	0.0: 566 471 252 740 239 634 831 852 
4	0.0: 329 463 245 787 255 667 864 859 
4	0.0: 775 468 260 834 222 676 921 965 
4	0.0: 593 460 256 737 165 644 851 1108 
4	0.0: 352 472 253 744 247 657 812 873 
4	0.0: 398 481 259 870 171 666 867 905 
4	0.0: 340 474 259 826 298 664 869 1056 
4	0.0: 429 474 260 706 263 675 890 1003 
4	0.0: 344 436 257 865 312 676 851 935 
4	0.0: 471 472 245 829 149 664 847 934 
4	0.0: 410 449 244 764 263 660 847 943 
4	0.0: 80 472 243 819 194 637 814 971 
4	0.0: 483 460 249 649 182 644 824 1103 
4	0.0: 442 450 268 749 223 663 863 926 
4	0.0: 902 484 231 853 269 640 796 930 
4	0.0: 355 500 243 905 178 662 977 854 
4	0.0: 651 457 269 812 261 649 942 909 
4	0.0: 362 477 261 777 153 660 898 939 
4	0.0: 698 457 266 741 256 663 888 1007 
4	0.0: 441 448 261 927 207 668 899 743 
4	0.0: 216 473 260 764 166 664 877 981 
4	0.0: 216 473 268 775 237 666 942 946 
4	0.0: 254 487 264 735 247 678 856 842 
4	0.0: 473 467 251 766 273 653 887 738 
4	0.0: 335 482 250 771 248 665 848 863 
4	0.0: 428 475 262 773 207 643 818 864 
4	0.0: 630 482 280 792 239 661 845 1095 
4	0.0: 348 443 253 991 193 670 931 819 
4	0.0: 250 483 249 758 279 632 917 882 
4	0.0: 427 460 246 863 244 666 896 826 
4	0.0: 285 481 281 771 209 671 823 1007 
4	0.0: 220 464 260 749 218 638 904 1001 
4	0.0: 328 463 269 764 164 666 828 913 
4	0.0: 620 436 254 895 262 665 911 1079 
4	0.0: 416 468 286 636 262 656 891 1060 
4	0.0: 387 482 269 837 293 679 909 938 
4	0.0: 407 460 244 812 197 672 900 993 
4	0.0: 484 425 244 795 240 671 908 1032 
4	0.0: 428 467 268 748 259 692 874 1014 
4	0.0: 680 481 247 764 156 661 892 1095 
4	0.0: 362 465 234 876 260 648 890 893 
4	0.0: 329 476 271 940 167 658 864 1124 
4	0.0: 302 435 261 916 179 673 877 1044 
4	0.0: 417 465 296 709 250 668 919 1058 
4	0.0: 322 485 275 873 208 659 828 924 
4	0.0: 574 458 253 882 272 681 968 937 
4	0.0: 410 462 257 775 248 677 885 910 
4	0.0: 292 463 236 839 243 639 907 1006 
4	0.0: 309 452 266 769 240 658 857 1090 
4	0.0: 408 462 273 803 253 649 893 893 
4	0.0: 616 497 248 713 275 666 895 1020 
4	0.0: 525 479 255 809 229 671 915 852 
4	0.0: 419 479 254 825 234 653 866 760 
4	0.0: 421 489 234 899 228 690 824 871 
4	0.0: 471 473 263 844 244 654 879 914 
4	0.0: 79 452 239 708 258 649 865 1034 
4	0.0: 659 439 241 625 240 654 829 804 
4	0.0: 497 460 247 676 258 679 961 824 
4	0.0: 290 512 232 751 249 647 853 1006 
4	0.0: 564 465 241 756 265 648 890 872 
4	0.0: 169 469 267 779 202 666 842 875 
4	0.0: 391 446 272 795 223 673 891 800 
4	0.0: 499 442 255 736 319 654 860 913 
4	0.0: 185 473 266 760 260 687 861 915 
4	0.0: 195 484 263 770 212 642 876 1045 
4	0.0: 124 473 241 779 261 659 859 936 
4	0.0: 285 473 267 817 288 651 908 784 
4	0.0: 261 462 266 631 263 659 856 800 
4	0.0: 444 483 259 789 196 647 884 1033 
4	0.0: 67 471 251 672 241 638 769 844 
4	0.0: 237 456 231 788 275 668 912 779 
4	0.0: 503 448 240 691 312 646 804 1019 
4	0.0: 380 463 269 779 231 657 824 773 
4	0.0: 128 437 252 892 215 658 927 955 
4	0.0: 257 479 256 770 208 653 799 869 
4	0.0: 451 469 272 784 232 657 864 1146 
4	0.0: 559 482 240 838 229 656 852 910 
4	0.0: 597 451 251 698 254 656 869 1022 
4	0.0: 27 488 254 709 204 680 890 654 
4	0.0: 420 468 263 838 246 664 798 899 
4	0.0: 550 449 276 782 252 676 850 1016 
4	0.0: 385 451 259 729 236 652 865 1182 
4	0.0: 226 449 257 722 202 675 833 884 
4	0.0: 317 454 270 840 321 672 888 1124 
4	0.0: 520 490 270 756 205 654 919 785 
4	0.0: 234 486 255 807 288 660 883 823 
4	0.0: 427 473 238 767 206 674 881 931 
4	0.0: 359 470 250 763 197 651 859 949 
4	0.0: 513 459 261 807 217 667 877 831 
4	0.0: 657 483 245 778 221 645 879 1046 
4	0.0: 371 490 243 776 116 664 820 927 
4	0.0: 483 430 244 744 310 654 905 870 
4	0.0: 468 491 251 846 253 655 871 725 
4	0.0: 414 497 248 616 235 629 912 932 
4	0.0: 539 488 257 885 192 665 901 1045 
4	0.0: 658 470 239 797 180 666 840 1115 
4	0.0: 417 472 246 810 226 651 865 848 
4	0.0: 309 466 252 780 253 673 823 864 
4	0.0: 241 479 226 713 227 667 908 661 
4	0.0: 491 460 257 795 228 639 867 844 
4	0.0: 622 490 244 608 227 658 897 1011 
4	0.0: 184 454 206 895 257 670 910 922 
4	0.0: 664 454 276 644 200 680 947 827 
4	0.0: 383 460 239 782 265 647 922 885 
4	0.0: 293 443 256 745 293 666 874 1005 
4	0.0: 438 464 268 851 239 659 882 894 
4	0.0: 663 444 241 855 232 664 936 786 
4	0.0: 1 473 249 812 265 629 937 1070 
4	0.0: 379 460 249 827 218 669 866 838 
4	0.0: 376 475 263 758 183 645 876 1016 
4	0.0: 291 448 248 789 235 654 871 964 
4	0.0: 507 440 263 659 265 660 862 876 
4	0.0: 294 476 281 802 185 650 892 905 
4	0.0: 647 498 268 858 257 666 865 1096 
4	0.0: 550 475 282 720 252 669 852 818 
4	0.0: 433 489 250 787 261 648 924 956 
4	0.0: 357 468 257 762 260 646 928 926 
4	0.0: 353 456 281 782 178 658 898 1031 
4	0.0: 424 473 243 804 210 665 836 789 
4	0.0: 264 488 271 743 199 665 838 949 
4	0.0: 139 456 249 787 198 666 868 856 
4	0.0: 529 467 246 699 199 640 815 1219 
4	0.0: 527 471 234 870 193 657 932 1020 
4	0.0: 684 473 239 808 278 659 855 938 
4	0.0: 473 467 237 809 269 681 832 860 
4	0.0: 474 476 255 760 243 653 796 900 
4	0.0: 759 500 253 876 235 654 803 968 
4	0.0: 684 460 255 858 245 659 868 1172 
4	0.0: 455 464 233 861 256 662 834 957 
4	0.0: 497 475 279 801 217 658 805 723 
4	0.0: 280 489 255 774 253 637 850 863 
4	0.0: 505 501 269 843 250 652 816 785 
4	0.0: 483 467 228 801 237 662 912 975 
4	0.0: 560 465 258 719 273 658 876 1128 
4	0.0: 391 482 251 887 303 650 797 854 
4	0.0: 484 461 254 918 169 659 863 943 
4	0.0: 482 457 225 708 234 643 850 981 
4	0.0: 253 459 248 749 287 666 926 863 
4	0.0: 461 461 236 884 220 680 885 1079 
4	0.0: 282 488 252 767 175 658 896 911 
4	0.0: 516 444 272 769 194 634 878 1081 
4	0.0: 440 460 262 1010 255 673 870 924 
4	0.0: 622 481 250 788 155 674 753 915 
4	0.0: 313 439 243 790 215 669 830 890 
4	0.0: 526 491 262 710 264 633 913 552 
4	0.0: 47 470 263 740 269 655 844 908 
4	0.0: 451 468 244 806 217 655 830 750 
4	0.0: 444 452 260 840 210 654 813 792 
4	0.0: 226 482 252 861 200 665 870 978 
4	0.0: 579 491 259 704 261 638 923 918 
4	0.0: 626 471 251 906 264 660 929 1036 
4	0.0: 329 483 254 795 273 677 885 751 
4	0.0: 491 461 247 756 187 650 832 1083 
4	0.0: 201 457 251 944 173 674 796 1181 
4	0.0: 331 460 242 860 231 666 903 1008 
4	0.0: 655 460 272 827 251 651 853 811 
4	0.0: 338 454 261 710 227 670 905 948 
4	0.0: 469 481 242 742 236 676 892 905 
4	0.0: 313 447 224 694 260 663 901 1127 
4	0.0: 656 483 259 756 292 650 901 904 
4	0.0: 476 458 247 884 197 665 992 987 
4	0.0: 721 473 236 744 238 678 870 1071 
4	0.0: 360 449 263 761 220 658 884 823 
4	0.0: 379 476 285 841 225 638 871 914 
4	0.0: 417 483 234 800 239 675 830 971 
4	0.0: 290 433 255 664 203 680 846 915 
4	0.0: 448 475 243 825 169 678 858 922 
4	0.0: 368 478 284 752 247 674 859 858 
4	0.0: 342 474 259 711 220 657 944 1029 
4	0.0: 562 452 274 673 254 669 876 969 
4	0.0: 125 475 243 733 263 653 865 967 
4	0.0: 135 467 271 651 197 651 826 1097 
4	0.0: 374 462 231 864 225 678 832 882 
