6	0.0: 106 643 709 885 603 464 147 845 
5	0.0: 76 690 517 957 991 176 500 944 
6	0.0: 70 720 597 944 773 317 327 1002 
5	0.0: 108 578 551 953 755 431 429 859 
6	0.0: 158 509 774 810 712 388 281 960 
5	0.0: 76 437 758 910 971 300 450 841 
6	0.0: 75 496 649 830 1015 430 242 971 
5	0.0: 150 660 729 1016 834 373 381 823 
5	0.0: 140 673 828 958 1101 379 505 947 
6	0.0: 138 674 744 829 982 420 343 767 
5	0.0: 132 628 825 884 1077 542 452 724 
6	0.0: 108 694 621 932 986 455 78 1123 
5	0.0: 90 526 787 960 936 306 459 848 
5	0.0: 120 534 729 930 701 453 397 876 
6	0.0: 38 637 690 887 885 191 240 1081 
5	0.0: 85 688 635 944 874 253 564 1055 
5	0.0: 39 584 588 934 986 257 507 1042 
6	0.0: 80 714 625 877 1127 628 412 938 
5	0.0: 55 596 817 873 1151 562 503 996 
5	0.0: 67 736 574 881 897 313 420 800 
6	0.0: 45 599 529 904 956 451 293 1049 
5	0.0: 104 779 621 946 1018 283 407 931 
5	0.0: 71 589 718 985 1131 358 496 1120 
5	0.0: 61 649 660 847 874 577 472 890 
6	0.0: 124 609 630 927 1161 393 342 1208 
6	0.0: 86 541 732 850 941 325 283 867 
6	0.0: 105 623 634 863 1189 221 246 1052 
6	0.0: 84 622 700 974 1118 342 351 1058 
5	0.0: 161 559 664 906 1053 177 435 961 
6	0.0: 87 542 602 879 1096 365 362 1158 
5	0.0: 73 670 549 992 987 331 425 779 
5	0.0: 53 499 764 919 810 191 333 881 
6	0.0: 106 634 762 832 1054 307 274 1151 
5	0.0: 98 728 452 933 1063 411 622 869 
5	0.0: 149 604 609 950 1004 226 514 1006 
6	0.0: 42 749 557 886 1123 453 334 1081 
5	0.0: 119 701 608 987 1249 429 660 908 
5	0.0: 144 490 748 965 1136 381 534 933 
5	0.0: 148 620 717 920 1393 411 508 1204 
6	0.0: 40 733 604 891 1262 206 366 911 
5	0.0: 82 634 814 933 1054 275 532 867 
5	0.0: 81 687 676 952 1121 456 725 787 
5	0.0: 133 549 672 926 827 351 540 864 
6	0.0: 103 641 625 904 1168 494 427 916 
6	0.0: 128 742 379 949 942 217 210 953 
6	0.0: 40 583 672 873 1095 404 251 1032 
6	0.0: 95 544 597 886 1009 334 384 1002 
6	0.0: 75 667 524 942 962 532 219 1070 
6	0.0: 96 530 534 921 1017 519 217 1023 
6	0.0: 110 802 564 938 1084 382 123 1030 
6	0.0: 31 633 615 974 1022 312 354 934 
6	0.0: 67 575 581 912 939 386 139 803 
6	0.0: 102 595 633 935 933 584 426 949 
6	0.0: 86 493 691 1027 1090 255 360 999 
5	0.0: 73 671 723 948 826 723 761 1017 
6	0.0: 110 578 619 1011 1196 709 406 927 
5	0.0: 28 520 731 912 1159 284 592 815 
5	0.0: 94 538 604 1018 921 656 655 938 
6	0.0: 139 557 657 855 915 536 399 1000 
5	0.0: 163 576 661 869 1185 168 594 920 
5	0.0: 71 599 625 948 1147 390 545 875 
5	0.0: 93 742 665 952 892 334 718 918 
5	0.0: 76 586 768 953 942 308 445 934 
6	0.0: 45 714 642 947 927 457 263 844 
6	0.0: 151 606 506 867 1021 441 371 1125 
5	0.0: 129 604 555 891 869 203 742 837 
5	0.0: 119 678 623 981 1081 583 500 1027 
5	0.0: 73 522 621 919 920 569 446 1008 
5	0.0: 67 637 583 918 865 417 435 941 
6	0.0: 92 623 716 991 1189 536 450 895 
5	0.0: 117 553 670 921 784 340 452 702 
6	0.0: 115 665 621 971 978 359 322 970 
6	0.0: 120 587 579 988 966 379 242 1002 
6	0.0: 54 499 578 981 865 569 380 977 
5	0.0: 50 699 756 882 756 360 544 1003 
6	0.0: 77 661 748 883 1091 237 181 788 
6	0.0: 101 628 637 945 999 377 383 945 
6	0.0: 69 771 624 899 923 402 354 856 
6	0.0: 93 509 857 910 1064 456 274 1022 
5	0.0: 96 637 636 959 931 514 566 891 
5	0.0: 131 612 588 1052 1197 540 491 957 
6	0.0: 110 680 764 954 1099 361 335 878 
6	0.0: 102 677 727 901 942 333 256 896 
5	0.0: 120 629 569 960 1075 547 459 863 
6	0.0: 144 612 556 876 1020 583 232 919 
5	0.0: 60 559 610 899 830 280 692 1047 
6	0.0: 81 576 598 924 1043 244 320 877 
6	0.0: 63 640 690 887 1012 442 273 1009 
6	0.0: 122 820 763 890 948 343 356 1024 
5	0.0: 71 439 729 945 946 388 581 850 
5	0.0: 91 533 842 940 1002 321 466 915 
6	0.0: 125 557 702 845 1027 370 212 737 
5	0.0: 99 433 624 894 954 457 513 977 
6	0.0: 146 609 573 961 1145 332 356 866 
6	0.0: 89 598 576 950 926 414 65 1058 
6	0.0: 75 527 709 939 869 212 309 901 
6	0.0: 75 728 653 907 1000 698 439 873 
6	0.0: 91 632 709 862 889 622 213 911 
5	0.0: 60 623 614 1064 943 146 445 967 
6	0.0: 38 665 691 897 1048 479 204 1035 
6	0.0: 40 661 679 940 925 390 344 820 
6	0.0: 93 742 698 943 1036 482 45 893 
5	0.0: 65 473 690 908 952 535 429 1000 
6	0.0: 103 714 676 966 967 350 378 1049 
6	0.0: 63 656 688 884 1195 428 96 1203 
6	0.0: 126 606 746 936 1058 422 398 897 
5	0.0: 51 597 650 993 1048 500 550 980 
6	0.0: 127 522 854 963 1120 344 315 983 
5	0.0: 64 550 615 970 885 428 438 908 
6	0.0: 155 565 682 881 1006 449 312 831 
5	0.0: 83 553 802 958 934 255 401 916 
6	0.0: 108 516 680 1009 1023 267 227 941 
5	0.0: 137 497 591 971 775 469 735 979 
6	0.0: 96 559 697 891 1012 368 209 964 
5	0.0: 111 667 597 914 904 447 461 937 
6	0.0: 54 691 693 905 1067 393 222 916 
6	0.0: 54 669 689 884 1136 387 92 891 
6	0.0: 110 715 609 813 940 377 219 822 
6	0.0: 43 708 625 900 980 231 352 759 
6	0.0: 24 518 710 955 897 361 358 934 
6	0.0: 113 582 556 971 1168 406 330 892 
5	0.0: 60 837 610 967 1057 266 419 982 
5	0.0: 81 571 721 866 972 319 509 868 
6	0.0: 180 513 680 947 796 370 156 1050 
5	0.0: 58 519 691 941 1102 267 429 1017 
5	0.0: 75 469 549 921 1090 198 436 1080 
6	0.0: 89 702 432 931 976 279 365 893 
6	0.0: 92 565 591 903 903 421 331 817 
6	0.0: 168 737 818 948 789 296 345 684 
6	0.0: 78 547 651 1064 1009 393 90 1016 
6	0.0: 136 569 623 796 1082 392 316 1052 
5	0.0: 65 717 509 1017 988 598 544 1222 
6	0.0: 101 623 668 924 1208 353 261 759 
6	0.0: 138 658 638 952 1096 536 392 835 
6	0.0: 103 535 683 942 943 447 170 1024 
6	0.0: 115 653 608 912 1142 414 391 1110 
6	0.0: 65 538 649 923 982 436 226 939 
5	0.0: 71 530 598 932 906 395 523 743 
6	0.0: 88 701 806 908 962 451 327 1001 
5	0.0: 66 529 662 927 935 458 522 932 
6	0.0: 82 654 755 1000 1104 480 415 1005 
6	0.0: 50 726 616 993 819 341 228 971 
5	0.0: 90 637 552 956 1016 474 537 979 
5	0.0: 47 689 717 951 966 285 478 829 
5	0.0: 124 590 849 936 1026 503 492 935 
5	0.0: 114 661 683 900 896 231 391 1049 
6	0.0: 106 633 565 980 999 256 367 798 
6	0.0: 94 455 674 938 1125 289 290 961 
5	0.0: 99 480 696 924 958 421 549 865 
6	0.0: 110 702 607 909 927 364 285 1035 
5	0.0: 73 628 571 945 911 392 424 1058 
5	0.0: 64 662 647 1011 824 519 602 899 
6	0.0: 67 534 614 926 1015 348 319 1050 
5	0.0: 91 825 708 905 1187 447 506 813 
6	0.0: 90 491 735 898 1024 408 72 896 
6	0.0: 169 696 742 866 1026 326 236 1081 
5	0.0: 136 735 766 991 962 428 487 953 
6	0.0: 84 518 648 980 1074 519 400 957 
6	0.0: 76 748 738 836 959 390 404 994 
6	0.0: 76 839 734 907 1003 356 276 876 
5	0.0: 122 630 652 948 939 235 388 926 
6	0.0: 111 752 692 956 1283 443 242 851 
6	0.0: 42 498 699 893 1060 383 283 811 
5	0.0: 41 502 601 909 950 235 417 941 
6	0.0: 96 491 753 914 1287 520 341 1041 
6	0.0: 99 583 790 879 900 400 55 920 
6	0.0: 94 507 623 976 1064 536 372 1052 
6	0.0: 62 537 713 951 951 494 404 1029 
6	0.0: 130 715 775 977 1265 424 129 902 
6	0.0: 52 561 778 924 1033 342 317 1073 
5	0.0: 111 564 549 1049 1067 417 517 1001 
6	0.0: 38 553 718 980 996 626 455 979 
5	0.0: 1 463 630 941 814 337 414 820 
6	0.0: 54 674 505 821 1046 234 149 971 
5	0.0: 83 552 648 901 847 227 376 1161 
6	0.0: 53 467 824 949 765 530 301 929 
6	0.0: 91 560 793 1005 1032 638 254 868 
6	0.0: 51 514 694 864 862 522 382 795 
5	0.0: 72 622 835 923 1138 269 477 955 
5	0.0: 114 631 579 915 1101 198 425 999 
5	0.0: 84 520 825 858 1030 327 399 834 
5	0.0: 42 569 746 956 935 298 454 965 
5	0.0: 89 437 465 996 976 445 485 1012 
6	0.0: 129 535 431 924 1095 470 377 1054 
5	0.0: 131 632 597 859 907 300 575 924 
5	0.0: 107 722 689 1025 972 563 597 1006 
6	0.0: 79 524 792 908 753 431 56 930 
6	0.0: 89 653 669 882 953 337 267 1054 
5	0.0: 98 589 645 868 1004 348 402 992 
6	0.0: 60 667 600 942 957 610 395 659 
6	0.0: 31 490 491 965 911 339 177 961 
5	0.0: 80 531 657 921 1024 418 527 922 
5	0.0: 86 717 618 896 807 306 462 938 
5	0.0: 68 593 617 926 985 624 525 1055 
5	0.0: 94 634 737 853 1095 272 464 800 
5	0.0: 133 637 589 960 999 269 567 952 
6	0.0: 75 604 537 819 806 324 83 939 
6	0.0: 109 604 669 877 861 176 169 975 
5	0.0: 133 548 890 949 755 392 384 960 
6	0.0: 195 608 657 937 901 573 381 786 
6	0.0: 76 549 647 868 1156 542 349 1038 
6	0.0: 91 779 709 995 998 418 239 1130 
6	0.0: 174 554 795 925 962 338 332 982 
6	0.0: 84 606 553 1013 851 395 380 1044 
6	0.0: 138 549 713 882 1055 583 223 955 
5	0.0: 105 591 748 997 872 330 738 990 
5	0.0: 110 566 534 914 912 332 404 936 
6	0.0: 46 762 648 916 1134 563 396 952 
5	0.0: 29 564 806 979 975 440 426 921 
6	0.0: 77 550 648 997 1006 395 349 1107 
5	0.0: 48 656 593 935 877 525 600 811 
5	0.0: 107 480 636 871 846 499 503 1017 
6	0.0: 124 539 816 1043 846 208 195 943 
6	0.0: 79 579 771 927 900 343 121 876 
5	0.0: 82 495 796 905 923 381 493 1036 
6	0.0: 85 821 799 959 993 261 343 920 
6	0.0: 83 602 881 923 830 461 268 1211 
6	0.0: 29 676 730 932 884 333 375 890 
6	0.0: 59 477 590 866 982 231 127 1065 
6	0.0: 55 425 755 918 1145 458 372 783 
6	0.0: 96 619 626 943 1019 426 380 892 
5	0.0: 102 493 645 847 988 407 504 942 
6	0.0: 136 745 629 945 874 223 337 819 
6	0.0: 59 777 612 915 1113 425 265 912 
6	0.0: 107 773 698 962 1270 353 409 1011 
5	0.0: 73 684 687 933 861 318 395 975 
5	0.0: 67 639 477 970 1093 330 466 866 
5	0.0: 91 654 822 867 862 338 474 981 
6	0.0: 129 696 596 947 1086 339 150 1193 
5	0.0: 43 652 597 995 953 382 484 1175 
5	0.0: 67 746 644 937 1054 186 454 880 
6	0.0: 94 638 600 920 1082 231 230 716 
5	0.0: 79 558 578 1016 922 421 440 1007 
6	0.0: 54 674 550 812 1004 380 56 701 
5	0.0: 19 600 735 940 916 273 505 1040 
5	0.0: 126 566 625 913 1063 408 624 1077 
5	0.0: 61 696 682 999 1114 238 619 961 
6	0.0: 99 530 790 935 945 317 233 778 
6	0.0: 107 639 512 939 969 511 339 952 
5	0.0: 96 580 750 931 928 183 443 998 
6	0.0: 87 555 583 913 898 530 230 931 
6	0.0: 112 721 691 980 959 464 238 811 
6	0.0: 124 569 591 853 956 297 320 1090 
6	0.0: 68 497 665 891 1021 368 153 881 
6	0.0: 98 538 645 1065 994 341 166 967 
5	0.0: 63 693 508 874 949 428 470 672 
6	0.0: 78 630 660 898 1267 533 477 1083 
6	0.0: 88 457 646 990 949 418 193 1092 
6	0.0: 133 600 390 926 913 548 318 1050 
6	0.0: 71 659 462 928 1136 520 357 966 
6	0.0: 49 579 663 930 1046 202 72 973 
6	0.0: 102 614 768 980 979 358 263 863 
5	0.0: 92 740 732 936 1020 343 542 867 
6	0.0: 100 597 856 953 850 451 379 839 
5	0.0: 79 587 665 914 954 367 587 961 
5	0.0: 107 543 618 977 913 577 465 961 
6	0.0: 60 598 717 966 1216 533 460 975 
6	0.0: 15 501 578 941 1037 499 292 1031 
5	0.0: 69 809 828 1020 881 486 432 946 
5	0.0: 79 627 668 942 1080 125 537 707 
5	0.0: 30 556 654 988 1097 537 529 937 
6	0.0: 114 411 669 874 967 568 204 885 
6	0.0: 183 551 770 975 868 531 170 1069 
6	0.0: 84 575 792 989 1059 392 374 969 
5	0.0: 77 575 758 990 631 478 383 850 
6	0.0: 26 587 620 880 1183 309 129 1005 
5	0.0: 135 669 725 910 1070 506 569 994 
6	0.0: 120 707 768 933 764 486 231 1012 
5	0.0: 58 622 544 971 917 457 539 1035 
6	0.0: 112 443 648 909 1111 466 205 607 
5	0.0: 74 737 535 955 849 438 572 919 
5	0.0: 106 752 686 961 1194 301 664 900 
6	0.0: 92 596 583 963 756 610 324 1004 
6	0.0: 87 706 701 954 991 213 323 940 
5	0.0: 63 647 577 886 1072 199 439 797 
6	0.0: 32 629 619 925 998 336 370 1022 
5	0.0: 36 587 668 885 961 265 403 1053 
6	0.0: 83 623 594 892 784 332 351 736 
5	0.0: 41 572 790 961 1156 236 536 1045 
6	0.0: 77 499 492 951 860 283 244 914 
5	0.0: 92 750 643 920 792 318 480 724 
5	0.0: 84 356 562 933 990 189 540 974 
5	0.0: 16 625 531 1012 1133 342 443 1005 
5	0.0: 87 419 706 981 944 300 585 880 
5	0.0: 62 479 526 1066 1024 406 506 1031 
5	0.0: 87 567 633 884 1091 442 460 985 
6	0.0: 116 686 598 879 1094 377 373 1002 
5	0.0: 69 464 656 949 915 276 437 811 
6	0.0: 72 887 725 964 1192 550 1 999 
6	0.0: 126 616 567 845 1178 272 291 905 
6	0.0: 88 653 790 913 877 467 235 911 
6	0.0: 99 801 535 942 1019 458 298 1009 
5	0.0: 63 684 886 901 938 368 488 859 
6	0.0: 121 639 686 939 1043 445 238 1039 
5	0.0: 123 704 624 957 921 457 673 900 
6	0.0: 77 569 596 852 1016 518 356 863 
5	0.0: 47 730 572 917 1095 480 461 875 
6	0.0: 127 680 637 831 1025 587 351 1024 
6	0.0: 86 735 657 936 997 375 372 1045 
6	0.0: 55 710 667 961 944 411 300 1015 
6	0.0: 68 712 696 887 816 586 70 857 
6	0.0: 100 520 622 1041 1045 291 335 932 
5	0.0: 68 604 649 873 1020 366 519 829 
6	0.0: 117 500 676 1019 1016 370 191 982 
6	0.0: 106 669 553 932 878 478 398 938 
6	0.0: 84 662 709 992 1071 332 285 811 
6	0.0: 56 460 671 948 919 502 234 1063 
5	0.0: 139 522 464 910 765 371 447 1064 
6	0.0: 98 634 822 817 1095 415 173 786 
6	0.0: 108 630 726 899 1168 209 140 950 
6	0.0: 44 684 635 912 1005 225 260 914 
5	0.0: 35 696 504 903 965 367 524 1085 
5	0.0: 83 564 625 915 1246 561 605 1023 
5	0.0: 137 724 693 852 1177 331 729 916 
6	0.0: 57 560 656 829 1153 511 342 1001 
5	0.0: 88 647 546 897 1041 511 470 915 
5	0.0: 80 756 584 965 1074 368 538 1025 
5	0.0: 137 733 579 979 1015 410 464 958 
5	0.0: 90 561 724 984 865 169 369 724 
5	0.0: 75 707 622 948 931 450 603 1015 
6	0.0: 26 728 822 944 966 464 243 961 
6	0.0: 112 629 628 935 782 370 360 1053 
6	0.0: 47 792 626 986 1056 203 117 887 
6	0.0: 149 803 552 974 1169 338 415 835 
5	0.0: 60 321 646 992 1087 342 545 890 
6	0.0: 78 621 636 990 1261 419 272 932 
6	0.0: 98 636 598 964 1122 486 357 878 
6	0.0: 97 428 777 949 987 483 121 728 
5	0.0: 98 595 645 927 981 357 442 958 
5	0.0: 48 681 566 923 971 335 584 896 
6	0.0: 65 645 706 959 745 387 286 1060 
6	0.0: 116 507 647 927 1259 396 232 912 
5	0.0: 63 718 696 887 1100 423 457 1008 
6	0.0: 66 578 697 911 976 430 278 1032 
5	0.0: 122 589 601 884 1092 394 470 772 
5	0.0: 127 806 754 897 1037 181 560 996 
6	0.0: 60 701 703 1039 1274 437 179 1053 
6	0.0: 79 519 682 873 1051 291 360 916 
5	0.0: 49 651 560 920 831 451 415 963 
5	0.0: 74 733 772 964 1172 445 473 1047 
5	0.0: 34 501 668 933 1128 253 614 897 
5	0.0: 28 679 739 993 998 336 420 913 
5	0.0: 83 738 541 939 1064 280 509 936 
5	0.0: 56 693 753 1023 980 342 423 906 
6	0.0: 114 755 524 927 1151 160 195 920 
6	0.0: 85 508 636 868 1028 215 216 866 
5	0.0: 72 575 745 897 759 442 604 1008 
6	0.0: 125 761 555 934 922 608 238 897 
6	0.0: 88 474 701 967 1034 286 206 922 
5	0.0: 40 551 645 960 939 479 486 886 
5	0.0: 91 621 675 914 1144 334 444 858 
6	0.0: 100 554 628 901 1226 295 382 957 
6	0.0: 99 595 603 1035 1075 402 408 918 
6	0.0: 150 724 800 885 1115 428 421 863 
5	0.0: 58 646 755 845 994 328 525 818 
6	0.0: 106 701 817 904 662 298 248 910 
6	0.0: 106 637 683 863 1120 434 354 1082 
6	0.0: 100 494 718 893 930 339 125 1133 
6	0.0: 118 501 753 939 970 442 293 977 
6	0.0: 107 569 714 950 797 519 181 804 
5	0.0: 89 503 618 906 1233 340 887 969 
5	0.0: 84 726 839 1003 1363 367 554 885 
5	0.0: 68 637 716 1011 1043 540 528 849 
6	0.0: 25 658 442 885 893 541 327 1017 
5	0.0: 105 513 578 937 1054 254 562 891 
6	0.0: 111 692 711 983 900 425 403 1094 
6	0.0: 50 747 943 945 1058 446 175 810 
5	0.0: 108 512 721 923 959 410 439 796 
5	0.0: 101 681 785 887 881 263 450 816 
6	0.0: 79 699 781 869 856 377 277 955 
6	0.0: 84 591 619 979 1143 413 225 1033 
5	0.0: 117 649 564 879 1012 265 468 963 
5	0.0: 55 731 700 863 1014 599 589 1015 
6	0.0: 118 618 737 930 1093 167 286 808 
5	0.0: 72 450 902 950 807 457 535 1052 
6	0.0: 88 698 470 929 1097 513 386 907 
6	0.0: 104 585 848 949 934 445 390 986 
5	0.0: 137 489 578 970 963 349 423 909 
5	0.0: 87 474 644 912 860 294 367 994 
6	0.0: 95 572 759 952 1030 582 449 941 
5	0.0: 29 678 534 928 1004 185 656 952 
6	0.0: 87 618 757 917 1115 407 369 1007 
5	0.0: 1 549 558 945 986 409 498 1108 
6	0.0: 65 541 444 921 1076 443 348 626 
5	0.0: 65 568 800 923 1304 198 492 885 
5	0.0: 44 691 608 985 756 358 606 850 
6	0.0: 105 570 807 918 1164 383 358 1036 
6	0.0: 80 569 759 1001 968 535 356 1011 
6	0.0: 121 746 506 997 970 402 289 1053 
5	0.0: 54 705 398 918 987 263 450 839 
6	0.0: 69 633 795 1006 1033 318 398 977 
5	0.0: 74 673 699 959 1041 426 574 1113 
6	0.0: 80 597 635 933 1041 684 200 965 
5	0.0: 160 588 540 949 945 248 430 792 
5	0.0: 138 554 588 999 1021 372 408 833 
6	0.0: 113 660 674 853 953 345 372 1015 
6	0.0: 98 616 807 942 923 164 268 777 
6	0.0: 131 728 649 885 723 251 162 799 
6	0.0: 135 626 770 907 1110 282 355 1052 
5	0.0: 68 582 601 959 992 240 436 982 
5	0.0: 89 520 579 1006 1076 336 582 943 
5	0.0: 130 535 739 891 738 258 538 845 
6	0.0: 94 635 671 980 1081 480 292 1036 
6	0.0: 87 566 765 1013 993 293 142 751 
6	0.0: 101 636 513 834 1077 349 186 915 
5	0.0: 152 691 683 903 750 336 440 939 
5	0.0: 113 722 698 900 1070 216 476 748 
6	0.0: 64 625 534 989 985 317 357 900 
6	0.0: 138 665 704 943 1288 586 302 942 
5	0.0: 66 714 793 926 1047 469 634 865 
6	0.0: 61 607 638 932 926 422 321 848 
6	0.0: 65 497 477 948 937 421 195 966 
5	0.0: 84 590 677 881 1315 402 478 912 
6	0.0: 103 538 556 955 964 575 302 1008 
6	0.0: 119 642 636 976 949 445 371 820 
6	0.0: 68 665 805 919 889 370 348 1038 
5	0.0: 41 562 759 943 1150 174 506 845 
5	0.0: 64 538 707 962 970 419 444 767 
6	0.0: 25 524 806 990 1005 456 256 1010 
6	0.0: 87 630 705 913 956 409 122 987 
5	0.0: 30 644 721 937 1125 466 611 917 
6	0.0: 83 564 631 948 841 374 319 898 
5	0.0: 42 543 682 986 814 680 547 799 
5	0.0: 91 562 937 1008 1036 280 565 1051 
6	0.0: 109 610 601 977 1025 390 337 929 
5	0.0: 77 573 749 913 880 335 584 1035 
6	0.0: 181 582 692 945 1040 458 121 1072 
6	0.0: 79 547 735 1007 1102 276 181 956 
5	0.0: 80 666 708 969 1185 591 605 1127 
6	0.0: 96 580 467 898 914 300 305 937 
5	0.0: 100 716 796 945 902 400 530 876 
6	0.0: 80 540 657 960 908 483 161 840 
6	0.0: 85 611 725 891 862 378 368 1043 
6	0.0: 96 663 763 861 934 465 325 949 
6	0.0: 118 679 746 937 872 488 161 1094 
5	0.0: 115 586 685 846 1047 134 559 1036 
5	0.0: 61 582 597 867 759 298 539 846 
5	0.0: 81 459 756 880 976 237 448 871 
6	0.0: 81 688 715 919 944 485 341 959 
6	0.0: 104 541 535 913 837 312 354 852 
6	0.0: 117 677 785 977 859 476 362 1046 
6	0.0: 69 656 751 938 967 553 220 1094 
6	0.0: 144 640 705 894 1216 310 386 958 
6	0.0: 131 691 555 857 1207 371 326 1076 
5	0.0: 101 500 616 883 942 455 462 1057 
5	0.0: 93 547 656 894 1228 240 486 1079 
5	0.0: 66 672 658 851 1025 569 572 988 
5	0.0: 75 688 800 951 1138 131 554 1036 
5	0.0: 99 732 632 989 896 388 569 894 
6	0.0: 108 570 614 993 1163 522 226 997 
5	0.0: 76 569 742 833 825 519 634 1078 
6	0.0: 108 498 691 957 953 340 45 983 
6	0.0: 80 653 515 951 1075 479 119 869 
5	0.0: 109 532 685 931 757 217 335 999 
6	0.0: 142 519 653 897 818 321 352 1069 
6	0.0: 110 746 682 898 984 437 320 797 
5	0.0: 108 629 646 915 1114 307 599 968 
5	0.0: 105 669 703 974 942 446 476 1068 
6	0.0: 102 703 744 886 1026 344 377 936 
5	0.0: 90 512 556 835 933 327 594 931 
6	0.0: 94 606 647 892 1145 413 154 945 
5	0.0: 105 591 833 987 981 354 527 849 
6	0.0: 12 570 756 921 867 322 246 1168 
5	0.0: 42 652 563 974 887 471 579 1050 
6	0.0: 60 608 717 869 913 146 315 773 
5	0.0: 71 563 698 950 758 211 475 900 
6	0.0: 79 653 585 915 1001 298 233 1123 
5	0.0: 70 575 518 923 956 264 479 962 
5	0.0: 66 844 637 1056 973 387 427 986 
5	0.0: 72 568 518 870 1017 489 470 942 
5	0.0: 69 694 601 896 946 429 600 1097 
6	0.0: 109 641 577 932 1233 510 452 927 
6	0.0: 95 666 712 903 1065 481 419 1053 
6	0.0: 121 401 610 952 1096 380 275 1020 
6	0.0: 82 612 633 981 1219 644 345 968 
5	0.0: 154 557 622 968 969 445 442 861 
5	0.0: 127 623 886 887 787 370 726 1152 
6	0.0: 90 646 659 889 855 416 237 711 
6	0.0: 71 626 633 911 1180 403 401 965 
5	0.0: 98 620 695 905 831 430 391 891 
6	0.0: 113 681 861 949 1026 180 73 937 
5	0.0: 61 648 551 861 928 438 445 1006 
6	0.0: 136 653 655 985 999 272 170 967 
5	0.0: 86 625 595 890 1147 495 521 974 
6	0.0: 43 693 667 925 1108 605 253 967 
6	0.0: 35 569 598 859 1048 322 314 964 
6	0.0: 62 540 485 846 997 366 343 828 
5	0.0: 93 619 628 937 826 312 523 1034 
5	0.0: 127 601 645 957 872 260 650 1111 
5	0.0: 109 613 522 836 1280 547 505 816 
6	0.0: 98 703 568 954 1170 448 292 1069 
6	0.0: 90 585 632 899 1166 463 222 1079 
5	0.0: 87 670 587 900 1155 273 558 1061 
6	0.0: 116 488 625 943 934 433 394 1011 
6	0.0: 56 731 552 976 1271 276 306 937 
6	0.0: 107 645 537 903 1050 405 324 813 
5	0.0: 47 751 782 1031 919 520 487 821 
6	0.0: 50 657 615 881 927 360 329 836 
5	0.0: 159 440 658 792 743 205 467 1040 
6	0.0: 102 624 559 921 1080 182 356 1032 
5	0.0: 99 520 706 888 874 267 485 885 
5	0.0: 146 648 764 977 777 310 426 1013 
6	0.0: 166 847 720 937 1166 387 296 912 
5	0.0: 135 563 805 886 989 600 580 945 
6	0.0: 64 536 658 935 1024 406 301 983 
6	0.0: 46 459 807 924 923 557 309 1006 
6	0.0: 148 603 584 895 1065 455 347 953 
5	0.0: 102 667 544 977 1018 300 425 847 
6	0.0: 146 552 570 962 980 322 303 927 
6	0.0: 109 607 673 938 1077 351 242 872 
5	0.0: 48 654 720 867 1008 372 545 933 
6	0.0: 81 546 626 909 784 417 249 922 
6	0.0: 128 559 494 893 1137 320 338 979 
6	0.0: 39 628 604 927 1008 432 356 914 
5	0.0: 123 681 684 767 736 696 468 808 
6	0.0: 72 554 542 862 953 387 315 977 
5	0.0: 102 635 704 937 979 371 421 879 
6	0.0: 99 633 540 940 1054 522 287 937 
6	0.0: 141 600 725 946 942 395 259 1034 
5	0.0: 126 624 695 986 1030 385 547 762 
5	0.0: 130 556 818 1006 1089 285 491 703 
5	0.0: 91 619 785 1003 941 388 474 931 
5	0.0: 47 632 772 989 950 220 376 984 
6	0.0: 107 572 665 913 1084 593 159 784 
5	0.0: 93 332 492 938 844 158 641 1030 
5	0.0: 95 681 879 921 793 524 484 1046 
6	0.0: 122 913 700 905 1023 320 212 933 
6	0.0: 54 779 641 909 918 294 155 1158 
6	0.0: 88 571 699 981 974 433 195 886 
6	0.0: 40 682 729 925 1116 440 221 930 
6	0.0: 110 543 573 937 1102 288 318 1025 
6	0.0: 40 816 574 1014 992 317 276 833 
6	0.0: 104 629 616 944 928 433 348 925 
6	0.0: 25 426 747 982 1162 375 176 949 
5	0.0: 63 524 491 1002 1025 273 538 793 
5	0.0: 61 796 704 891 892 323 383 625 
5	0.0: 37 758 499 954 936 308 480 1007 
5	0.0: 126 588 494 895 1000 359 406 967 
5	0.0: 125 796 711 867 1108 311 629 863 
5	0.0: 57 688 553 934 1059 217 392 868 
6	0.0: 73 560 817 968 1153 370 261 955 
6	0.0: 134 690 778 927 992 492 40 894 
6	0.0: 146 673 737 942 968 378 112 1157 
5	0.0: 37 747 532 908 1016 326 475 938 
6	0.0: 104 509 706 867 1047 383 113 977 
5	0.0: 53 645 737 948 991 324 589 883 
5	0.0: 159 445 602 939 997 443 453 1070 
5	0.0: 72 548 599 890 944 392 400 877 
5	0.0: 94 596 516 933 876 268 708 905 
6	0.0: 80 549 677 975 743 275 283 1029 
5	0.0: 49 608 601 917 937 400 556 1031 
6	0.0: 46 699 715 827 929 264 236 1005 
6	0.0: 102 839 661 956 960 282 308 840 
5	0.0: 91 536 692 904 1137 569 734 871 
6	0.0: 113 436 662 954 1017 344 351 878 
6	0.0: 104 596 804 945 1073 398 271 1063 
5	0.0: 89 625 619 959 1059 440 480 956 
5	0.0: 135 677 784 967 892 414 515 1056 
6	0.0: 86 573 720 991 1043 303 178 915 
6	0.0: 67 637 523 900 1120 397 375 1069 
6	0.0: 128 562 661 976 1295 324 229 1009 
6	0.0: 30 614 485 889 891 230 329 1065 
6	0.0: 57 395 684 885 1160 274 197 961 
6	0.0: 110 451 824 909 1106 441 337 964 
6	0.0: 4 620 627 912 980 424 304 722 
6	0.0: 137 578 591 968 1006 460 341 956 
6	0.0: 95 696 788 919 851 368 288 810 
5	0.0: 96 879 752 871 892 364 530 785 
5	0.0: 59 631 643 902 916 217 397 874 
6	0.0: 83 652 772 940 1027 581 194 952 
6	0.0: 66 612 701 982 943 547 352 845 
6	0.0: 77 638 515 1027 1151 386 249 877 
5	0.0: 100 533 605 869 1017 506 466 1033 
6	0.0: 35 694 668 953 1147 261 384 927 
6	0.0: 58 491 742 839 946 520 216 847 
5	0.0: 96 750 649 909 959 272 393 795 
5	0.0: 93 647 736 948 774 531 711 930 
5	0.0: 93 610 672 922 918 307 517 890 
5	0.0: 125 797 597 908 883 295 539 1110 
6	0.0: 101 601 824 911 1141 655 248 936 
5	0.0: 91 726 800 929 1105 411 675 759 
5	0.0: 100 641 677 984 1108 192 428 1025 
6	0.0: 103 705 728 845 994 310 384 956 
5	0.0: 104 642 747 903 1111 261 392 804 
6	0.0: 101 720 636 862 1057 397 357 1056 
6	0.0: 98 482 723 965 1109 389 359 1071 
5	0.0: 88 588 784 947 984 228 745 1013 
6	0.0: 95 562 673 882 881 416 218 938 
5	0.0: 107 636 702 906 1129 330 440 1227 
6	0.0: 84 593 877 1012 921 432 314 969 
6	0.0: 69 583 754 878 912 519 374 792 
6	0.0: 98 592 778 836 1063 309 377 1023 
6	0.0: 93 603 618 953 1059 300 366 1104 
5	0.0: 64 589 542 786 1177 547 485 909 
6	0.0: 28 696 710 925 1101 369 313 931 
5	0.0: 109 626 703 905 888 465 591 1068 
5	0.0: 101 518 551 827 911 413 567 940 
6	0.0: 21 561 768 976 1016 385 318 912 
6	0.0: 100 705 628 926 1126 425 307 1007 
6	0.0: 86 834 695 929 1004 637 368 1098 
5	0.0: 67 607 533 932 1147 269 438 1000 
5	0.0: 88 593 760 994 1008 499 568 843 
6	0.0: 58 626 615 996 937 359 273 1087 
6	0.0: 89 555 611 880 967 344 207 908 
6	0.0: 100 707 700 972 994 400 295 1005 
6	0.0: 167 551 633 904 1119 296 357 885 
6	0.0: 103 706 618 866 937 418 349 900 
6	0.0: 151 625 665 950 1059 579 377 1133 
6	0.0: 75 519 399 921 1112 308 179 996 
6	0.0: 60 544 612 916 859 470 322 886 
6	0.0: 75 753 697 925 970 413 253 864 
6	0.0: 44 672 650 890 1133 381 343 1052 
6	0.0: 94 732 688 879 1137 619 474 966 
6	0.0: 79 473 683 913 1140 313 374 1129 
6	0.0: 40 501 706 918 1197 422 312 861 
6	0.0: 65 655 579 906 954 357 303 884 
6	0.0: 84 590 649 962 1218 337 396 932 
6	0.0: 57 831 734 916 1007 446 246 970 
5	0.0: 92 690 687 915 948 375 447 1028 
6	0.0: 156 492 520 907 964 302 245 1017 
5	0.0: 84 687 634 917 1120 601 507 897 
6	0.0: 59 617 787 825 1044 396 352 1000 
5	0.0: 106 555 510 872 946 300 440 1002 
6	0.0: 90 548 705 964 822 330 257 958 
5	0.0: 1 712 711 973 1269 315 478 945 
6	0.0: 76 668 636 912 1200 554 362 832 
5	0.0: 93 634 520 994 1099 424 463 933 
5	0.0: 96 617 592 871 886 383 483 932 
6	0.0: 118 510 539 917 803 358 1 1190 
6	0.0: 125 432 623 880 1121 553 342 805 
6	0.0: 58 509 860 923 862 257 333 935 
6	0.0: 62 490 674 971 1068 427 281 1065 
5	0.0: 47 692 604 932 1033 493 490 1041 
6	0.0: 86 542 509 960 1029 315 344 962 
6	0.0: 98 553 648 927 1065 566 355 1110 
5	0.0: 66 691 670 937 887 195 511 914 
6	0.0: 66 510 610 889 1078 364 239 1065 
5	0.0: 125 628 771 932 1369 381 536 909 
6	0.0: 169 648 675 998 1174 319 145 965 
6	0.0: 126 540 780 905 939 555 244 954 
5	0.0: 101 588 555 953 1024 451 438 895 
5	0.0: 118 634 823 874 848 506 662 814 
6	0.0: 85 601 637 938 857 463 296 811 
6	0.0: 52 595 627 924 1086 373 256 1044 
5	0.0: 128 569 758 1034 962 329 445 876 
6	0.0: 79 618 754 954 1263 285 385 1153 
6	0.0: 58 736 751 910 1053 429 385 955 
5	0.0: 83 676 549 949 870 280 463 1059 
6	0.0: 90 699 786 881 1168 348 410 1119 
6	0.0: 60 625 555 985 1110 446 344 1048 
6	0.0: 81 752 732 898 1216 413 425 1083 
6	0.0: 136 682 602 911 1140 584 314 907 
6	0.0: 126 558 699 890 1103 400 365 940 
5	0.0: 62 507 464 894 1149 197 441 927 
6	0.0: 106 715 744 834 1194 112 295 839 
6	0.0: 66 703 616 893 1040 408 358 907 
5	0.0: 61 765 781 928 902 304 613 1100 
6	0.0: 75 618 756 909 1016 405 374 961 
5	0.0: 65 781 644 924 1137 424 707 991 
6	0.0: 103 624 679 851 879 477 384 902 
5	0.0: 139 619 636 946 1073 493 457 763 
6	0.0: 103 531 686 1026 1280 582 58 962 
6	0.0: 89 682 812 952 831 391 87 934 
6	0.0: 74 738 616 918 971 546 1 1027 
6	0.0: 84 802 611 846 978 309 314 858 
6	0.0: 96 660 674 972 1100 302 375 993 
5	0.0: 99 632 606 979 938 237 403 908 
5	0.0: 140 688 470 960 879 387 425 1169 
6	0.0: 80 611 611 876 1193 387 407 930 
5	0.0: 107 584 560 957 958 260 499 900 
6	0.0: 27 628 663 909 1033 160 289 1036 
6	0.0: 84 502 687 926 1022 270 196 1018 
6	0.0: 80 554 815 897 1076 439 16 952 
5	0.0: 117 503 608 982 1185 173 722 969 
6	0.0: 68 673 763 999 1015 498 393 900 
6	0.0: 141 732 656 973 738 241 260 961 
5	0.0: 71 607 710 927 798 542 525 888 
5	0.0: 160 640 552 801 825 592 551 917 
6	0.0: 38 732 570 912 1024 366 372 1108 
5	0.0: 90 611 610 956 1018 399 467 772 
5	0.0: 146 582 634 857 967 364 807 874 
5	0.0: 72 552 602 936 930 87 614 862 
6	0.0: 66 669 589 929 1076 336 17 1234 
6	0.0: 100 672 606 809 886 390 299 862 
6	0.0: 115 725 634 895 884 270 351 959 
6	0.0: 108 602 810 900 986 401 349 1021 
6	0.0: 139 646 484 889 1066 366 313 1013 
6	0.0: 39 558 515 915 1004 354 332 892 
6	0.0: 130 630 525 895 945 612 294 892 
6	0.0: 67 733 617 875 1023 590 412 956 
6	0.0: 90 695 770 910 960 423 250 854 
6	0.0: 77 340 594 970 1081 229 281 880 
6	0.0: 96 532 645 881 933 473 124 1068 
5	0.0: 51 662 641 891 1012 395 519 1032 
5	0.0: 123 700 698 966 997 447 735 834 
6	0.0: 106 675 820 970 1132 263 319 1066 
6	0.0: 69 683 650 940 942 519 282 1039 
6	0.0: 64 480 641 888 916 377 195 871 
6	0.0: 106 493 766 1025 1189 404 205 1022 
5	0.0: 77 534 562 930 886 464 671 802 
5	0.0: 123 586 851 963 1035 424 515 959 
6	0.0: 95 767 763 953 993 525 109 1160 
6	0.0: 95 576 612 952 936 498 245 1081 
6	0.0: 124 651 535 936 859 317 357 866 
5	0.0: 73 538 555 905 1054 477 564 845 
6	0.0: 87 476 770 922 1125 395 414 922 
6	0.0: 81 547 755 869 931 375 351 1056 
5	0.0: 89 663 509 925 1142 183 388 912 
6	0.0: 67 580 577 865 836 313 189 908 
5	0.0: 28 869 611 903 1006 422 583 931 
6	0.0: 79 664 692 935 732 197 307 1196 
6	0.0: 45 750 694 994 723 555 331 851 
5	0.0: 37 448 850 956 862 272 366 879 
6	0.0: 83 702 457 931 999 404 235 1084 
5	0.0: 137 917 684 936 928 517 453 983 
5	0.0: 74 555 642 860 1022 381 459 979 
6	0.0: 114 494 721 906 745 318 238 1085 
6	0.0: 103 524 787 913 976 450 294 991 
5	0.0: 77 435 725 875 769 251 387 999 
5	0.0: 61 766 666 932 1085 352 554 1099 
5	0.0: 68 580 533 1035 1160 170 397 947 
6	0.0: 80 656 734 909 981 270 296 1114 
6	0.0: 87 806 700 942 895 333 146 838 
6	0.0: 95 705 668 920 841 465 225 915 
6	0.0: 61 684 647 830 900 447 246 1002 
6	0.0: 77 627 588 964 1194 604 465 889 
6	0.0: 50 715 573 907 1036 571 301 830 
6	0.0: 98 769 683 904 1076 292 352 753 
5	0.0: 113 537 542 878 751 463 576 875 
6	0.0: 136 558 671 955 748 282 232 1117 
6	0.0: 74 632 629 906 1206 375 90 975 
6	0.0: 105 742 628 964 1092 597 426 775 
5	0.0: 108 637 739 957 1159 300 539 856 
6	0.0: 143 728 690 925 1004 337 369 667 
5	0.0: 54 697 741 957 1082 419 470 957 
6	0.0: 62 634 583 842 1061 211 177 809 
5	0.0: 94 656 587 927 816 351 469 1116 
6	0.0: 35 660 742 935 1030 501 180 878 
5	0.0: 56 644 565 937 787 438 538 891 
5	0.0: 104 665 684 1003 1046 383 569 986 
6	0.0: 98 582 733 949 1009 427 219 850 
5	0.0: 100 703 740 951 884 370 463 685 
5	0.0: 51 644 724 1035 924 275 446 992 
6	0.0: 110 643 525 958 823 330 138 875 
5	0.0: 59 795 599 889 787 263 561 907 
5	0.0: 10 642 621 946 956 525 563 1072 
6	0.0: 30 550 649 968 1096 245 374 948 
6	0.0: 61 679 597 958 865 362 157 975 
6	0.0: 82 662 651 871 958 311 308 844 
5	0.0: 72 638 635 943 952 352 505 1096 
6	0.0: 77 713 618 868 962 182 230 989 
5	0.0: 81 540 575 972 1020 312 518 871 
6	0.0: 73 575 558 932 891 389 289 1084 
6	0.0: 140 617 589 826 915 404 368 874 
6	0.0: 25 653 617 861 1025 436 227 935 
6	0.0: 74 667 828 974 1033 210 50 744 
6	0.0: 79 645 795 1030 1017 384 107 1053 
6	0.0: 127 392 615 999 951 343 230 906 
5	0.0: 30 587 690 998 999 330 554 806 
6	0.0: 68 619 524 936 804 449 185 1173 
6	0.0: 103 441 682 829 1269 353 171 952 
6	0.0: 118 663 714 970 1101 500 1 1073 
5	0.0: 66 602 638 981 1067 517 520 987 
5	0.0: 75 565 755 947 859 311 422 1034 
5	0.0: 64 596 659 928 1082 382 433 927 
5	0.0: 87 656 598 1009 843 387 404 849 
5	0.0: 72 675 593 914 906 386 607 877 
6	0.0: 142 563 750 963 1121 260 334 786 
5	0.0: 137 581 655 957 1009 173 454 899 
5	0.0: 122 580 631 955 1149 441 504 925 
6	0.0: 74 730 702 919 839 326 190 714 
5	0.0: 40 752 784 913 823 442 702 958 
6	0.0: 33 771 660 877 979 349 194 813 
6	0.0: 107 786 703 838 1071 433 250 843 
5	0.0: 122 620 699 1011 1052 244 618 900 
6	0.0: 102 550 587 968 905 88 99 989 
6	0.0: 98 627 565 935 972 335 220 1068 
6	0.0: 136 461 644 919 1012 240 181 788 
5	0.0: 100 748 652 970 1034 406 656 944 
6	0.0: 154 590 635 976 743 394 91 974 
6	0.0: 103 490 624 944 1020 392 162 1064 
5	0.0: 136 713 660 871 960 386 463 920 
6	0.0: 73 692 658 903 1066 305 357 891 
5	0.0: 60 714 720 889 818 618 570 1099 
5	0.0: 108 788 726 999 1122 444 479 901 
6	0.0: 100 678 564 924 997 180 282 880 
6	0.0: 60 625 620 939 841 515 1 711 
5	0.0: 110 657 610 913 837 368 672 922 
6	0.0: 30 653 651 899 949 164 52 994 
6	0.0: 122 610 545 997 995 421 214 1054 
5	0.0: 130 507 620 883 1096 353 499 1133 
5	0.0: 96 583 768 915 1051 337 535 1021 
5	0.0: 108 583 636 930 860 564 583 1060 
5	0.0: 64 707 721 961 1181 487 534 822 
5	0.0: 114 626 472 892 1080 504 700 807 
5	0.0: 83 767 674 986 1172 384 560 962 
6	0.0: 56 608 558 955 1082 585 304 857 
5	0.0: 98 748 841 878 864 536 610 983 
5	0.0: 90 723 701 943 995 260 438 966 
6	0.0: 62 374 575 951 1155 242 258 1142 
5	0.0: 98 622 585 1041 1090 361 588 966 
5	0.0: 20 655 692 956 974 343 410 934 
6	0.0: 78 721 711 981 946 550 163 784 
6	0.0: 69 579 775 919 1103 304 246 920 
5	0.0: 80 549 756 959 878 620 478 941 
5	0.0: 92 631 722 950 1025 397 522 976 
6	0.0: 80 724 682 943 1226 573 419 968 
6	0.0: 97 579 632 844 1135 396 180 917 
5	0.0: 78 535 509 954 869 420 574 1040 
6	0.0: 47 742 611 893 966 399 312 1026 
5	0.0: 113 513 507 985 771 597 492 857 
6	0.0: 20 623 799 946 975 458 226 940 
6	0.0: 70 523 583 901 1372 264 267 1054 
5	0.0: 62 633 657 952 1067 387 466 899 
6	0.0: 141 651 789 933 1052 461 356 986 
5	0.0: 109 674 686 916 1062 363 581 925 
6	0.0: 75 629 725 916 1065 338 275 908 
6	0.0: 124 596 701 998 842 400 360 1010 
5	0.0: 44 678 689 875 954 331 492 798 
5	0.0: 34 599 567 933 1085 463 581 875 
6	0.0: 57 674 623 857 920 507 224 904 
5	0.0: 56 602 671 895 1072 447 511 868 
5	0.0: 82 610 681 904 819 317 573 927 
6	0.0: 84 788 579 948 917 280 253 876 
6	0.0: 88 707 621 936 1137 431 420 1070 
6	0.0: 130 735 552 885 970 497 163 1003 
5	0.0: 93 599 469 1004 943 175 496 1028 
6	0.0: 72 705 642 913 975 351 388 945 
6	0.0: 52 506 469 874 925 494 260 810 
5	0.0: 62 638 631 945 1128 442 476 1066 
6	0.0: 95 660 658 916 906 546 2 834 
5	0.0: 87 699 639 954 1219 484 554 998 
6	0.0: 27 515 737 921 945 408 277 1030 
6	0.0: 103 715 634 942 939 296 344 1104 
5	0.0: 71 730 760 849 731 258 598 1027 
5	0.0: 151 523 627 874 1194 428 480 826 
5	0.0: 59 723 594 937 896 242 515 898 
5	0.0: 60 690 694 986 1058 409 536 863 
6	0.0: 43 645 591 976 1178 565 327 997 
6	0.0: 109 729 757 892 891 319 243 866 
6	0.0: 115 732 734 1021 874 520 325 1187 
6	0.0: 73 587 826 884 1007 228 263 900 
5	0.0: 77 670 697 945 1008 453 485 955 
6	0.0: 114 671 527 874 1012 455 219 922 
5	0.0: 107 591 850 1010 819 343 582 866 
6	0.0: 14 801 478 917 897 397 325 1133 
6	0.0: 65 591 745 887 784 339 351 992 
6	0.0: 91 724 835 882 941 335 207 903 
6	0.0: 84 593 536 953 860 429 314 1151 
5	0.0: 26 554 660 992 965 471 439 902 
6	0.0: 83 663 714 928 1026 576 245 893 
5	0.0: 109 792 713 1020 998 192 559 1152 
6	0.0: 95 561 766 911 1040 529 252 985 
5	0.0: 119 786 703 910 1168 310 626 1020 
5	0.0: 131 690 827 942 1105 426 488 987 
5	0.0: 63 564 760 960 995 428 647 862 
6	0.0: 52 677 761 858 977 483 361 849 
5	0.0: 124 673 579 874 1050 372 538 974 
6	0.0: 52 648 742 979 1146 200 255 865 
6	0.0: 74 638 626 961 881 323 188 1057 
5	0.0: 73 713 673 949 801 619 620 873 
6	0.0: 72 556 640 952 964 707 237 786 
6	0.0: 63 454 536 1006 846 309 214 908 
6	0.0: 57 671 624 963 980 398 183 953 
6	0.0: 39 599 506 890 1005 250 320 914 
6	0.0: 6 686 795 930 921 399 324 962 
5	0.0: 105 669 947 986 1152 394 437 1004 
6	0.0: 77 693 677 938 1006 435 397 941 
6	0.0: 60 729 590 903 958 56 176 906 
6	0.0: 1 730 629 918 855 328 314 924 
6	0.0: 98 629 502 1027 1085 222 123 893 
5	0.0: 32 737 662 907 1000 393 515 805 
5	0.0: 57 519 695 910 1037 277 418 912 
6	0.0: 73 529 605 877 1009 392 299 1000 
6	0.0: 149 634 813 927 1195 369 341 1085 
5	0.0: 76 605 596 881 994 231 670 825 
6	0.0: 63 450 609 949 1022 396 154 1151 
5	0.0: 71 737 817 919 875 216 456 859 
6	0.0: 19 717 669 1088 1059 290 250 908 
5	0.0: 133 475 807 985 1004 362 463 1168 
6	0.0: 90 596 681 961 1085 556 343 933 
6	0.0: 111 577 721 914 1071 487 361 887 
5	0.0: 111 541 546 1021 969 622 492 944 
5	0.0: 70 520 585 966 1048 626 464 834 
6	0.0: 86 480 804 871 921 536 3 1012 
5	0.0: 66 675 663 990 1199 428 546 870 
6	0.0: 36 620 726 998 968 426 251 893 
6	0.0: 117 599 609 930 831 452 142 978 
5	0.0: 131 675 680 923 1016 524 442 949 
5	0.0: 24 769 641 870 847 260 366 938 
6	0.0: 7 655 586 1012 1145 137 209 1039 
6	0.0: 102 528 448 945 821 405 305 927 
6	0.0: 36 518 725 946 1111 413 230 890 
6	0.0: 123 579 525 943 942 311 287 1044 
6	0.0: 65 661 655 863 990 484 302 974 
5	0.0: 104 552 634 938 897 129 336 884 
6	0.0: 121 699 636 924 947 258 332 1230 
6	0.0: 47 608 557 847 942 332 222 772 
5	0.0: 89 576 776 966 1070 387 415 949 
6	0.0: 139 484 656 886 938 438 165 963 
6	0.0: 123 685 749 1014 889 228 345 985 
6	0.0: 80 642 727 994 963 497 114 898 
5	0.0: 168 553 815 967 1230 179 426 856 
5	0.0: 26 730 580 942 1124 568 711 1175 
6	0.0: 57 567 751 908 998 177 232 802 
6	0.0: 95 508 677 914 1165 394 407 1058 
5	0.0: 96 503 788 929 882 340 496 1145 
6	0.0: 70 760 532 965 948 302 363 904 
5	0.0: 147 704 676 933 879 353 514 773 
5	0.0: 85 555 645 1024 975 343 753 929 
5	0.0: 106 656 712 927 868 145 483 998 
6	0.0: 76 590 572 971 1073 374 306 875 
5	0.0: 84 583 640 944 951 580 548 782 
5	0.0: 119 651 427 915 1067 575 613 968 
5	0.0: 112 638 591 924 1064 223 582 1088 
5	0.0: 49 578 632 977 922 445 419 729 
6	0.0: 83 706 472 939 1057 535 285 1071 
5	0.0: 112 751 624 1003 917 324 644 1035 
6	0.0: 44 648 679 912 977 183 271 819 
6	0.0: 98 589 583 999 987 308 133 895 
5	0.0: 60 625 526 963 912 404 476 893 
6	0.0: 118 567 594 1068 957 336 184 1117 
6	0.0: 63 415 731 928 1044 510 350 974 
5	0.0: 67 706 656 902 1020 263 461 1026 
6	0.0: 83 714 473 894 808 279 60 865 
5	0.0: 142 651 595 879 813 275 388 1068 
5	0.0: 34 652 780 892 924 344 396 919 
6	0.0: 34 570 496 980 920 593 253 979 
5	0.0: 52 603 669 950 1248 557 543 974 
5	0.0: 117 614 576 969 1070 270 400 770 
5	0.0: 66 651 732 899 968 333 503 913 
5	0.0: 55 596 537 930 936 431 428 932 
5	0.0: 117 674 419 921 999 518 492 971 
6	0.0: 84 517 633 917 897 379 191 1116 
6	0.0: 66 612 574 881 1096 419 373 929 
6	0.0: 48 669 455 935 1007 468 399 771 
6	0.0: 110 661 674 892 798 586 110 955 
6	0.0: 38 528 621 915 1021 341 170 823 
5	0.0: 131 728 532 920 755 500 597 810 
6	0.0: 124 523 696 973 1115 447 351 945 
5	0.0: 87 528 645 900 990 327 721 771 
6	0.0: 99 692 650 884 1023 550 344 884 
5	0.0: 43 689 684 949 849 189 498 929 
5	0.0: 63 642 569 969 1047 269 526 902 
6	0.0: 49 717 635 965 973 435 309 1077 
5	0.0: 47 439 774 882 1028 348 503 885 
6	0.0: 48 437 632 914 900 442 163 987 
6	0.0: 46 535 707 902 1165 663 370 964 
5	0.0: 80 820 682 857 865 430 551 911 
5	0.0: 153 630 628 898 988 264 450 869 
5	0.0: 76 568 558 929 848 501 742 1067 
6	0.0: 72 543 594 946 1012 331 334 984 
6	0.0: 82 557 553 942 1163 375 425 1044 
5	0.0: 93 518 820 903 1071 347 526 773 
6	0.0: 135 617 714 882 1189 438 418 1207 
6	0.0: 40 710 541 924 984 366 277 933 
6	0.0: 49 548 417 1020 970 317 285 1086 
6	0.0: 28 534 705 870 867 358 328 1112 
6	0.0: 41 622 629 911 1069 511 428 973 
6	0.0: 58 493 753 1051 1062 331 381 1150 
5	0.0: 146 587 541 1011 1123 309 484 922 
5	0.0: 103 741 732 957 1077 122 440 879 
5	0.0: 89 684 668 933 706 228 347 1002 
6	0.0: 110 606 490 869 1150 206 341 1064 
6	0.0: 100 773 513 1034 1010 376 289 925 
5	0.0: 110 642 621 931 993 318 437 1024 
5	0.0: 63 725 742 860 1113 264 497 903 
6	0.0: 107 501 582 946 927 514 333 850 
5	0.0: 35 566 589 902 1131 191 424 999 
6	0.0: 100 723 630 939 1215 427 187 872 
6	0.0: 101 806 628 954 944 481 169 986 
5	0.0: 108 506 655 950 861 351 450 861 
6	0.0: 65 781 724 851 1221 329 123 815 
6	0.0: 115 527 680 938 950 383 385 1046 
5	0.0: 147 540 759 912 1011 431 549 879 
6	0.0: 95 723 608 937 942 291 73 734 
6	0.0: 62 493 795 891 1045 344 368 980 
5	0.0: 24 725 684 940 894 381 437 902 
6	0.0: 72 555 615 976 1143 328 394 853 
6	0.0: 84 525 590 865 817 454 225 1033 
6	0.0: 87 563 730 956 856 391 217 1026 
6	0.0: 89 614 741 902 1255 476 453 713 
5	0.0: 128 585 875 875 924 345 541 1034 
5	0.0: 78 653 709 904 1071 207 650 1017 
5	0.0: 100 568 577 844 1114 475 572 896 
5	0.0: 84 693 856 888 1241 422 479 972 
6	0.0: 108 553 610 936 952 516 300 893 
6	0.0: 107 760 622 1049 1127 441 431 892 
6	0.0: 85 656 758 897 841 363 260 943 
6	0.0: 105 460 565 892 996 617 179 1001 
5	0.0: 125 584 588 940 1150 453 503 1099 
6	0.0: 124 701 721 937 1194 383 281 800 
5	0.0: 57 798 632 874 1017 438 485 1235 
6	0.0: 53 565 524 924 986 426 410 1052 
5	0.0: 57 643 747 914 1037 289 450 1058 
5	0.0: 48 704 722 992 984 319 482 959 
6	0.0: 82 584 794 942 913 543 211 994 
5	0.0: 95 483 734 965 846 397 428 1012 
6	0.0: 80 547 676 876 935 428 247 879 
5	0.0: 115 639 665 915 845 175 687 1006 
