3	0.0: 728 589 772 465 1014 356 289 654 
3	0.0: 623 594 1110 318 1016 402 335 826 
3	0.0: 837 610 491 355 1056 408 231 942 
3	0.0: 696 712 755 441 1063 414 375 597 
3	0.0: 717 511 624 297 953 468 364 611 
3	0.0: 765 580 662 299 995 373 20 1000 
3	0.0: 667 634 488 357 882 426 346 743 
3	0.0: 649 578 717 361 957 325 48 925 
3	0.0: 626 589 822 358 1123 375 261 726 
3	0.0: 647 525 665 519 1204 471 513 717 
3	0.0: 727 553 774 340 834 347 376 756 
3	0.0: 624 536 625 320 1048 417 231 734 
3	0.0: 653 458 710 216 934 395 368 750 
3	0.0: 804 475 622 351 851 412 102 503 
3	0.0: 709 346 1007 305 812 443 276 700 
3	0.0: 682 605 625 337 1002 331 199 842 
3	0.0: 635 668 779 385 1035 393 190 903 
3	0.0: 687 620 834 291 1025 383 414 993 
3	0.0: 732 663 787 149 930 410 517 731 
3	0.0: 684 574 1240 356 1014 464 261 707 
3	0.0: 615 407 540 407 998 372 46 928 
3	0.0: 703 424 624 326 1065 305 242 760 
3	0.0: 668 541 527 212 1095 326 230 784 
3	0.0: 772 644 707 260 1046 410 169 742 
3	0.0: 764 599 781 233 961 364 39 908 
3	0.0: 734 614 500 407 1018 391 255 881 
3	0.0: 756 514 689 339 971 414 161 883 
3	0.0: 686 635 728 309 886 452 358 726 
3	0.0: 828 624 756 330 842 350 372 837 
3	0.0: 690 650 612 279 914 451 119 729 
3	0.0: 643 638 774 368 983 357 198 936 
3	0.0: 634 487 425 188 1161 353 186 742 
3	0.0: 650 674 788 457 1098 401 288 755 
3	0.0: 734 482 761 312 990 464 80 859 
3	0.0: 788 613 431 398 1070 348 180 874 
3	0.0: 669 579 449 416 971 362 314 708 
3	0.0: 776 570 775 295 1046 402 465 552 
3	0.0: 666 596 853 334 1097 433 310 839 
3	0.0: 647 442 712 334 1038 341 220 716 
3	0.0: 736 549 818 494 869 356 207 865 
3	0.0: 737 556 591 312 967 403 320 830 
3	0.0: 766 469 781 295 892 406 333 1046 
3	0.0: 705 512 749 454 1030 413 277 827 
3	0.0: 727 673 1039 164 840 346 241 784 
3	0.0: 714 520 677 223 925 410 338 736 
3	0.0: 726 595 759 306 1005 434 62 869 
3	0.0: 704 566 835 308 930 389 410 795 
3	0.0: 743 608 787 444 937 391 207 882 
3	0.0: 691 678 699 270 1112 489 305 691 
3	0.0: 779 375 608 236 899 442 251 794 
3	0.0: 641 461 431 265 918 330 233 817 
3	0.0: 632 439 808 390 792 393 285 585 
3	0.0: 879 456 473 151 885 407 373 1013 
3	0.0: 675 428 900 220 791 364 186 793 
3	0.0: 662 641 368 483 862 385 286 879 
3	0.0: 626 436 582 302 1004 355 321 700 
3	0.0: 696 533 590 337 974 431 301 766 
3	0.0: 636 597 807 278 889 372 590 772 
3	0.0: 770 517 760 377 858 333 264 762 
3	0.0: 734 393 672 266 1049 405 330 743 
3	0.0: 656 506 634 292 1027 391 302 788 
3	0.0: 774 552 654 241 919 449 388 860 
3	0.0: 693 529 676 250 1058 321 235 681 
3	0.0: 626 539 417 366 906 391 400 690 
3	0.0: 723 560 689 320 939 449 410 731 
3	0.0: 687 538 568 320 978 332 133 668 
3	0.0: 785 610 555 394 945 398 256 845 
3	0.0: 762 526 459 321 960 321 380 738 
3	0.0: 590 661 977 293 1178 370 320 733 
3	0.0: 716 529 647 314 910 352 480 726 
3	0.0: 831 583 593 254 925 423 422 949 
3	0.0: 706 587 634 446 938 388 311 679 
3	0.0: 673 612 542 315 1097 413 456 938 
3	0.0: 666 650 682 363 1151 387 251 832 
3	0.0: 705 555 498 233 853 454 205 1106 
3	0.0: 848 556 544 304 937 414 217 865 
3	0.0: 670 401 684 312 820 412 109 914 
3	0.0: 728 564 678 373 1094 373 285 773 
3	0.0: 787 655 692 391 1137 387 430 883 
3	0.0: 672 650 827 510 912 390 217 931 
3	0.0: 811 649 564 294 930 350 571 791 
3	0.0: 774 560 485 435 1069 341 329 772 
3	0.0: 725 651 617 377 1107 353 131 721 
3	0.0: 664 649 455 241 966 408 140 693 
3	0.0: 684 405 396 384 859 373 482 742 
3	0.0: 713 589 710 387 876 392 468 732 
3	0.0: 640 648 505 285 1006 379 407 737 
3	0.0: 751 620 624 502 1013 316 289 856 
3	0.0: 648 636 602 279 976 408 101 811 
3	0.0: 710 501 518 450 1027 355 384 702 
3	0.0: 736 528 707 364 945 387 41 784 
3	0.0: 687 470 797 226 957 364 313 799 
3	0.0: 692 502 459 394 1058 353 485 856 
3	0.0: 700 422 616 410 998 346 329 829 
3	0.0: 758 606 759 274 939 345 202 812 
3	0.0: 738 407 966 304 882 356 303 703 
3	0.0: 642 497 694 322 1024 406 260 756 
3	0.0: 694 599 553 252 988 346 472 834 
3	0.0: 712 590 611 246 1016 445 328 803 
3	0.0: 741 539 803 268 953 388 464 840 
3	0.0: 689 637 572 356 1076 390 311 848 
3	0.0: 715 592 748 287 1009 330 344 781 
3	0.0: 756 589 776 396 1025 356 178 793 
3	0.0: 706 546 944 368 869 363 375 727 
3	0.0: 718 582 553 343 1070 358 101 948 
3	0.0: 743 638 588 316 1042 448 317 768 
3	0.0: 571 418 623 348 945 319 403 790 
3	0.0: 739 664 706 401 926 374 102 823 
3	0.0: 650 693 481 351 897 369 170 826 
3	0.0: 731 529 644 428 933 383 180 651 
3	0.0: 760 640 545 280 949 425 512 890 
3	0.0: 749 247 671 197 982 408 241 717 
3	0.0: 746 586 656 268 898 411 507 715 
3	0.0: 762 624 755 273 935 408 376 688 
3	0.0: 708 422 955 383 1110 462 357 765 
3	0.0: 723 396 774 362 1022 390 279 738 
3	0.0: 621 561 649 338 1025 402 394 660 
3	0.0: 710 544 675 401 968 415 432 678 
3	0.0: 641 708 818 289 957 392 401 680 
3	0.0: 748 497 874 340 804 391 399 733 
3	0.0: 734 690 941 389 1030 289 395 773 
3	0.0: 694 626 564 269 1006 414 224 866 
3	0.0: 703 381 582 346 968 409 470 814 
3	0.0: 686 656 624 363 871 381 315 872 
3	0.0: 732 393 549 323 1041 366 514 814 
3	0.0: 691 543 809 433 811 463 570 947 
3	0.0: 713 673 742 465 945 427 234 797 
3	0.0: 516 485 752 321 935 353 309 1000 
3	0.0: 718 495 813 282 915 415 242 752 
3	0.0: 736 578 713 304 1103 414 244 919 
3	0.0: 656 672 630 385 1033 479 261 710 
3	0.0: 705 648 741 321 792 408 219 908 
3	0.0: 692 594 442 188 1143 434 267 863 
3	0.0: 733 705 517 453 865 449 124 909 
3	0.0: 625 546 595 440 766 388 172 721 
3	0.0: 742 540 939 227 797 351 337 835 
3	0.0: 718 689 819 315 837 407 505 809 
3	0.0: 747 544 486 317 1072 399 348 791 
3	0.0: 736 471 762 347 985 440 285 671 
3	0.0: 687 607 817 285 1013 441 347 985 
3	0.0: 804 627 762 354 853 329 317 812 
3	0.0: 706 629 730 329 886 412 202 668 
3	0.0: 823 602 840 338 1007 490 531 715 
3	0.0: 636 714 603 380 1100 429 345 734 
3	0.0: 651 513 691 317 899 439 395 918 
3	0.0: 732 547 656 312 986 454 380 635 
3	0.0: 723 515 567 285 902 458 251 761 
3	0.0: 615 600 724 406 1036 428 353 766 
3	0.0: 706 529 457 306 1018 444 404 797 
3	0.0: 698 657 535 359 971 422 1 822 
3	0.0: 785 551 1029 302 1122 400 200 566 
3	0.0: 668 608 870 310 1130 481 253 912 
3	0.0: 594 603 323 375 1017 407 349 883 
3	0.0: 649 445 568 311 993 356 554 916 
3	0.0: 683 561 946 272 813 365 51 775 
3	0.0: 794 411 710 325 1023 366 394 746 
3	0.0: 821 624 769 307 987 449 525 797 
3	0.0: 700 578 621 350 928 354 310 701 
3	0.0: 680 510 864 315 968 371 579 787 
3	0.0: 739 563 621 307 898 433 202 766 
3	0.0: 740 503 525 371 1121 409 355 853 
3	0.0: 826 500 396 387 903 378 335 821 
3	0.0: 639 559 597 345 943 409 331 877 
3	0.0: 670 543 824 365 1078 454 446 916 
3	0.0: 631 627 626 225 963 385 431 759 
3	0.0: 664 589 384 296 937 430 376 545 
3	0.0: 634 435 423 205 1100 439 186 686 
3	0.0: 647 590 765 300 1031 339 232 685 
3	0.0: 587 474 545 327 952 410 485 801 
3	0.0: 693 578 558 324 1019 417 393 606 
3	0.0: 689 518 483 460 1187 385 457 837 
3	0.0: 698 477 540 184 861 349 391 935 
3	0.0: 651 555 616 327 1031 428 153 895 
3	0.0: 837 521 537 361 862 316 340 871 
3	0.0: 574 568 571 350 1056 409 468 750 
3	0.0: 656 495 780 264 965 294 163 834 
3	0.0: 682 568 951 341 919 404 290 843 
3	0.0: 748 639 752 460 881 367 474 702 
3	0.0: 715 540 631 454 946 409 399 766 
3	0.0: 635 569 623 259 978 325 370 504 
3	0.0: 634 663 769 500 946 407 413 699 
3	0.0: 710 626 775 412 1161 394 351 870 
3	0.0: 748 596 569 201 861 354 416 809 
3	0.0: 824 479 751 317 910 327 456 828 
3	0.0: 655 550 423 224 985 398 308 650 
3	0.0: 650 498 797 378 1183 364 279 728 
3	0.0: 665 543 747 394 1015 356 172 616 
3	0.0: 789 706 760 419 936 426 338 862 
3	0.0: 691 657 714 207 1040 360 331 709 
3	0.0: 744 498 553 247 905 410 154 760 
3	0.0: 748 638 414 440 1005 369 405 687 
3	0.0: 744 525 567 232 876 356 286 803 
3	0.0: 602 588 903 269 981 325 138 702 
3	0.0: 651 537 745 357 892 367 254 751 
3	0.0: 588 496 579 283 867 315 306 678 
3	0.0: 609 536 443 258 930 392 253 816 
3	0.0: 742 454 809 488 1076 379 134 823 
3	0.0: 728 641 786 256 1135 394 476 1012 
3	0.0: 707 516 765 336 937 332 412 798 
3	0.0: 539 522 703 439 1031 395 1 723 
3	0.0: 677 558 501 380 1053 353 273 879 
3	0.0: 741 627 800 289 846 403 374 639 
3	0.0: 672 431 740 303 995 397 485 772 
3	0.0: 595 709 670 378 1038 484 362 714 
3	0.0: 693 696 674 285 952 465 429 822 
3	0.0: 667 548 889 306 998 358 359 560 
3	0.0: 627 615 690 337 1091 283 474 629 
3	0.0: 725 697 828 305 976 379 263 754 
3	0.0: 627 502 464 456 1050 432 464 866 
3	0.0: 799 481 773 383 1010 421 145 983 
3	0.0: 731 753 594 336 996 401 301 819 
3	0.0: 708 497 702 423 1162 395 154 891 
3	0.0: 824 729 633 403 973 339 209 904 
3	0.0: 695 663 756 417 1079 377 158 759 
3	0.0: 587 680 566 265 939 360 343 803 
3	0.0: 721 589 696 366 943 473 388 883 
3	0.0: 742 438 917 175 1029 426 281 953 
3	0.0: 772 623 1014 241 908 363 68 555 
3	0.0: 752 635 672 297 1000 392 143 808 
3	0.0: 603 557 581 267 917 351 236 759 
3	0.0: 694 450 527 339 943 355 361 797 
3	0.0: 587 466 584 382 1007 364 257 743 
3	0.0: 681 624 517 177 1041 319 384 686 
3	0.0: 660 561 780 139 903 392 290 919 
3	0.0: 703 655 891 395 1038 466 302 695 
3	0.0: 742 538 746 318 942 395 386 840 
3	0.0: 691 525 409 423 1094 331 386 909 
3	0.0: 525 457 565 256 1011 434 400 711 
3	0.0: 747 307 746 310 1087 481 233 789 
3	0.0: 734 563 655 235 892 417 257 845 
3	0.0: 759 579 813 314 1012 476 565 942 
3	0.0: 664 535 814 369 986 448 282 960 
3	0.0: 705 281 881 350 941 355 338 764 
3	0.0: 670 491 673 286 1074 351 126 764 
3	0.0: 542 629 472 317 1009 427 144 722 
3	0.0: 669 446 300 355 860 431 296 773 
3	0.0: 641 531 560 270 1045 347 357 819 
3	0.0: 661 661 488 307 1031 340 321 803 
3	0.0: 736 515 176 373 962 376 401 691 
3	0.0: 591 517 447 298 1000 433 568 776 
3	0.0: 739 657 774 299 999 539 414 647 
3	0.0: 703 475 588 408 972 356 424 712 
3	0.0: 660 351 496 371 1105 379 480 656 
3	0.0: 805 498 846 290 960 371 226 879 
3	0.0: 635 686 639 355 826 364 309 1031 
3	0.0: 789 516 697 362 1064 425 379 613 
3	0.0: 758 584 692 340 1045 380 279 674 
3	0.0: 663 341 822 431 1096 345 321 898 
3	0.0: 710 529 801 292 863 408 172 644 
3	0.0: 776 410 505 389 915 361 302 720 
3	0.0: 812 547 709 404 1028 387 282 554 
3	0.0: 721 618 973 281 1063 444 449 787 
3	0.0: 682 675 632 273 824 393 310 873 
3	0.0: 739 664 694 280 1037 380 301 694 
3	0.0: 736 474 729 362 940 441 466 764 
3	0.0: 753 599 705 489 1094 401 279 803 
3	0.0: 767 572 444 269 895 472 198 841 
3	0.0: 664 625 783 338 1025 387 317 586 
3	0.0: 759 482 701 348 1011 393 595 858 
3	0.0: 679 629 628 407 975 388 198 777 
3	0.0: 630 533 489 238 944 396 369 812 
3	0.0: 734 559 675 297 1019 406 206 772 
3	0.0: 783 537 908 419 949 533 338 792 
3	0.0: 706 563 328 337 929 450 263 665 
3	0.0: 739 717 480 151 933 364 443 625 
3	0.0: 721 560 606 345 1092 350 125 770 
3	0.0: 661 509 631 406 1029 362 266 785 
3	0.0: 741 620 856 298 961 430 271 871 
3	0.0: 808 567 495 261 906 380 205 921 
3	0.0: 675 443 551 360 953 412 191 593 
3	0.0: 718 539 720 379 924 393 452 755 
3	0.0: 731 488 564 261 903 409 556 753 
3	0.0: 783 553 462 232 981 369 275 736 
3	0.0: 714 482 607 359 999 439 300 872 
3	0.0: 732 486 698 365 983 389 258 779 
3	0.0: 770 492 759 238 989 432 101 788 
3	0.0: 681 462 552 382 961 346 195 741 
3	0.0: 889 682 652 162 1080 364 234 831 
3	0.0: 799 540 343 228 1059 449 384 794 
3	0.0: 704 670 804 414 987 399 432 726 
3	0.0: 669 479 633 174 886 449 382 846 
3	0.0: 658 642 589 273 874 382 285 666 
3	0.0: 707 544 917 368 810 361 215 729 
3	0.0: 731 578 772 470 1039 416 269 676 
3	0.0: 669 477 720 381 1067 352 177 795 
3	0.0: 761 551 852 281 908 353 282 740 
3	0.0: 743 547 620 373 956 352 495 1020 
3	0.0: 735 600 1022 342 991 376 78 871 
3	0.0: 746 537 511 285 1155 399 427 749 
3	0.0: 665 447 794 294 1038 455 98 883 
3	0.0: 682 436 518 414 1024 370 241 758 
3	0.0: 762 610 656 301 867 416 284 813 
3	0.0: 682 437 896 377 1042 316 652 840 
3	0.0: 725 582 294 330 799 352 344 785 
3	0.0: 759 704 529 315 1024 364 294 602 
3	0.0: 708 670 522 275 945 448 335 846 
3	0.0: 777 696 437 293 1034 418 282 787 
3	0.0: 768 417 716 352 946 413 598 740 
3	0.0: 692 646 588 318 915 363 377 877 
3	0.0: 701 499 678 326 907 320 313 995 
3	0.0: 681 477 538 461 1004 445 352 725 
3	0.0: 647 593 690 344 1027 336 313 901 
3	0.0: 694 638 547 298 1062 423 275 848 
3	0.0: 726 392 666 320 845 353 376 829 
3	0.0: 674 603 629 503 966 366 440 566 
3	0.0: 737 510 596 306 1008 385 249 778 
3	0.0: 672 687 646 291 899 444 450 937 
3	0.0: 643 688 620 371 1042 324 256 640 
3	0.0: 674 555 557 362 892 406 225 840 
3	0.0: 814 782 725 281 963 409 183 971 
3	0.0: 709 612 414 337 990 395 182 763 
3	0.0: 633 560 822 360 910 419 413 952 
3	0.0: 709 699 1015 251 1000 381 255 759 
3	0.0: 708 604 675 342 908 313 289 674 
3	0.0: 766 699 709 352 835 396 308 710 
3	0.0: 825 534 794 325 965 406 408 814 
3	0.0: 643 537 565 298 1080 419 311 880 
3	0.0: 793 605 738 279 976 413 199 717 
3	0.0: 813 430 803 212 1141 458 213 874 
3	0.0: 731 688 652 278 912 399 209 897 
3	0.0: 646 580 632 290 1039 405 406 751 
3	0.0: 640 539 871 409 957 346 278 661 
3	0.0: 697 568 694 335 986 383 433 726 
3	0.0: 791 653 585 392 950 414 311 822 
3	0.0: 762 437 620 459 801 361 263 655 
3	0.0: 787 533 637 321 954 439 471 741 
3	0.0: 695 533 692 345 1017 308 337 975 
3	0.0: 695 553 699 325 1076 452 291 898 
3	0.0: 747 523 633 379 962 402 201 694 
3	0.0: 670 599 764 267 884 401 411 550 
3	0.0: 717 628 1016 343 883 353 408 820 
3	0.0: 607 595 629 322 1074 420 12 745 
3	0.0: 724 521 951 260 989 358 571 798 
3	0.0: 746 410 751 315 1014 432 387 713 
3	0.0: 571 521 956 396 1097 381 204 957 
3	0.0: 735 608 615 340 1069 406 191 649 
3	0.0: 699 521 873 373 1027 354 339 946 
3	0.0: 731 591 657 400 915 379 316 887 
3	0.0: 754 414 775 493 1017 402 565 641 
3	0.0: 714 628 641 372 898 399 344 772 
3	0.0: 725 515 719 430 1038 352 506 802 
3	0.0: 726 410 486 402 1058 406 402 582 
3	0.0: 695 577 618 367 949 415 209 785 
3	0.0: 561 545 732 350 788 441 594 941 
3	0.0: 620 591 652 389 1043 366 391 997 
3	0.0: 718 601 604 317 1024 349 293 628 
3	0.0: 526 467 601 455 870 386 442 739 
3	0.0: 751 598 487 360 1061 441 448 780 
3	0.0: 720 489 793 370 1000 408 209 822 
3	0.0: 649 739 819 313 928 417 499 805 
3	0.0: 757 643 661 209 1057 331 477 857 
3	0.0: 678 611 571 401 1047 460 441 765 
3	0.0: 656 530 511 361 1007 392 62 555 
3	0.0: 728 466 766 416 888 358 376 790 
3	0.0: 671 555 622 262 946 412 209 798 
3	0.0: 672 553 349 373 858 342 275 709 
3	0.0: 640 516 784 293 912 417 41 579 
3	0.0: 648 661 778 377 839 361 131 792 
3	0.0: 596 562 949 268 1023 407 106 519 
3	0.0: 738 702 660 425 850 409 628 862 
3	0.0: 722 640 694 449 941 342 346 857 
3	0.0: 649 815 700 307 902 384 631 1011 
3	0.0: 755 602 498 356 871 384 269 876 
3	0.0: 651 523 632 337 937 390 133 765 
3	0.0: 645 542 394 308 939 408 406 799 
3	0.0: 752 583 655 408 943 383 226 772 
3	0.0: 738 562 415 306 949 352 326 840 
3	0.0: 702 593 545 325 1005 353 416 877 
3	0.0: 548 589 423 297 1025 448 399 808 
3	0.0: 719 458 855 401 924 448 286 773 
3	0.0: 636 468 667 348 1023 486 191 686 
3	0.0: 734 534 769 442 1069 458 468 809 
3	0.0: 680 610 793 363 944 413 456 724 
3	0.0: 664 444 594 264 938 385 357 551 
3	0.0: 733 574 485 320 849 349 676 821 
3	0.0: 722 480 922 284 819 494 62 682 
3	0.0: 632 609 461 451 998 299 222 881 
3	0.0: 833 587 533 287 1006 447 38 806 
3	0.0: 713 589 726 330 1074 378 297 870 
3	0.0: 729 377 649 278 881 353 389 663 
3	0.0: 633 591 760 396 903 451 285 700 
3	0.0: 681 475 467 238 1072 401 258 630 
3	0.0: 789 688 922 426 1013 429 306 1011 
3	0.0: 738 546 707 191 1020 531 318 674 
3	0.0: 683 622 844 364 1074 417 250 663 
3	0.0: 575 810 882 362 1030 337 344 846 
3	0.0: 733 711 554 278 1026 414 314 799 
3	0.0: 755 531 840 314 788 439 609 846 
3	0.0: 767 597 388 401 985 434 356 832 
3	0.0: 747 564 457 417 1092 378 384 750 
3	0.0: 717 697 815 358 939 442 553 797 
3	0.0: 706 810 606 401 894 429 475 709 
3	0.0: 737 608 611 247 1012 396 317 723 
3	0.0: 633 554 585 264 950 416 505 865 
3	0.0: 734 569 714 415 1020 459 493 907 
3	0.0: 746 625 502 273 953 434 181 545 
3	0.0: 749 490 674 529 857 423 268 711 
3	0.0: 591 610 468 273 950 393 553 763 
3	0.0: 693 693 644 393 1011 383 169 623 
3	0.0: 788 639 505 322 1003 391 219 917 
3	0.0: 737 540 877 273 1043 370 360 695 
3	0.0: 793 534 595 381 981 344 149 778 
3	0.0: 711 591 500 282 994 447 284 796 
3	0.0: 656 528 1036 239 935 458 232 836 
3	0.0: 680 435 702 428 1127 400 295 699 
3	0.0: 693 593 731 293 873 401 314 918 
3	0.0: 682 651 709 412 977 390 279 952 
3	0.0: 741 736 818 303 973 365 427 893 
3	0.0: 773 569 555 391 972 426 208 521 
3	0.0: 638 560 899 289 785 371 362 817 
3	0.0: 703 550 924 392 908 439 229 873 
3	0.0: 761 667 777 413 949 453 193 1011 
3	0.0: 694 472 644 354 937 410 310 792 
3	0.0: 663 663 530 360 1029 362 231 725 
3	0.0: 704 613 560 285 1008 391 209 883 
3	0.0: 672 638 621 301 1123 418 141 829 
3	0.0: 696 604 699 426 929 390 545 829 
3	0.0: 670 494 684 422 1060 414 405 714 
3	0.0: 830 634 834 372 954 399 429 878 
3	0.0: 678 611 826 353 973 464 357 584 
3	0.0: 627 576 682 368 1008 389 395 702 
3	0.0: 620 616 519 250 969 415 401 882 
3	0.0: 658 475 588 309 1055 402 175 697 
3	0.0: 653 498 450 272 981 422 205 841 
3	0.0: 772 581 507 219 1059 308 288 726 
3	0.0: 696 662 709 362 918 369 377 698 
3	0.0: 671 603 609 293 1068 369 111 726 
3	0.0: 643 654 486 325 902 401 313 856 
3	0.0: 733 527 873 307 953 298 253 891 
3	0.0: 679 639 716 241 916 412 277 836 
3	0.0: 741 437 756 414 866 387 442 901 
3	0.0: 604 569 748 403 951 359 284 692 
3	0.0: 786 645 678 397 862 420 388 805 
3	0.0: 743 662 770 260 951 305 145 815 
3	0.0: 767 541 645 361 1076 370 386 865 
3	0.0: 644 464 777 351 1080 398 310 674 
3	0.0: 735 482 1052 335 728 422 321 731 
3	0.0: 702 577 764 295 889 465 214 756 
3	0.0: 711 613 461 428 961 442 363 540 
3	0.0: 659 534 747 211 1001 396 415 810 
3	0.0: 717 515 749 357 952 392 387 712 
3	0.0: 728 602 853 381 969 416 415 839 
3	0.0: 696 541 547 360 780 486 280 782 
3	0.0: 760 479 846 366 938 401 227 691 
3	0.0: 743 645 717 445 929 405 140 742 
3	0.0: 691 617 693 344 997 372 185 648 
3	0.0: 705 593 881 297 978 425 345 706 
3	0.0: 722 386 902 272 1051 341 423 583 
3	0.0: 683 529 730 380 891 355 434 660 
3	0.0: 699 473 905 335 980 390 323 864 
3	0.0: 748 710 683 368 911 466 195 864 
3	0.0: 663 659 603 367 998 422 441 592 
3	0.0: 709 536 745 225 889 459 390 737 
3	0.0: 651 496 931 370 827 380 283 756 
3	0.0: 661 520 501 346 1117 440 58 754 
3	0.0: 694 601 498 360 1120 403 474 875 
3	0.0: 659 532 515 335 909 449 240 846 
3	0.0: 703 562 860 471 934 381 292 783 
3	0.0: 742 398 551 376 926 390 443 831 
3	0.0: 648 599 643 386 1046 410 306 859 
0	0.0: 706 524 943 255 934 380 308 482 
3	0.0: 624 566 714 282 889 400 268 848 
3	0.0: 633 493 427 319 951 462 348 990 
3	0.0: 795 511 786 344 978 397 242 742 
3	0.0: 671 458 656 405 924 404 209 752 
3	0.0: 623 609 622 386 870 409 635 806 
3	0.0: 698 462 750 370 1068 354 326 766 
3	0.0: 772 611 757 299 858 356 227 624 
3	0.0: 831 726 925 334 1013 437 238 732 
3	0.0: 654 410 801 380 1069 454 80 770 
3	0.0: 677 577 670 289 1020 400 380 832 
3	0.0: 613 549 498 275 961 360 290 819 
3	0.0: 722 746 688 304 918 436 479 871 
3	0.0: 659 629 365 360 874 389 247 731 
3	0.0: 745 408 577 210 1000 370 296 783 
3	0.0: 753 508 652 345 989 414 252 742 
3	0.0: 614 549 740 311 1122 421 422 682 
3	0.0: 745 697 455 497 942 436 440 828 
3	0.0: 764 575 626 191 998 422 332 867 
3	0.0: 732 550 850 356 929 385 441 791 
3	0.0: 693 376 685 302 917 394 245 843 
3	0.0: 664 580 827 403 889 421 571 656 
3	0.0: 676 619 401 439 951 436 190 654 
3	0.0: 719 653 818 238 954 394 323 719 
3	0.0: 560 507 777 457 999 344 357 545 
3	0.0: 675 454 792 298 989 415 474 845 
3	0.0: 708 630 530 426 1055 448 463 868 
3	0.0: 729 424 769 325 1025 411 318 760 
3	0.0: 762 652 664 238 1027 331 296 782 
3	0.0: 648 459 597 323 993 395 291 614 
3	0.0: 732 514 933 281 940 368 420 759 
3	0.0: 749 465 647 255 1004 340 275 684 
3	0.0: 703 592 661 307 1027 326 227 664 
3	0.0: 685 640 697 286 990 455 350 644 
3	0.0: 716 599 643 326 1059 432 417 628 
3	0.0: 619 649 495 301 1073 400 561 867 
3	0.0: 768 670 462 406 958 419 271 874 
3	0.0: 720 610 799 381 1114 343 404 752 
3	0.0: 749 601 921 302 829 402 299 794 
3	0.0: 642 663 912 297 910 392 222 886 
3	0.0: 631 613 488 209 835 420 221 780 
3	0.0: 728 545 802 325 1003 406 483 716 
3	0.0: 759 545 613 347 910 405 258 701 
3	0.0: 710 467 613 276 991 379 292 740 
3	0.0: 775 615 564 289 864 393 372 820 
3	0.0: 719 622 601 363 934 398 381 683 
3	0.0: 758 664 691 435 878 412 442 812 
3	0.0: 630 624 695 480 972 382 523 688 
3	0.0: 700 648 695 424 962 357 421 836 
3	0.0: 784 539 866 418 1076 403 438 802 
3	0.0: 665 764 550 332 1028 410 237 638 
3	0.0: 677 430 371 294 887 431 480 599 
3	0.0: 772 689 766 242 1026 408 392 840 
3	0.0: 649 634 516 292 999 373 431 869 
3	0.0: 709 626 623 338 890 301 239 570 
3	0.0: 633 674 538 427 826 479 181 709 
3	0.0: 673 695 802 286 1032 370 177 704 
3	0.0: 652 453 566 397 996 459 45 716 
3	0.0: 753 513 945 365 1032 420 381 928 
3	0.0: 589 570 911 375 953 358 289 798 
3	0.0: 697 581 550 365 1023 388 119 713 
3	0.0: 658 686 533 441 1023 452 407 830 
3	0.0: 796 662 635 380 835 428 225 756 
3	0.0: 713 512 757 397 1020 367 162 805 
3	0.0: 582 595 784 431 937 408 501 899 
3	0.0: 714 584 773 351 1015 428 302 820 
3	0.0: 774 630 536 281 918 303 356 697 
3	0.0: 759 546 509 262 1001 429 414 1068 
3	0.0: 632 434 563 248 1009 403 237 633 
3	0.0: 713 493 900 320 873 402 308 751 
3	0.0: 649 662 1057 310 911 379 377 723 
3	0.0: 639 549 701 418 835 402 229 882 
3	0.0: 616 679 707 289 917 358 259 521 
3	0.0: 756 626 700 96 911 398 272 729 
3	0.0: 599 542 529 332 1014 459 131 392 
3	0.0: 725 538 874 401 850 443 222 890 
3	0.0: 740 603 599 243 880 419 376 610 
3	0.0: 697 515 1054 478 957 432 301 739 
3	0.0: 776 489 623 525 885 426 215 830 
3	0.0: 774 787 594 285 989 406 365 908 
3	0.0: 744 627 540 354 1109 428 405 782 
3	0.0: 694 580 579 189 976 451 310 699 
3	0.0: 586 641 685 423 967 328 401 756 
3	0.0: 657 667 681 313 911 430 236 787 
3	0.0: 754 486 813 216 957 416 437 827 
3	0.0: 650 604 671 237 1031 426 405 836 
3	0.0: 694 704 713 286 932 363 446 865 
3	0.0: 788 551 843 320 968 452 390 838 
3	0.0: 732 624 699 303 860 372 304 535 
3	0.0: 671 481 1018 384 1018 427 283 607 
3	0.0: 712 546 746 311 1014 335 515 680 
3	0.0: 615 695 599 187 923 455 605 746 
3	0.0: 753 466 450 412 1043 416 290 585 
3	0.0: 763 509 724 264 982 381 192 798 
3	0.0: 644 618 743 204 872 450 342 769 
3	0.0: 779 591 587 415 943 414 393 844 
3	0.0: 800 485 607 368 947 450 461 844 
3	0.0: 621 632 746 303 1063 391 301 683 
3	0.0: 700 513 683 354 864 403 339 757 
3	0.0: 796 585 697 294 882 355 171 751 
3	0.0: 753 625 653 272 779 352 233 769 
3	0.0: 745 536 803 326 1012 467 445 861 
3	0.0: 688 501 710 300 1071 382 392 705 
3	0.0: 593 521 375 218 1166 398 595 712 
3	0.0: 681 540 607 427 984 425 1 725 
3	0.0: 670 551 825 308 931 413 299 861 
3	0.0: 746 620 849 329 865 359 418 825 
3	0.0: 763 443 738 359 1030 423 411 678 
3	0.0: 686 572 780 369 807 396 323 821 
3	0.0: 716 566 507 385 901 357 414 796 
3	0.0: 706 668 866 357 1032 400 260 964 
3	0.0: 695 584 636 272 1069 348 299 743 
3	0.0: 731 622 593 237 1153 398 79 672 
3	0.0: 719 549 707 394 918 472 137 785 
3	0.0: 663 641 633 369 930 370 432 758 
3	0.0: 695 605 755 382 955 453 451 628 
3	0.0: 733 628 647 390 972 432 141 940 
3	0.0: 659 582 646 345 1016 451 146 757 
3	0.0: 774 518 808 399 1089 391 266 646 
3	0.0: 617 614 873 397 880 389 349 717 
3	0.0: 690 595 618 315 1052 392 320 648 
3	0.0: 694 571 743 314 1050 351 491 622 
3	0.0: 762 582 687 374 1038 351 253 783 
3	0.0: 687 685 761 317 1168 388 207 888 
3	0.0: 769 512 430 375 909 306 91 718 
3	0.0: 647 527 603 209 1015 427 515 831 
3	0.0: 756 537 521 381 943 505 682 700 
3	0.0: 771 574 664 392 1034 427 300 824 
3	0.0: 676 469 666 337 1088 375 268 867 
3	0.0: 679 589 642 348 978 432 221 954 
3	0.0: 811 660 813 495 918 442 236 657 
3	0.0: 613 499 663 409 982 392 368 869 
3	0.0: 692 578 792 298 1077 428 342 701 
3	0.0: 697 520 796 277 1068 397 501 929 
3	0.0: 740 494 659 438 1098 402 427 765 
3	0.0: 754 673 435 393 1056 429 455 633 
3	0.0: 810 573 796 329 1078 433 217 826 
3	0.0: 718 534 306 263 942 424 234 943 
3	0.0: 765 538 763 366 1072 361 305 791 
3	0.0: 596 663 679 336 1008 487 167 862 
3	0.0: 754 669 671 384 953 540 268 767 
3	0.0: 764 618 1017 296 966 375 247 675 
3	0.0: 737 614 623 403 1068 339 200 865 
3	0.0: 724 576 756 382 1084 383 500 865 
3	0.0: 770 566 903 290 921 401 277 947 
3	0.0: 739 614 832 272 1015 418 139 642 
3	0.0: 801 447 675 302 897 439 317 788 
3	0.0: 734 609 791 315 1067 449 190 981 
3	0.0: 700 571 700 406 959 392 224 605 
3	0.0: 637 486 657 364 1075 424 132 749 
3	0.0: 635 580 698 235 1074 388 173 671 
3	0.0: 739 481 584 387 945 347 381 753 
3	0.0: 804 327 605 445 1020 415 300 738 
3	0.0: 869 530 740 349 1102 474 289 885 
3	0.0: 773 538 739 344 1044 410 304 844 
3	0.0: 731 641 610 318 912 437 212 636 
3	0.0: 680 636 748 301 956 412 475 796 
3	0.0: 587 599 847 360 1022 392 569 699 
3	0.0: 565 488 599 375 961 427 568 608 
3	0.0: 772 588 575 412 857 423 476 853 
3	0.0: 696 582 631 366 927 358 242 646 
3	0.0: 671 612 761 415 923 385 294 797 
3	0.0: 656 608 907 298 910 403 368 852 
3	0.0: 644 521 573 157 919 376 221 888 
3	0.0: 684 507 615 183 1016 353 451 908 
3	0.0: 693 472 755 391 1022 406 401 696 
3	0.0: 677 501 839 342 944 325 81 952 
3	0.0: 679 643 642 202 1094 435 223 850 
3	0.0: 700 642 567 320 968 435 371 851 
3	0.0: 787 574 807 226 974 428 68 575 
3	0.0: 582 505 739 286 1043 409 323 802 
3	0.0: 728 599 411 371 927 391 413 932 
3	0.0: 731 547 849 436 1079 381 376 819 
3	0.0: 669 515 690 312 1030 391 364 737 
3	0.0: 705 687 882 395 997 333 195 859 
3	0.0: 576 621 558 269 922 377 203 625 
3	0.0: 722 639 672 324 980 439 454 794 
3	0.0: 739 600 771 304 938 358 439 974 
3	0.0: 635 578 747 304 1017 438 332 864 
3	0.0: 586 589 621 269 990 406 216 753 
3	0.0: 700 826 618 276 927 439 310 828 
3	0.0: 750 448 644 346 1018 335 525 657 
3	0.0: 778 595 556 381 1055 395 231 657 
3	0.0: 780 606 716 392 1028 365 256 702 
3	0.0: 790 540 794 391 845 458 264 930 
3	0.0: 744 449 960 337 1102 336 423 653 
3	0.0: 688 548 507 282 856 430 323 759 
3	0.0: 631 432 666 249 1035 464 345 875 
3	0.0: 770 623 874 346 1017 402 321 719 
3	0.0: 761 537 822 409 751 365 368 837 
3	0.0: 824 582 769 347 987 348 158 826 
3	0.0: 731 701 632 437 795 320 303 928 
3	0.0: 719 570 521 396 966 383 302 877 
3	0.0: 747 501 633 394 1074 409 335 870 
3	0.0: 606 571 631 268 835 402 285 814 
3	0.0: 620 522 474 251 1022 360 377 710 
3	0.0: 650 596 736 353 984 461 320 853 
3	0.0: 710 588 905 388 1024 417 334 752 
3	0.0: 616 567 659 318 985 374 331 690 
3	0.0: 681 607 621 363 1121 393 225 767 
3	0.0: 734 492 519 380 1038 409 395 870 
3	0.0: 722 596 499 354 945 425 128 780 
3	0.0: 638 493 915 389 970 441 415 940 
3	0.0: 733 700 598 391 956 415 216 735 
3	0.0: 683 398 352 274 903 457 550 826 
3	0.0: 787 620 759 349 1074 414 324 615 
3	0.0: 771 614 408 225 838 409 195 645 
3	0.0: 634 562 550 347 986 399 136 691 
3	0.0: 680 549 665 413 1029 431 371 955 
3	0.0: 815 574 777 477 919 382 220 736 
3	0.0: 747 556 862 332 971 418 153 945 
3	0.0: 651 589 792 386 981 439 200 1005 
3	0.0: 703 616 865 480 1028 444 454 840 
3	0.0: 748 539 647 321 1016 374 349 928 
3	0.0: 702 420 583 356 946 384 348 764 
3	0.0: 761 513 819 389 1059 432 224 773 
3	0.0: 775 520 858 465 853 422 187 712 
3	0.0: 768 530 685 432 971 353 506 797 
3	0.0: 641 539 815 384 1021 339 291 926 
3	0.0: 688 769 567 201 924 386 375 607 
3	0.0: 775 631 667 256 873 460 392 806 
3	0.0: 623 545 677 373 990 351 424 792 
3	0.0: 686 584 631 211 927 423 217 683 
3	0.0: 715 644 564 350 973 400 284 751 
3	0.0: 685 391 661 330 914 451 461 648 
3	0.0: 695 604 531 332 1012 448 58 869 
3	0.0: 677 542 858 265 1067 472 201 683 
3	0.0: 610 642 579 403 999 378 408 756 
3	0.0: 702 409 390 300 1084 419 340 656 
3	0.0: 648 662 679 315 940 448 305 699 
3	0.0: 738 495 849 300 946 435 432 740 
3	0.0: 706 529 928 377 1106 370 1 674 
3	0.0: 694 566 694 246 1016 438 441 807 
3	0.0: 753 451 723 356 867 325 181 895 
3	0.0: 775 682 648 428 1102 447 457 883 
3	0.0: 667 569 953 325 1040 393 465 894 
3	0.0: 632 492 813 395 830 363 436 767 
3	0.0: 756 677 684 193 988 402 78 747 
3	0.0: 685 690 591 409 1092 411 69 853 
3	0.0: 644 544 606 343 957 370 351 801 
3	0.0: 679 621 646 310 836 359 230 707 
3	0.0: 686 507 1039 379 875 435 212 888 
3	0.0: 621 586 517 325 1138 353 551 881 
3	0.0: 923 651 667 247 918 426 95 725 
3	0.0: 600 753 583 283 907 316 193 730 
3	0.0: 721 657 575 416 968 329 427 904 
3	0.0: 798 550 911 420 1139 360 222 829 
3	0.0: 716 627 737 342 1070 472 392 819 
3	0.0: 553 561 695 305 906 416 419 621 
3	0.0: 737 381 765 310 976 417 166 571 
3	0.0: 696 603 742 320 824 361 200 949 
3	0.0: 607 703 795 389 999 427 233 736 
3	0.0: 784 487 751 354 897 382 485 926 
3	0.0: 744 613 393 342 972 364 299 1075 
3	0.0: 787 479 743 376 1054 390 447 706 
3	0.0: 677 636 736 337 1016 393 441 721 
3	0.0: 719 565 807 252 931 391 122 737 
3	0.0: 687 500 741 292 878 489 390 823 
3	0.0: 683 690 553 366 880 471 139 786 
3	0.0: 696 537 423 357 924 413 430 705 
3	0.0: 613 494 630 503 1038 331 227 965 
3	0.0: 638 569 654 337 1066 398 336 708 
3	0.0: 779 661 749 373 787 400 361 840 
3	0.0: 692 675 770 429 937 441 235 718 
3	0.0: 675 655 683 374 894 421 287 587 
3	0.0: 693 437 767 429 1029 436 243 852 
3	0.0: 688 512 679 400 921 461 328 828 
3	0.0: 718 607 711 400 916 391 312 588 
3	0.0: 677 395 801 333 995 393 225 694 
3	0.0: 711 532 475 308 1030 341 315 500 
3	0.0: 715 524 668 302 899 393 404 753 
3	0.0: 641 550 754 418 1147 477 416 662 
3	0.0: 733 562 601 405 957 388 365 710 
3	0.0: 694 432 635 319 789 364 149 979 
3	0.0: 744 499 461 299 994 420 353 862 
3	0.0: 694 456 791 445 951 354 229 743 
3	0.0: 681 537 736 335 897 385 291 933 
3	0.0: 624 505 622 351 978 393 358 906 
3	0.0: 670 599 769 250 987 333 507 909 
3	0.0: 617 640 427 394 912 360 363 751 
3	0.0: 734 481 639 378 968 394 293 602 
3	0.0: 741 633 443 365 940 372 332 903 
3	0.0: 655 523 804 357 978 467 126 806 
3	0.0: 729 658 463 310 1020 351 493 769 
3	0.0: 694 667 505 320 940 421 97 778 
3	0.0: 718 521 610 243 935 425 417 853 
3	0.0: 732 519 1043 403 911 428 223 756 
3	0.0: 677 653 514 369 959 513 314 801 
3	0.0: 658 493 629 388 1045 464 189 790 
3	0.0: 621 461 578 326 966 453 354 1067 
3	0.0: 716 575 626 317 873 352 80 834 
3	0.0: 790 656 710 294 1038 426 590 555 
3	0.0: 574 596 816 345 1002 374 336 666 
3	0.0: 766 540 875 387 861 363 349 832 
3	0.0: 781 442 768 486 1057 426 580 677 
3	0.0: 583 556 665 337 861 419 163 655 
3	0.0: 661 507 632 354 1025 371 207 899 
3	0.0: 707 715 517 358 949 439 224 724 
3	0.0: 644 565 749 339 1063 376 345 860 
3	0.0: 717 627 694 451 997 396 451 849 
3	0.0: 700 532 627 282 1132 402 307 711 
3	0.0: 686 527 529 305 1056 428 444 807 
3	0.0: 698 506 752 278 1147 364 433 830 
3	0.0: 643 656 820 348 872 375 505 626 
3	0.0: 723 511 809 321 913 364 300 628 
3	0.0: 700 610 570 257 993 407 399 672 
3	0.0: 701 657 869 283 914 366 437 669 
3	0.0: 636 627 538 326 913 387 268 705 
3	0.0: 805 739 587 251 860 425 73 671 
3	0.0: 702 541 661 364 868 407 213 786 
3	0.0: 653 596 758 315 935 318 438 624 
3	0.0: 722 633 859 338 880 396 266 812 
3	0.0: 644 555 784 399 1032 417 488 903 
3	0.0: 716 498 480 455 1027 377 226 676 
3	0.0: 751 566 657 215 796 403 237 727 
3	0.0: 722 641 661 388 1045 395 371 804 
3	0.0: 720 572 847 388 940 341 418 783 
3	0.0: 875 446 679 496 1036 426 156 878 
3	0.0: 729 548 785 187 901 381 224 709 
3	0.0: 668 568 708 345 1025 447 396 563 
3	0.0: 607 651 671 267 980 380 236 794 
3	0.0: 606 345 861 391 1084 375 298 821 
3	0.0: 681 585 773 271 877 364 492 617 
3	0.0: 679 515 743 311 943 417 203 788 
3	0.0: 761 485 726 293 931 425 288 714 
3	0.0: 805 699 344 329 1018 407 108 856 
3	0.0: 605 708 635 287 955 482 553 757 
3	0.0: 611 618 603 411 923 390 426 840 
3	0.0: 712 502 743 400 1018 357 230 661 
3	0.0: 762 456 683 353 944 371 277 693 
3	0.0: 694 638 740 360 1069 428 280 996 
3	0.0: 634 476 560 432 1045 379 486 658 
3	0.0: 633 619 852 338 977 449 281 764 
3	0.0: 617 529 961 251 918 385 119 869 
3	0.0: 693 453 710 328 970 324 518 1048 
3	0.0: 578 565 697 262 998 337 223 879 
3	0.0: 565 505 932 378 1062 456 413 760 
3	0.0: 696 583 973 245 1039 418 377 718 
3	0.0: 684 555 686 326 995 403 243 843 
3	0.0: 697 377 806 273 974 376 354 742 
3	0.0: 755 636 509 324 881 398 134 890 
3	0.0: 671 363 702 247 1155 450 429 608 
3	0.0: 810 692 811 351 847 411 175 699 
3	0.0: 674 540 757 341 933 399 206 849 
3	0.0: 742 650 537 376 961 407 195 576 
3	0.0: 655 702 512 422 1052 443 395 814 
3	0.0: 768 497 782 384 911 452 636 683 
3	0.0: 832 614 538 299 976 449 346 643 
1	0.0: 747 568 193 362 952 375 461 502 
3	0.0: 686 510 646 355 1143 333 85 924 
3	0.0: 739 534 612 455 938 352 257 799 
3	0.0: 735 663 899 221 995 359 22 640 
3	0.0: 726 548 991 471 998 388 523 826 
3	0.0: 786 568 867 239 961 421 348 693 
3	0.0: 663 525 809 362 995 419 483 855 
3	0.0: 673 462 764 376 1041 438 451 761 
3	0.0: 681 442 394 332 928 395 398 864 
3	0.0: 783 626 992 331 909 370 403 682 
3	0.0: 699 629 511 421 897 306 222 930 
3	0.0: 616 457 672 313 961 348 328 880 
3	0.0: 739 615 469 305 1044 376 472 708 
3	0.0: 736 465 857 261 1065 380 475 711 
3	0.0: 677 533 745 264 949 434 253 931 
3	0.0: 594 313 468 245 944 381 183 696 
3	0.0: 673 445 672 361 1099 452 330 800 
3	0.0: 755 529 922 443 970 425 229 585 
3	0.0: 630 581 899 459 923 393 145 669 
3	0.0: 699 385 734 272 807 405 267 683 
3	0.0: 691 583 732 381 1026 343 211 602 
3	0.0: 739 574 572 343 880 447 446 669 
3	0.0: 734 459 568 392 950 418 492 755 
3	0.0: 680 609 576 336 1057 381 293 821 
3	0.0: 787 593 518 358 1001 407 272 958 
3	0.0: 798 563 528 284 1086 382 488 916 
3	0.0: 749 463 982 445 895 428 453 743 
3	0.0: 829 601 838 338 872 405 308 923 
3	0.0: 680 561 558 389 905 351 259 623 
3	0.0: 789 633 737 293 951 450 412 846 
3	0.0: 780 471 689 287 1072 356 482 708 
3	0.0: 666 593 713 413 1063 446 1 951 
3	0.0: 676 638 486 391 896 412 206 620 
3	0.0: 654 572 708 414 898 382 364 543 
3	0.0: 697 641 590 362 860 398 207 924 
3	0.0: 701 563 752 326 1053 440 322 742 
3	0.0: 675 516 742 276 1019 350 344 823 
3	0.0: 735 404 605 235 909 375 225 760 
3	0.0: 770 449 691 413 812 400 408 806 
3	0.0: 751 616 583 289 1126 370 354 676 
3	0.0: 731 624 802 374 1125 381 279 775 
3	0.0: 761 516 645 366 924 438 380 726 
3	0.0: 740 594 823 237 986 360 161 1009 
3	0.0: 725 632 590 311 937 390 184 695 
3	0.0: 734 553 839 362 935 390 262 805 
3	0.0: 699 677 358 299 980 396 301 633 
3	0.0: 687 641 939 386 1105 458 372 921 
3	0.0: 738 460 678 270 942 393 199 926 
3	0.0: 680 580 574 312 978 461 354 954 
3	0.0: 675 555 584 419 812 365 393 892 
3	0.0: 744 503 698 257 1059 351 328 831 
3	0.0: 877 510 643 410 1062 438 617 704 
3	0.0: 725 501 775 272 1059 409 243 920 
3	0.0: 658 571 567 422 994 327 336 816 
3	0.0: 756 642 430 296 910 429 277 746 
3	0.0: 606 510 777 486 967 417 475 599 
3	0.0: 706 374 722 333 923 372 356 896 
3	0.0: 764 664 867 400 977 347 360 701 
3	0.0: 777 757 780 324 956 427 309 582 
3	0.0: 638 516 854 278 1188 346 381 792 
3	0.0: 693 471 736 394 1012 411 362 721 
3	0.0: 635 485 597 358 887 422 366 661 
3	0.0: 696 548 738 400 935 353 375 754 
3	0.0: 699 501 663 319 994 406 367 728 
3	0.0: 674 591 613 358 963 380 338 802 
3	0.0: 756 462 886 415 1056 471 438 907 
3	0.0: 796 699 636 385 851 402 169 852 
3	0.0: 772 653 443 473 1034 394 133 647 
3	0.0: 755 617 526 345 955 437 447 843 
3	0.0: 785 655 732 442 864 402 363 835 
3	0.0: 733 508 905 369 927 470 298 748 
3	0.0: 711 643 675 343 1036 366 190 714 
3	0.0: 636 579 610 368 1149 419 308 786 
3	0.0: 745 632 687 308 894 382 528 598 
3	0.0: 753 650 704 229 954 370 339 776 
3	0.0: 767 602 835 223 1018 414 266 727 
3	0.0: 691 609 536 314 892 381 514 866 
3	0.0: 616 720 511 350 992 314 421 718 
3	0.0: 704 599 527 354 956 375 363 724 
3	0.0: 752 527 579 432 839 386 314 805 
3	0.0: 752 529 814 360 948 364 287 858 
3	0.0: 695 564 808 344 938 400 433 630 
3	0.0: 698 598 817 455 1042 394 416 592 
3	0.0: 726 548 681 335 961 432 455 869 
3	0.0: 703 562 567 467 912 397 278 812 
3	0.0: 784 790 630 259 1016 361 264 750 
3	0.0: 747 487 736 380 902 359 113 827 
3	0.0: 744 516 681 460 939 339 425 875 
3	0.0: 654 699 795 347 919 414 301 960 
3	0.0: 676 502 590 398 1007 396 289 777 
3	0.0: 619 517 847 329 1015 393 437 759 
3	0.0: 760 526 676 337 1020 398 244 732 
3	0.0: 654 597 660 414 803 377 404 781 
3	0.0: 589 663 760 275 945 357 273 868 
3	0.0: 704 531 635 289 987 428 452 759 
3	0.0: 727 452 749 449 1010 406 292 857 
3	0.0: 752 557 599 327 919 397 458 656 
3	0.0: 742 592 725 288 1068 405 328 764 
3	0.0: 794 544 654 244 902 389 370 639 
3	0.0: 676 600 632 340 928 395 313 851 
3	0.0: 648 614 933 263 1059 428 189 718 
3	0.0: 747 642 731 325 1103 414 340 844 
3	0.0: 751 773 513 433 899 342 153 820 
3	0.0: 513 651 676 433 1018 291 470 618 
3	0.0: 764 516 586 407 1111 367 129 732 
3	0.0: 767 483 706 422 999 372 216 746 
3	0.0: 698 558 845 319 1017 386 286 738 
3	0.0: 606 625 760 429 1050 359 384 747 
3	0.0: 697 520 665 359 908 393 150 787 
3	0.0: 739 492 752 417 908 344 236 594 
3	0.0: 723 521 744 326 965 433 111 479 
3	0.0: 739 475 530 518 978 385 418 833 
3	0.0: 621 597 684 324 976 363 223 948 
3	0.0: 813 626 774 219 1013 423 285 598 
3	0.0: 706 574 566 370 1037 459 348 835 
3	0.0: 760 486 564 316 875 420 157 584 
3	0.0: 799 639 934 335 993 398 235 696 
3	0.0: 748 594 530 371 998 373 141 735 
3	0.0: 736 523 555 386 996 378 332 854 
3	0.0: 596 670 561 277 938 389 1 794 
3	0.0: 753 546 891 346 971 404 360 716 
3	0.0: 643 470 665 265 988 380 356 664 
3	0.0: 595 652 751 342 1025 299 516 814 
3	0.0: 663 519 458 345 972 471 282 760 
3	0.0: 617 675 716 382 1002 398 231 746 
3	0.0: 694 540 666 438 985 413 437 816 
3	0.0: 686 530 445 224 859 374 369 786 
3	0.0: 688 524 623 439 1055 357 393 874 
3	0.0: 596 585 453 359 808 409 31 860 
3	0.0: 623 400 656 352 1020 380 338 793 
3	0.0: 684 503 912 320 1039 420 353 837 
3	0.0: 659 512 543 395 977 403 445 967 
3	0.0: 688 630 458 300 960 417 333 774 
3	0.0: 644 280 785 382 981 351 221 844 
3	0.0: 853 662 733 279 909 388 307 793 
3	0.0: 725 550 695 337 945 364 307 867 
3	0.0: 654 571 678 354 986 303 527 792 
3	0.0: 809 584 747 309 977 441 302 837 
3	0.0: 691 420 486 378 967 404 226 859 
3	0.0: 720 779 786 290 1091 404 368 686 
3	0.0: 804 515 653 392 906 330 279 792 
3	0.0: 654 564 666 305 968 375 208 851 
3	0.0: 613 588 655 259 1121 390 262 884 
3	0.0: 657 741 596 245 1004 424 474 808 
3	0.0: 708 675 680 276 887 479 659 768 
3	0.0: 767 536 946 330 868 360 460 712 
3	0.0: 717 460 655 138 1043 342 336 920 
3	0.0: 717 517 469 340 1017 430 319 810 
3	0.0: 626 618 657 381 1023 432 321 955 
3	0.0: 622 459 501 424 887 399 272 970 
3	0.0: 683 600 897 238 970 445 302 661 
3	0.0: 694 429 638 447 822 375 319 605 
3	0.0: 662 525 837 278 897 379 293 708 
3	0.0: 855 566 730 351 1049 401 206 771 
3	0.0: 676 566 347 265 1092 330 202 758 
3	0.0: 644 471 798 326 950 399 414 633 
3	0.0: 719 493 755 232 1060 393 258 673 
3	0.0: 655 587 839 359 1013 367 464 783 
3	0.0: 637 648 539 325 1044 427 388 704 
3	0.0: 632 644 496 332 1017 350 263 805 
3	0.0: 717 629 766 425 918 370 393 626 
3	0.0: 598 610 673 304 839 440 447 771 
3	0.0: 787 436 704 343 1013 474 251 727 
3	0.0: 701 509 781 392 873 369 132 712 
3	0.0: 712 527 849 380 837 521 311 682 
3	0.0: 661 492 632 437 982 333 222 526 
3	0.0: 656 714 765 258 1099 428 289 825 
3	0.0: 817 582 565 337 958 437 120 699 
3	0.0: 707 580 491 416 919 391 59 846 
3	0.0: 675 600 583 288 785 402 298 655 
3	0.0: 629 663 867 339 948 440 364 748 
3	0.0: 685 606 779 392 881 456 588 881 
3	0.0: 697 638 546 275 1098 428 196 833 
3	0.0: 648 624 442 288 1011 354 217 784 
3	0.0: 737 484 660 203 1142 403 194 743 
3	0.0: 636 649 644 261 967 368 254 961 
3	0.0: 573 709 800 312 1037 368 275 661 
3	0.0: 703 490 740 377 921 342 440 648 
3	0.0: 754 708 557 425 869 393 473 852 
3	0.0: 755 522 611 272 891 368 233 683 
3	0.0: 643 632 637 407 899 441 266 831 
3	0.0: 717 579 418 198 986 440 302 909 
3	0.0: 755 521 637 344 980 379 198 655 
3	0.0: 702 522 614 239 818 366 545 861 
3	0.0: 662 676 647 123 1010 364 213 778 
3	0.0: 754 425 556 337 914 383 212 824 
3	0.0: 722 472 441 305 862 344 496 783 
3	0.0: 600 378 632 352 1042 305 444 584 
3	0.0: 762 499 644 345 942 413 408 803 
3	0.0: 698 423 774 393 999 334 268 522 
3	0.0: 635 656 636 354 897 422 392 947 
3	0.0: 764 438 824 340 940 396 228 795 
