2	0.0: 363 888 696 997 37 963 828 339 
2	0.0: 1 876 383 969 4 1128 745 181 
2	0.0: 279 898 684 720 95 814 696 1 
2	0.0: 101 852 594 866 53 907 959 508 
2	0.0: 152 813 612 830 51 1056 806 1 
2	0.0: 297 846 912 946 49 893 544 1 
2	0.0: 144 939 557 930 96 1015 432 107 
2	0.0: 1 846 702 850 67 970 815 172 
2	0.0: 87 875 721 809 74 890 613 128 
2	0.0: 444 818 370 913 84 863 936 1 
2	0.0: 86 855 938 837 69 942 823 151 
2	0.0: 268 866 406 1047 58 918 930 229 
2	0.0: 225 890 625 901 63 1004 853 1 
2	0.0: 1 842 610 879 23 823 927 149 
2	0.0: 238 831 791 740 17 879 1151 1 
2	0.0: 14 859 675 904 99 891 636 146 
2	0.0: 395 935 455 872 76 902 966 323 
2	0.0: 425 988 716 710 56 788 887 287 
2	0.0: 199 879 738 796 28 932 1016 124 
2	0.0: 231 825 794 936 59 795 750 119 
2	0.0: 539 861 790 962 74 884 654 43 
2	0.0: 267 871 592 888 10 799 1022 377 
2	0.0: 237 938 812 897 28 799 763 1 
2	0.0: 273 853 562 925 18 829 930 24 
2	0.0: 51 812 1067 998 90 805 956 1 
2	0.0: 141 840 498 906 83 919 883 1 
2	0.0: 216 836 329 1030 57 865 949 1 
2	0.0: 235 839 616 854 16 781 700 185 
2	0.0: 260 865 690 803 11 843 619 1 
2	0.0: 297 848 724 967 69 913 1006 121 
2	0.0: 159 836 629 817 34 1041 605 70 
2	0.0: 396 843 330 673 11 834 964 86 
2	0.0: 100 824 393 852 58 832 788 60 
2	0.0: 291 891 635 719 11 767 758 1 
2	0.0: 322 829 206 999 40 861 1020 190 
2	0.0: 231 905 567 850 96 1016 940 1 
2	0.0: 1 925 443 830 54 939 971 78 
2	0.0: 347 812 650 906 24 880 811 590 
2	0.0: 141 930 467 1150 81 996 740 147 
2	0.0: 408 907 772 762 24 913 766 1 
2	0.0: 218 843 975 807 5 921 956 1 
2	0.0: 20 862 650 968 79 933 917 12 
2	0.0: 146 765 340 1100 22 993 1130 142 
2	0.0: 35 792 717 936 51 886 761 1 
2	0.0: 490 824 687 819 72 891 932 134 
2	0.0: 123 896 618 1050 37 932 983 1 
2	0.0: 140 819 579 1001 114 985 1180 325 
2	0.0: 247 896 892 768 56 1005 995 73 
2	0.0: 302 921 470 933 31 783 763 274 
2	0.0: 51 816 560 843 83 972 825 268 
2	0.0: 1 943 639 924 30 1070 930 498 
2	0.0: 1 812 500 956 42 927 508 49 
2	0.0: 250 810 799 1016 27 899 624 77 
2	0.0: 214 891 938 891 79 827 966 179 
2	0.0: 82 901 435 949 36 978 873 1 
2	0.0: 159 828 711 848 40 923 754 1 
2	0.0: 164 913 576 943 62 1020 1218 1 
2	0.0: 189 857 909 720 69 849 1002 1 
2	0.0: 168 881 397 1034 74 929 872 1 
2	0.0: 262 852 563 958 41 919 489 284 
2	0.0: 339 853 610 911 1 1012 823 258 
2	0.0: 1 882 707 827 1 700 629 1 
2	0.0: 98 912 282 826 48 889 699 220 
2	0.0: 178 867 648 978 80 990 1164 161 
2	0.0: 7 839 609 827 17 932 963 65 
2	0.0: 1 769 650 721 126 893 785 1 
2	0.0: 1 849 649 901 96 972 658 277 
2	0.0: 326 916 643 768 62 949 933 296 
2	0.0: 75 903 917 864 80 959 863 1 
2	0.0: 1 841 361 907 56 917 1049 54 
2	0.0: 1 789 594 886 38 968 1060 52 
2	0.0: 360 817 491 712 14 853 389 356 
2	0.0: 7 876 862 983 18 786 652 524 
2	0.0: 9 886 333 793 33 869 689 120 
2	0.0: 1 907 823 1014 43 867 739 106 
2	0.0: 246 838 652 905 32 902 807 1 
2	0.0: 1 867 497 781 36 898 761 1 
2	0.0: 194 874 385 1143 1 978 745 253 
2	0.0: 157 887 701 1112 4 778 941 4 
2	0.0: 166 866 920 967 1 858 871 43 
2	0.0: 432 845 489 772 39 814 798 201 
2	0.0: 96 852 648 763 26 976 796 1 
2	0.0: 75 927 734 867 1 876 892 203 
2	0.0: 73 863 617 1002 98 898 957 238 
2	0.0: 1 852 830 799 1 936 900 177 
2	0.0: 232 870 749 796 33 763 602 1 
2	0.0: 363 840 867 623 78 970 1044 5 
2	0.0: 52 820 441 789 20 928 929 209 
2	0.0: 240 827 897 799 100 787 989 1 
2	0.0: 334 925 923 727 1 763 811 1 
2	0.0: 264 906 543 970 1 855 807 1 
2	0.0: 475 797 525 874 87 833 720 139 
2	0.0: 317 942 367 900 64 1034 956 133 
2	0.0: 347 843 285 981 76 824 867 341 
2	0.0: 1 871 902 967 30 902 1362 36 
2	0.0: 17 852 53 1113 52 883 806 161 
2	0.0: 79 934 583 818 13 889 580 48 
2	0.0: 145 820 491 1072 8 874 1140 31 
2	0.0: 37 868 707 856 46 948 896 71 
2	0.0: 130 884 728 903 9 1080 732 60 
2	0.0: 63 832 546 832 18 845 827 25 
2	0.0: 28 833 838 797 34 872 994 399 
2	0.0: 260 907 347 768 57 939 891 1 
2	0.0: 1 750 780 773 14 787 782 1 
2	0.0: 240 861 551 688 63 898 846 77 
2	0.0: 608 765 563 882 59 839 1028 39 
2	0.0: 101 885 1168 855 8 879 798 66 
2	0.0: 1 865 598 892 66 861 597 1 
2	0.0: 253 868 604 1005 1 830 888 279 
2	0.0: 107 911 543 924 3 826 768 128 
2	0.0: 135 785 309 916 26 838 720 166 
2	0.0: 185 899 392 758 59 710 833 222 
2	0.0: 68 838 326 984 67 942 866 1 
2	0.0: 567 851 683 1133 86 766 790 392 
2	0.0: 1 800 424 965 21 989 770 1 
2	0.0: 1 848 679 757 79 950 1021 1 
2	0.0: 55 856 306 1060 1 1044 623 90 
2	0.0: 107 815 750 922 55 746 675 1 
2	0.0: 134 896 460 969 49 837 915 221 
2	0.0: 308 890 871 1022 8 912 1025 272 
2	0.0: 236 851 729 931 65 945 990 118 
2	0.0: 162 824 517 606 35 774 489 1 
2	0.0: 323 807 961 886 73 837 562 1 
2	0.0: 265 889 838 854 114 800 1008 313 
2	0.0: 478 902 287 810 39 1045 720 1 
2	0.0: 1 843 475 1001 58 987 707 59 
2	0.0: 300 891 559 943 25 864 835 1 
2	0.0: 370 959 632 888 69 982 860 403 
2	0.0: 193 851 611 778 75 888 839 296 
2	0.0: 105 818 480 834 9 997 766 1 
2	0.0: 24 849 541 819 1 900 755 1 
2	0.0: 196 832 912 901 1 773 879 1 
2	0.0: 126 858 384 768 36 971 777 113 
2	0.0: 82 776 372 874 45 728 1097 1 
2	0.0: 277 860 379 911 75 927 709 92 
2	0.0: 243 851 529 911 51 839 875 1 
2	0.0: 81 872 514 728 35 906 570 1 
2	0.0: 242 785 334 977 62 797 1070 223 
2	0.0: 303 965 150 662 1 993 994 1 
2	0.0: 245 867 505 949 96 1026 894 1 
2	0.0: 1 913 754 846 11 919 1241 88 
2	0.0: 380 891 603 600 73 933 1006 535 
2	0.0: 59 895 511 918 48 864 952 135 
2	0.0: 61 898 716 585 43 910 902 149 
2	0.0: 60 872 222 928 43 964 603 63 
2	0.0: 91 936 608 1133 58 994 795 1 
2	0.0: 174 836 537 768 36 1077 788 40 
2	0.0: 85 879 764 883 38 842 1108 318 
2	0.0: 163 808 626 769 20 859 1067 1 
2	0.0: 239 883 370 853 104 884 668 174 
2	0.0: 309 928 560 1002 43 769 1131 302 
2	0.0: 25 798 421 1140 1 878 852 296 
2	0.0: 313 887 752 1110 62 904 805 460 
2	0.0: 384 945 660 695 1 898 995 1 
2	0.0: 82 889 345 852 1 840 824 1 
2	0.0: 102 938 327 858 59 752 1130 1 
2	0.0: 125 932 716 736 45 810 754 1 
2	0.0: 56 835 846 1003 59 903 1031 1 
2	0.0: 172 906 870 1018 61 965 613 111 
2	0.0: 1 841 837 769 57 943 1014 398 
2	0.0: 168 939 698 932 27 1016 961 132 
2	0.0: 322 795 475 751 29 962 953 1 
2	0.0: 343 810 355 880 28 835 1093 1 
2	0.0: 1 897 928 895 46 849 709 1 
2	0.0: 1 886 338 791 53 797 839 1 
2	0.0: 472 868 626 876 59 783 849 178 
2	0.0: 1 789 723 804 43 877 1073 522 
2	0.0: 253 828 502 870 48 880 1088 160 
2	0.0: 422 961 575 997 47 938 910 582 
2	0.0: 168 876 873 944 29 890 848 465 
2	0.0: 259 836 915 869 1 940 708 306 
2	0.0: 299 797 349 932 32 788 909 384 
2	0.0: 1 900 660 874 84 897 623 1 
2	0.0: 433 847 463 809 53 778 817 223 
2	0.0: 174 825 953 1004 57 918 977 85 
2	0.0: 1 847 372 993 28 887 881 97 
2	0.0: 390 863 607 814 82 794 1004 62 
2	0.0: 228 848 727 1030 90 946 454 1 
2	0.0: 222 842 596 825 96 933 840 191 
2	0.0: 1 890 680 858 69 1045 824 100 
2	0.0: 392 820 654 895 90 900 613 252 
2	0.0: 331 873 375 816 69 827 620 190 
2	0.0: 367 754 552 1031 72 1028 844 77 
2	0.0: 337 835 701 1118 46 907 963 1 
2	0.0: 174 897 210 985 77 953 806 81 
2	0.0: 260 771 436 887 6 935 978 1 
2	0.0: 1 871 546 961 1 937 1018 1 
2	0.0: 47 804 663 1057 21 814 820 1 
2	0.0: 232 845 621 1017 4 950 1078 321 
2	0.0: 277 802 611 1043 42 857 1089 1 
2	0.0: 250 912 232 1005 70 871 933 158 
2	0.0: 276 889 63 1135 76 917 1098 420 
2	0.0: 221 957 740 798 67 692 851 1 
2	0.0: 229 823 413 932 90 845 773 1 
2	0.0: 1 897 635 804 28 907 991 190 
2	0.0: 167 884 509 919 70 1048 668 123 
2	0.0: 1 930 621 968 122 859 1254 1 
2	0.0: 476 815 621 819 1 913 1164 1 
2	0.0: 393 846 495 822 65 946 660 136 
2	0.0: 1 953 480 765 70 849 833 153 
2	0.0: 320 830 577 980 5 851 979 75 
2	0.0: 1 890 376 715 133 1008 781 11 
2	0.0: 289 784 636 900 84 791 891 1 
2	0.0: 370 867 782 966 18 896 598 55 
2	0.0: 200 801 458 761 65 787 891 315 
2	0.0: 122 942 809 881 32 687 908 173 
2	0.0: 218 879 570 1002 45 966 703 36 
2	0.0: 585 806 669 892 41 1027 643 561 
2	0.0: 102 919 762 684 58 948 970 371 
2	0.0: 733 849 295 865 28 789 596 277 
2	0.0: 244 894 633 851 101 852 1000 107 
2	0.0: 3 814 362 1054 23 798 742 1 
2	0.0: 247 857 776 824 33 774 932 1 
2	0.0: 279 917 479 908 50 726 578 1 
2	0.0: 360 849 496 984 67 984 813 29 
2	0.0: 317 844 406 1147 110 837 617 102 
2	0.0: 586 878 681 592 102 962 851 214 
2	0.0: 424 768 590 810 38 797 750 1 
2	0.0: 411 882 356 853 76 835 1115 1 
2	0.0: 463 853 579 1012 45 933 710 230 
2	0.0: 546 792 780 928 26 966 876 10 
2	0.0: 43 773 271 923 65 897 1047 225 
2	0.0: 307 831 754 926 1 1047 946 134 
2	0.0: 294 868 822 994 46 895 1237 1 
2	0.0: 135 868 356 801 62 983 745 144 
2	0.0: 83 906 724 775 3 939 785 217 
2	0.0: 36 971 519 921 77 800 958 138 
2	0.0: 1 854 850 712 49 912 794 149 
2	0.0: 330 778 357 899 1 960 713 13 
2	0.0: 453 896 940 866 81 883 972 1 
2	0.0: 81 888 480 825 44 761 626 1 
2	0.0: 263 864 584 692 38 880 733 236 
2	0.0: 655 894 594 866 48 789 785 189 
2	0.0: 515 817 566 930 82 885 872 372 
2	0.0: 375 890 561 955 107 850 592 126 
2	0.0: 19 784 603 854 45 950 1094 1 
2	0.0: 399 811 593 962 50 884 910 182 
2	0.0: 163 863 427 943 53 930 837 1 
2	0.0: 327 845 720 1002 76 874 887 1 
2	0.0: 115 894 797 862 56 857 806 1 
2	0.0: 113 831 795 1027 54 807 645 157 
2	0.0: 127 846 551 755 65 876 273 178 
2	0.0: 1 844 339 907 12 896 1172 159 
2	0.0: 173 900 468 817 42 816 839 25 
2	0.0: 587 827 652 866 98 880 812 61 
2	0.0: 72 844 343 952 39 997 804 199 
2	0.0: 132 882 404 837 59 951 715 86 
2	0.0: 125 926 424 921 49 872 546 143 
2	0.0: 402 939 649 798 50 804 630 89 
2	0.0: 339 829 295 899 43 927 949 152 
2	0.0: 200 854 402 753 10 1041 1157 9 
2	0.0: 252 836 579 773 73 802 706 441 
2	0.0: 1 882 649 1037 117 921 836 77 
2	0.0: 194 828 172 838 93 812 658 361 
2	0.0: 402 867 406 858 79 866 725 296 
2	0.0: 1 793 440 884 58 912 930 69 
2	0.0: 322 857 359 1083 70 952 990 1 
2	0.0: 1 790 727 834 1 897 788 1 
2	0.0: 3 889 582 820 1 1070 1014 1 
2	0.0: 356 870 420 1144 81 810 920 201 
2	0.0: 1 944 585 786 57 872 877 1 
2	0.0: 218 866 743 710 9 787 768 157 
2	0.0: 1 893 1021 976 43 749 639 1 
2	0.0: 229 821 796 953 51 873 1319 54 
2	0.0: 391 873 783 902 65 895 442 151 
2	0.0: 421 929 824 970 39 882 1007 3 
2	0.0: 288 837 136 1017 37 879 712 1 
2	0.0: 107 890 584 869 45 1006 407 1 
2	0.0: 239 822 714 815 48 959 825 1 
2	0.0: 78 911 456 981 1 896 862 154 
2	0.0: 317 844 717 798 80 875 1154 85 
2	0.0: 227 860 396 851 53 1055 791 118 
2	0.0: 170 896 560 908 87 923 1239 283 
2	0.0: 220 868 528 1004 86 881 871 1 
2	0.0: 11 809 599 804 55 973 1002 228 
2	0.0: 286 925 312 723 26 908 871 1 
2	0.0: 407 919 717 859 66 896 910 384 
2	0.0: 251 826 505 1023 18 779 803 212 
2	0.0: 13 904 469 959 58 931 857 52 
2	0.0: 71 934 700 736 52 958 958 19 
2	0.0: 1 888 527 823 16 784 827 153 
2	0.0: 148 927 569 813 59 824 908 154 
2	0.0: 8 703 299 973 11 990 655 243 
2	0.0: 70 929 548 1010 72 811 824 323 
2	0.0: 11 910 926 1104 57 964 936 108 
2	0.0: 1 914 532 856 1 922 499 2 
2	0.0: 112 867 745 1027 1 875 868 1 
2	0.0: 19 820 415 1023 59 858 980 1 
2	0.0: 214 844 232 815 9 885 890 225 
2	0.0: 51 920 305 766 22 905 793 241 
2	0.0: 377 823 741 976 83 1073 694 1 
2	0.0: 338 904 704 846 61 1001 626 56 
2	0.0: 197 916 754 826 68 923 683 89 
2	0.0: 256 907 364 1136 93 832 743 1 
2	0.0: 367 774 300 704 50 882 1024 320 
2	0.0: 396 843 760 762 57 1029 871 1 
2	0.0: 1 846 505 754 30 875 767 1 
2	0.0: 293 911 768 854 58 763 833 90 
2	0.0: 135 850 692 905 97 916 785 242 
2	0.0: 6 852 373 864 45 965 791 1 
2	0.0: 326 891 346 858 1 852 990 106 
2	0.0: 1 811 625 851 52 933 798 1 
2	0.0: 246 878 448 1029 49 987 937 1 
2	0.0: 270 877 352 913 74 740 1102 1 
2	0.0: 295 846 740 899 27 965 1031 77 
2	0.0: 167 848 490 860 77 746 744 1 
2	0.0: 89 879 499 887 82 777 635 1 
2	0.0: 1 869 840 853 12 966 640 142 
2	0.0: 1 853 959 1149 103 986 1103 331 
2	0.0: 1 773 653 829 26 896 962 1 
2	0.0: 396 915 778 811 16 966 820 112 
2	0.0: 332 793 619 1043 1 966 999 1 
2	0.0: 115 905 875 828 36 759 920 191 
2	0.0: 1 874 545 877 1 868 653 273 
2	0.0: 1 829 730 840 51 936 1178 1 
2	0.0: 126 857 659 994 53 811 846 1 
2	0.0: 492 852 925 968 42 859 1167 44 
2	0.0: 356 878 520 866 94 651 713 1 
2	0.0: 243 851 722 901 79 997 1060 1 
2	0.0: 436 831 667 886 89 818 969 109 
2	0.0: 549 831 457 891 17 795 399 512 
2	0.0: 338 889 730 915 90 910 662 215 
2	0.0: 436 850 747 972 57 858 1074 1 
2	0.0: 220 832 753 849 84 888 746 1 
2	0.0: 75 802 767 875 58 815 730 170 
2	0.0: 210 851 604 834 15 934 496 1 
2	0.0: 92 804 788 970 89 908 981 186 
2	0.0: 254 849 603 756 1 929 657 168 
2	0.0: 1 876 249 828 18 980 602 1 
2	0.0: 293 892 787 849 22 1019 917 1 
2	0.0: 198 828 539 972 50 746 571 1 
2	0.0: 41 833 351 963 54 994 1019 1 
2	0.0: 132 885 570 820 12 960 832 149 
2	0.0: 184 925 466 1008 52 982 1158 1 
2	0.0: 129 898 359 857 1 845 824 355 
2	0.0: 79 832 651 809 50 780 900 90 
2	0.0: 296 802 267 897 21 917 639 111 
2	0.0: 530 859 892 866 38 966 695 1 
2	0.0: 72 847 779 841 63 855 828 237 
2	0.0: 140 868 595 760 41 1100 623 29 
2	0.0: 1 885 705 909 92 933 821 1 
2	0.0: 327 865 515 849 84 826 607 258 
2	0.0: 274 832 605 820 90 929 606 252 
2	0.0: 185 860 663 1050 43 941 619 1 
2	0.0: 598 837 590 723 58 1024 771 171 
2	0.0: 355 900 328 835 24 1111 1171 1 
2	0.0: 522 912 528 853 67 989 850 1 
2	0.0: 305 925 269 854 67 776 1029 101 
2	0.0: 291 887 834 949 7 913 1009 184 
2	0.0: 603 898 829 659 54 878 891 1 
2	0.0: 53 854 983 706 28 901 783 11 
2	0.0: 362 811 862 809 9 969 1137 273 
2	0.0: 242 803 1303 751 27 969 1311 1 
2	0.0: 453 890 883 1109 41 767 823 183 
2	0.0: 400 863 368 868 36 897 900 131 
2	0.0: 305 945 307 903 72 751 627 119 
2	0.0: 562 910 502 808 93 969 979 1 
2	0.0: 331 912 716 783 20 1030 1384 1 
2	0.0: 274 772 574 918 47 880 926 139 
2	0.0: 121 890 740 934 29 988 692 201 
2	0.0: 173 883 270 768 1 841 499 1 
2	0.0: 69 819 885 938 1 896 642 1 
2	0.0: 314 819 698 915 37 1013 1102 1 
2	0.0: 78 914 264 1059 64 913 852 45 
2	0.0: 233 955 606 837 88 928 786 118 
2	0.0: 180 839 638 692 98 961 689 303 
2	0.0: 429 832 310 899 33 1016 602 113 
2	0.0: 211 849 502 907 1 953 502 1 
2	0.0: 375 818 913 914 52 823 869 59 
2	0.0: 314 855 388 799 49 835 998 1 
2	0.0: 1 906 563 861 37 860 986 163 
2	0.0: 370 922 806 999 9 771 931 224 
2	0.0: 62 833 871 946 46 767 452 1 
2	0.0: 84 861 609 749 34 992 1016 231 
2	0.0: 270 885 383 918 36 1011 826 232 
2	0.0: 1 886 335 838 10 961 805 184 
2	0.0: 119 847 662 1077 46 785 1041 1 
2	0.0: 104 853 593 813 5 915 884 1 
2	0.0: 173 935 649 798 37 911 651 1 
2	0.0: 267 785 389 683 75 900 1034 68 
2	0.0: 99 848 791 833 85 1039 753 1 
2	0.0: 257 834 531 837 1 997 979 71 
2	0.0: 155 918 591 946 1 848 642 124 
2	0.0: 1 864 598 794 50 881 924 98 
2	0.0: 344 860 956 963 55 910 1069 1 
2	0.0: 1 965 667 1045 51 912 790 354 
2	0.0: 1 836 674 961 1 814 998 1 
2	0.0: 399 932 485 885 74 849 1047 121 
2	0.0: 1 884 1020 1036 27 885 820 1 
2	0.0: 234 903 560 986 76 879 1054 52 
2	0.0: 1 828 362 900 125 980 816 141 
2	0.0: 141 902 393 941 56 925 708 241 
2	0.0: 625 929 635 1068 4 836 880 449 
2	0.0: 267 898 1112 975 62 904 954 1 
2	0.0: 256 926 524 979 62 881 776 1 
2	0.0: 131 886 516 956 73 849 799 17 
2	0.0: 262 827 903 940 32 946 815 33 
2	0.0: 258 929 470 1054 32 765 704 131 
2	0.0: 1 822 628 843 79 937 939 365 
2	0.0: 312 815 1037 772 54 839 1008 1 
2	0.0: 1 844 533 690 106 700 895 235 
2	0.0: 265 858 552 810 55 1029 994 78 
2	0.0: 255 836 707 806 55 983 1039 274 
2	0.0: 285 861 387 899 77 1027 718 152 
2	0.0: 1 768 437 667 77 964 983 30 
2	0.0: 346 850 778 656 43 781 820 235 
2	0.0: 121 833 766 883 11 874 656 1 
2	0.0: 1 975 324 1067 60 1003 855 57 
2	0.0: 118 841 830 770 120 964 819 1 
2	0.0: 270 828 427 943 25 845 945 268 
2	0.0: 308 804 518 849 74 1105 592 14 
2	0.0: 1 825 498 678 75 1053 934 177 
2	0.0: 168 817 682 823 15 974 644 247 
2	0.0: 390 876 744 872 1 945 1069 75 
2	0.0: 426 798 575 866 28 958 930 303 
2	0.0: 469 980 479 799 52 942 836 244 
2	0.0: 360 827 576 842 1 787 729 268 
2	0.0: 185 862 739 1034 28 862 542 92 
2	0.0: 176 845 598 926 6 964 953 1 
2	0.0: 21 951 454 903 45 916 868 1 
2	0.0: 319 867 313 804 68 881 1109 1 
2	0.0: 193 859 310 877 76 919 848 88 
2	0.0: 347 941 436 929 6 695 661 1 
2	0.0: 94 825 558 742 100 901 969 100 
2	0.0: 340 851 433 933 56 855 701 1 
2	0.0: 369 851 535 1210 14 962 1014 104 
2	0.0: 1 800 719 858 50 886 1018 50 
2	0.0: 288 852 270 999 1 1037 956 1 
2	0.0: 431 790 630 941 72 770 798 263 
2	0.0: 184 855 628 955 40 962 628 1 
2	0.0: 227 893 1046 827 90 673 605 125 
2	0.0: 210 853 551 840 62 900 893 1 
2	0.0: 225 872 566 910 69 932 911 87 
2	0.0: 161 826 597 906 80 906 867 40 
2	0.0: 271 901 238 714 116 928 843 228 
2	0.0: 1 868 312 1096 45 968 720 1 
2	0.0: 252 856 636 866 4 798 766 1 
2	0.0: 172 902 699 909 13 804 855 87 
2	0.0: 1 882 576 880 45 769 799 1 
2	0.0: 151 871 693 1088 53 992 857 138 
2	0.0: 72 823 674 959 105 770 834 77 
2	0.0: 51 959 119 738 79 899 954 205 
2	0.0: 405 896 967 884 75 1028 1061 1 
2	0.0: 326 782 1046 912 112 920 645 1 
2	0.0: 214 927 665 699 40 826 661 68 
2	0.0: 346 823 777 1092 1 813 894 1 
2	0.0: 392 762 256 873 67 876 516 269 
2	0.0: 177 867 485 1054 60 956 739 17 
2	0.0: 296 818 796 860 23 804 804 1 
2	0.0: 108 883 637 783 82 984 667 232 
2	0.0: 53 974 134 776 33 1056 617 214 
2	0.0: 129 813 881 975 41 1034 597 1 
2	0.0: 1 823 811 941 1 892 761 360 
2	0.0: 240 838 406 896 42 888 933 176 
2	0.0: 139 936 544 1061 31 880 799 1 
2	0.0: 59 848 642 943 1 1049 882 293 
2	0.0: 1 895 818 733 63 869 848 1 
2	0.0: 1 917 478 918 75 854 806 28 
2	0.0: 141 891 825 989 21 756 893 1 
2	0.0: 1 823 668 912 56 1036 926 89 
2	0.0: 321 854 234 846 63 999 836 1 
2	0.0: 363 833 327 1008 22 929 852 1 
2	0.0: 293 898 574 848 3 956 1011 185 
2	0.0: 203 850 525 773 1 917 834 155 
2	0.0: 316 886 475 859 66 719 907 113 
2	0.0: 123 856 511 676 21 936 980 1 
2	0.0: 417 910 746 851 21 848 566 1 
2	0.0: 397 840 918 732 72 958 547 31 
2	0.0: 310 799 717 911 99 789 1128 2 
2	0.0: 411 910 400 859 37 1010 863 281 
2	0.0: 172 820 754 724 22 1005 890 31 
2	0.0: 1 1017 703 1003 57 795 1043 142 
2	0.0: 1 815 617 992 75 968 829 118 
2	0.0: 52 929 686 857 53 876 831 99 
2	0.0: 138 781 738 915 35 811 682 1 
2	0.0: 326 849 677 711 82 954 836 270 
2	0.0: 169 824 915 979 48 795 597 322 
2	0.0: 253 856 371 743 73 822 1053 116 
2	0.0: 347 887 492 785 119 964 884 241 
2	0.0: 150 840 714 912 44 1071 798 219 
2	0.0: 349 855 644 918 46 882 893 1 
2	0.0: 425 864 689 870 43 891 1346 189 
2	0.0: 186 848 344 662 52 926 534 1 
2	0.0: 307 868 721 862 33 900 813 183 
2	0.0: 117 861 470 763 37 802 753 1 
2	0.0: 1 909 914 703 34 957 1015 112 
2	0.0: 537 866 560 836 58 888 619 112 
2	0.0: 199 870 510 1005 103 975 1036 259 
2	0.0: 235 818 598 853 1 836 712 1 
2	0.0: 400 798 350 1072 83 991 676 158 
2	0.0: 354 930 447 952 51 884 1026 170 
2	0.0: 1 873 677 932 75 1001 601 109 
2	0.0: 217 928 671 970 39 658 889 1 
2	0.0: 1 885 663 852 52 896 562 55 
2	0.0: 308 899 552 833 79 825 1098 86 
2	0.0: 104 875 405 872 1 960 957 243 
2	0.0: 213 843 310 967 18 878 848 1 
2	0.0: 34 923 510 730 54 981 1121 146 
2	0.0: 93 826 531 955 40 774 994 66 
2	0.0: 296 888 702 821 58 1011 1134 1 
2	0.0: 609 909 466 831 1 855 619 1 
2	0.0: 411 777 718 603 1 1063 651 131 
2	0.0: 395 868 616 1044 59 808 883 1 
2	0.0: 99 867 748 822 42 941 932 1 
2	0.0: 269 835 739 924 67 795 1032 1 
2	0.0: 171 826 813 844 11 984 874 1 
2	0.0: 235 823 628 778 64 810 785 254 
2	0.0: 205 877 601 852 34 798 715 1 
2	0.0: 1 841 584 777 49 807 925 1 
2	0.0: 496 846 971 980 14 860 455 132 
2	0.0: 29 868 542 768 30 895 800 62 
2	0.0: 217 922 413 771 84 920 857 194 
2	0.0: 241 895 854 1127 89 883 865 113 
2	0.0: 322 851 514 910 18 888 793 215 
2	0.0: 176 840 655 966 47 857 837 116 
2	0.0: 459 909 514 756 49 829 845 20 
2	0.0: 346 875 461 797 50 897 749 311 
2	0.0: 450 846 912 731 44 955 1076 294 
2	0.0: 338 773 288 924 1 921 739 192 
2	0.0: 45 861 313 807 37 979 727 91 
2	0.0: 1 928 905 869 31 731 620 144 
2	0.0: 421 850 661 1115 142 995 740 92 
2	0.0: 569 800 527 938 45 1003 708 137 
2	0.0: 268 870 312 896 55 714 852 1 
2	0.0: 1 833 591 845 1 816 410 241 
2	0.0: 32 820 881 776 1 784 893 133 
2	0.0: 224 821 331 764 1 806 811 115 
2	0.0: 514 849 453 917 27 1027 571 77 
2	0.0: 167 901 459 950 1 936 711 110 
2	0.0: 403 872 782 784 93 919 1044 1 
2	0.0: 165 851 534 1045 87 767 782 6 
2	0.0: 172 909 1011 885 70 927 777 1 
2	0.0: 169 826 793 917 48 760 1381 50 
2	0.0: 420 699 721 763 37 940 683 1 
2	0.0: 399 821 569 771 1 859 845 42 
2	0.0: 504 835 542 963 11 858 954 1 
2	0.0: 288 928 623 769 6 971 1131 261 
2	0.0: 299 913 835 751 41 788 831 74 
2	0.0: 119 839 394 747 87 879 908 1 
2	0.0: 207 827 650 738 1 814 463 472 
2	0.0: 226 851 657 957 121 853 789 240 
2	0.0: 81 883 393 732 76 870 627 221 
2	0.0: 386 820 461 1035 31 735 869 1 
2	0.0: 333 785 727 996 1 935 697 231 
2	0.0: 288 825 607 909 40 918 632 347 
2	0.0: 141 881 828 771 49 880 989 115 
2	0.0: 178 890 741 773 4 755 740 1 
2	0.0: 322 926 666 1028 41 860 970 296 
2	0.0: 86 898 654 784 87 842 917 1 
2	0.0: 124 907 682 946 11 843 538 100 
2	0.0: 1 845 396 836 21 913 781 1 
2	0.0: 299 877 421 817 56 917 812 253 
2	0.0: 300 801 753 868 77 842 885 138 
2	0.0: 483 868 647 883 33 983 952 364 
2	0.0: 330 884 590 925 52 928 742 65 
2	0.0: 87 836 725 1026 53 888 1099 399 
2	0.0: 127 784 526 799 1 739 851 24 
2	0.0: 171 815 592 955 50 797 780 247 
2	0.0: 242 822 518 759 66 938 865 10 
2	0.0: 131 911 660 886 33 853 644 1 
2	0.0: 492 886 602 1021 35 900 954 1 
2	0.0: 384 828 350 984 52 999 899 185 
2	0.0: 170 853 753 773 110 1075 890 38 
2	0.0: 253 895 524 830 67 872 1019 252 
2	0.0: 269 936 614 795 65 917 828 453 
2	0.0: 163 811 713 1044 70 902 650 79 
2	0.0: 96 796 372 769 50 688 835 221 
2	0.0: 1 917 752 1007 13 916 1018 7 
2	0.0: 382 823 603 741 89 738 996 231 
2	0.0: 262 821 277 925 5 851 1103 1 
2	0.0: 247 942 729 789 88 943 571 1 
2	0.0: 259 918 444 818 61 727 1023 1 
2	0.0: 349 869 398 902 1 804 906 1 
2	0.0: 517 856 953 797 66 920 775 1 
2	0.0: 296 789 744 1009 21 864 1149 1 
2	0.0: 136 819 763 942 32 890 656 316 
2	0.0: 636 921 557 1032 107 696 865 253 
2	0.0: 416 855 657 1019 72 965 678 56 
2	0.0: 358 915 584 1078 82 935 803 320 
2	0.0: 125 843 1111 912 84 821 811 1 
2	0.0: 79 808 944 905 1 930 800 180 
2	0.0: 15 817 354 763 60 921 1140 380 
2	0.0: 1 864 518 748 20 822 791 195 
2	0.0: 263 844 556 818 26 998 702 1 
2	0.0: 111 791 399 992 35 845 672 1 
2	0.0: 357 795 350 944 91 946 1040 471 
2	0.0: 60 729 398 1063 106 873 1113 277 
2	0.0: 316 803 579 892 69 863 855 30 
2	0.0: 49 830 514 789 26 734 644 11 
2	0.0: 261 887 338 944 63 1070 671 128 
2	0.0: 257 882 853 927 93 896 412 168 
2	0.0: 70 811 1012 879 1 851 661 134 
2	0.0: 358 857 599 674 56 797 1126 23 
2	0.0: 136 886 1151 782 83 1028 585 277 
2	0.0: 193 797 655 822 58 959 681 1 
2	0.0: 174 866 526 708 53 924 228 289 
2	0.0: 71 837 436 817 57 767 524 1 
2	0.0: 192 878 502 764 80 865 744 1 
2	0.0: 1 896 453 1046 43 910 1033 304 
2	0.0: 337 852 1097 728 48 1053 950 1 
2	0.0: 257 855 341 895 77 1056 924 56 
2	0.0: 386 890 696 861 50 817 909 267 
2	0.0: 502 762 671 965 6 839 1005 1 
2	0.0: 118 902 607 980 53 1027 823 1 
2	0.0: 88 887 594 916 1 815 823 184 
2	0.0: 657 890 216 1120 36 1003 803 1 
2	0.0: 66 873 513 993 89 885 857 1 
2	0.0: 99 862 690 1016 12 916 505 78 
2	0.0: 243 920 100 832 45 873 897 267 
2	0.0: 473 866 468 830 1 843 850 1 
2	0.0: 526 944 545 866 73 764 823 207 
2	0.0: 1 845 421 862 1 877 611 277 
2	0.0: 100 906 742 830 71 874 842 1 
2	0.0: 245 940 410 839 110 893 709 1 
2	0.0: 630 805 800 936 37 819 702 191 
2	0.0: 1 875 598 718 12 737 638 126 
2	0.0: 151 815 717 819 61 967 709 1 
2	0.0: 58 859 824 950 1 940 1200 175 
2	0.0: 310 906 478 1030 8 894 1230 233 
2	0.0: 44 887 817 908 1 910 1038 54 
2	0.0: 203 866 190 800 108 919 944 1 
2	0.0: 1 922 274 855 69 982 831 1 
2	0.0: 113 816 599 856 81 981 1085 1 
2	0.0: 101 933 328 746 55 957 825 1 
2	0.0: 341 843 294 878 70 803 1207 67 
2	0.0: 261 809 437 877 49 858 738 251 
2	0.0: 329 846 680 892 48 878 863 1 
2	0.0: 205 821 494 762 7 854 571 50 
2	0.0: 450 893 463 878 91 908 821 321 
2	0.0: 1 872 709 1047 82 912 696 48 
2	0.0: 278 910 434 831 36 989 776 1 
2	0.0: 335 812 605 818 42 775 929 1 
2	0.0: 447 910 506 794 13 826 1062 96 
2	0.0: 80 906 508 924 28 901 557 1 
2	0.0: 329 863 846 838 6 882 526 206 
2	0.0: 244 893 577 697 24 905 737 1 
2	0.0: 269 806 810 1039 30 961 1081 11 
2	0.0: 182 904 621 1117 72 852 562 133 
2	0.0: 185 828 654 664 102 911 1383 108 
2	0.0: 1 849 643 849 43 1060 689 85 
2	0.0: 388 850 787 873 52 872 890 81 
2	0.0: 160 875 516 1117 19 935 1325 3 
2	0.0: 196 827 465 739 68 1020 816 155 
2	0.0: 329 859 811 942 61 945 846 97 
2	0.0: 271 790 692 758 1 993 553 1 
2	0.0: 149 853 503 926 55 880 945 26 
2	0.0: 155 894 673 733 39 872 756 4 
2	0.0: 163 885 739 843 73 897 766 13 
2	0.0: 361 880 593 960 69 998 879 38 
2	0.0: 356 893 534 730 103 897 994 124 
2	0.0: 255 919 547 1053 36 890 1102 260 
2	0.0: 232 827 814 967 28 953 305 1 
2	0.0: 1 933 665 734 37 873 675 1 
2	0.0: 97 838 521 901 67 830 841 1 
2	0.0: 1 819 325 754 61 781 827 1 
2	0.0: 311 858 612 796 43 827 1111 1 
2	0.0: 286 857 705 896 92 806 665 334 
2	0.0: 1 865 200 1035 17 919 984 202 
2	0.0: 340 844 493 911 65 873 582 275 
2	0.0: 132 873 400 909 5 892 871 1 
2	0.0: 297 885 800 1050 29 947 647 1 
2	0.0: 522 872 612 1062 10 928 879 47 
2	0.0: 139 853 820 837 50 950 950 48 
2	0.0: 225 812 555 928 30 837 1136 93 
2	0.0: 72 831 713 941 64 897 571 122 
2	0.0: 135 975 799 762 12 969 802 1 
2	0.0: 35 918 805 1002 39 788 1145 90 
2	0.0: 132 832 350 847 52 938 752 18 
2	0.0: 228 798 397 890 111 906 841 52 
2	0.0: 382 901 740 881 122 946 1129 1 
2	0.0: 211 740 326 1011 44 824 886 111 
2	0.0: 226 836 454 825 64 887 711 448 
2	0.0: 106 849 475 839 43 810 827 298 
2	0.0: 3 887 780 820 63 928 679 97 
2	0.0: 1 868 580 981 1 822 699 154 
2	0.0: 229 878 513 806 54 797 1049 1 
2	0.0: 186 832 291 944 26 1002 638 105 
2	0.0: 162 878 523 908 69 707 639 1 
2	0.0: 273 897 863 635 23 925 884 92 
2	0.0: 131 787 467 736 44 948 993 148 
2	0.0: 1 838 566 969 56 951 641 11 
2	0.0: 145 964 913 902 15 839 718 27 
2	0.0: 274 864 665 768 10 909 462 120 
2	0.0: 92 867 953 868 73 899 924 1 
2	0.0: 1 841 454 861 46 885 878 256 
2	0.0: 150 898 280 999 98 821 570 228 
2	0.0: 166 911 795 1041 108 798 1098 441 
2	0.0: 371 853 215 840 50 822 602 45 
2	0.0: 171 860 719 672 39 911 1041 302 
2	0.0: 487 852 382 832 20 952 695 491 
2	0.0: 52 821 602 1011 61 1049 743 328 
2	0.0: 112 817 606 867 30 765 553 1 
2	0.0: 140 961 691 1070 42 891 410 142 
2	0.0: 200 749 804 801 20 974 737 72 
2	0.0: 118 920 688 909 1 829 1122 15 
2	0.0: 1 928 273 877 25 942 1014 1 
2	0.0: 247 818 175 801 3 913 940 182 
2	0.0: 194 793 739 1034 51 917 922 1 
2	0.0: 94 794 973 977 10 1035 898 74 
2	0.0: 34 802 349 978 37 974 766 99 
2	0.0: 248 795 749 869 1 944 810 1 
2	0.0: 284 878 600 771 1 850 1037 29 
2	0.0: 483 946 658 780 71 829 982 1 
2	0.0: 474 855 239 1008 80 920 659 1 
2	0.0: 259 868 702 863 39 967 621 115 
2	0.0: 196 821 367 761 26 824 595 1 
2	0.0: 264 834 730 1110 64 1040 1230 1 
2	0.0: 395 834 548 1006 120 1000 721 1 
2	0.0: 1 897 854 853 40 764 1019 130 
2	0.0: 272 865 65 866 70 933 1048 369 
2	0.0: 158 811 714 982 90 1092 501 3 
2	0.0: 218 869 863 863 52 984 856 1 
2	0.0: 131 839 45 864 84 1008 1084 1 
2	0.0: 432 936 344 838 51 865 585 1 
2	0.0: 224 901 688 699 54 987 975 381 
2	0.0: 136 916 647 845 95 712 766 1 
2	0.0: 82 904 424 927 41 737 766 1 
2	0.0: 66 836 317 861 58 799 1229 178 
2	0.0: 624 885 906 820 77 931 901 1 
2	0.0: 249 901 478 734 76 863 871 174 
2	0.0: 139 841 313 994 62 940 1139 268 
2	0.0: 134 797 918 879 46 837 915 85 
2	0.0: 483 913 451 757 42 985 1094 1 
2	0.0: 225 825 353 683 15 1017 878 102 
2	0.0: 280 823 623 726 63 895 1039 24 
2	0.0: 212 823 596 859 96 811 792 324 
2	0.0: 182 840 515 982 41 1005 442 28 
2	0.0: 612 869 370 906 5 729 623 1 
2	0.0: 283 899 592 916 56 862 968 219 
2	0.0: 199 868 404 793 1 903 954 152 
2	0.0: 374 927 551 876 77 1033 1091 1 
2	0.0: 1 870 548 1050 60 891 725 97 
2	0.0: 430 851 570 896 40 910 1123 139 
2	0.0: 126 836 575 868 74 975 963 28 
2	0.0: 1 880 606 921 89 873 1120 1 
2	0.0: 372 855 451 900 81 842 805 1 
2	0.0: 105 838 610 931 90 944 939 80 
2	0.0: 76 887 802 662 1 978 1049 186 
2	0.0: 376 872 413 913 88 805 1170 205 
2	0.0: 304 858 632 1030 1 878 1082 195 
2	0.0: 302 899 355 922 55 965 760 321 
2	0.0: 217 889 545 922 18 906 949 89 
2	0.0: 206 846 633 1036 20 861 804 1 
2	0.0: 517 913 536 1007 72 821 944 1 
2	0.0: 335 924 668 819 129 1012 834 1 
2	0.0: 185 855 716 867 35 949 868 211 
2	0.0: 183 890 633 849 18 948 864 193 
2	0.0: 227 784 462 724 29 929 634 132 
2	0.0: 137 917 311 717 37 711 634 588 
2	0.0: 1 838 690 730 47 772 1103 1 
2	0.0: 190 837 430 857 1 1105 770 24 
2	0.0: 29 849 553 827 47 983 669 141 
2	0.0: 372 861 459 680 60 864 722 213 
2	0.0: 425 854 513 787 90 917 1025 229 
2	0.0: 168 802 420 914 78 820 748 190 
2	0.0: 144 783 351 897 70 790 794 378 
2	0.0: 179 856 495 946 42 911 890 1 
2	0.0: 140 823 647 784 47 971 714 1 
2	0.0: 130 814 819 996 8 794 872 25 
2	0.0: 402 868 899 871 117 942 950 326 
2	0.0: 1 859 552 866 25 781 375 24 
2	0.0: 101 852 604 873 60 971 764 1 
2	0.0: 285 851 367 825 76 850 891 175 
2	0.0: 1 917 511 897 57 775 666 53 
2	0.0: 380 849 462 912 22 975 745 338 
2	0.0: 215 894 993 766 50 906 693 523 
2	0.0: 57 887 642 687 11 809 1065 219 
2	0.0: 63 694 591 949 48 686 582 88 
2	0.0: 183 841 650 915 27 943 584 1 
2	0.0: 63 841 534 990 21 902 570 351 
2	0.0: 461 863 596 786 44 1038 1009 174 
2	0.0: 127 920 512 753 24 925 595 79 
2	0.0: 178 909 454 922 98 1080 940 4 
2	0.0: 1 847 893 820 61 959 466 183 
2	0.0: 398 795 494 787 32 892 467 244 
2	0.0: 17 902 718 893 104 996 1023 387 
2	0.0: 200 864 658 1102 64 903 620 1 
2	0.0: 465 827 387 738 32 853 885 168 
2	0.0: 162 898 469 835 6 792 1252 69 
2	0.0: 75 890 809 794 16 899 763 16 
2	0.0: 273 938 471 815 1 829 963 1 
2	0.0: 95 943 657 915 42 814 840 217 
2	0.0: 218 910 1072 876 32 903 808 390 
2	0.0: 394 823 194 700 50 805 958 283 
2	0.0: 378 964 515 983 30 979 976 1 
2	0.0: 1 889 459 867 67 774 1122 299 
2	0.0: 458 889 617 979 1 759 878 1 
2	0.0: 1 899 585 898 88 930 678 17 
2	0.0: 477 964 743 708 1 830 887 72 
2	0.0: 315 904 919 784 2 920 1038 1 
2	0.0: 75 915 220 1034 8 972 622 128 
2	0.0: 1 811 550 675 1 786 813 1 
2	0.0: 321 876 531 1000 36 774 1178 1 
2	0.0: 442 867 549 910 95 999 841 1 
2	0.0: 459 926 328 682 30 932 796 1 
2	0.0: 246 809 205 882 119 865 884 25 
2	0.0: 352 919 400 1055 51 1004 774 36 
2	0.0: 1 970 583 867 1 963 918 1 
2	0.0: 392 909 618 835 47 897 552 284 
2	0.0: 533 754 67 858 99 773 779 7 
2	0.0: 116 914 405 882 83 1000 794 220 
2	0.0: 82 887 942 917 25 840 846 194 
2	0.0: 426 842 859 921 124 763 715 1 
2	0.0: 201 891 377 773 25 905 1120 1 
2	0.0: 355 888 749 806 61 1014 690 252 
2	0.0: 218 926 989 838 28 765 807 1 
2	0.0: 226 857 864 782 44 889 602 1 
2	0.0: 120 831 751 1017 14 787 645 337 
2	0.0: 215 898 920 808 66 938 732 178 
2	0.0: 297 807 688 809 140 959 895 1 
2	0.0: 107 888 203 794 42 867 511 1 
2	0.0: 84 887 477 937 31 939 1079 1 
2	0.0: 391 853 966 797 51 946 580 296 
2	0.0: 291 703 638 991 49 804 1137 366 
2	0.0: 267 807 607 853 99 879 726 256 
2	0.0: 153 836 908 887 55 960 1062 1 
2	0.0: 569 861 639 883 121 868 760 1 
2	0.0: 209 826 677 970 29 922 859 174 
2	0.0: 388 881 364 865 71 1029 990 1 
2	0.0: 185 920 150 983 3 960 989 314 
2	0.0: 136 800 281 826 31 790 918 1 
2	0.0: 1 894 781 819 26 988 630 65 
2	0.0: 279 840 793 728 1 853 920 34 
2	0.0: 34 804 915 863 90 799 996 1 
2	0.0: 191 914 390 840 1 852 1162 78 
2	0.0: 321 861 918 843 75 963 568 85 
2	0.0: 259 846 711 853 67 907 971 187 
2	0.0: 186 779 616 842 20 971 719 49 
2	0.0: 373 841 309 892 46 958 839 324 
2	0.0: 282 837 995 1104 30 873 915 1 
2	0.0: 1 888 630 912 45 914 769 1 
2	0.0: 318 909 344 707 98 925 856 401 
2	0.0: 466 852 559 835 52 851 645 27 
2	0.0: 244 892 471 711 38 847 977 339 
2	0.0: 75 840 646 641 48 852 1125 19 
2	0.0: 113 850 1103 871 61 983 756 203 
2	0.0: 406 832 600 1007 15 899 746 292 
2	0.0: 293 842 333 905 36 918 475 1 
2	0.0: 158 922 762 961 53 1013 987 1 
2	0.0: 386 821 971 730 24 955 881 309 
2	0.0: 168 852 424 786 1 897 1026 1 
2	0.0: 535 873 470 1057 82 1055 905 72 
2	0.0: 75 887 520 1065 53 886 893 126 
2	0.0: 359 775 366 1108 1 960 888 222 
2	0.0: 266 801 356 1076 68 901 862 311 
2	0.0: 183 955 395 841 1 895 710 27 
2	0.0: 162 832 469 966 52 839 865 76 
2	0.0: 112 878 900 840 63 990 945 414 
2	0.0: 474 853 623 953 88 855 937 56 
2	0.0: 221 833 610 858 14 902 425 1 
2	0.0: 139 848 494 1037 80 811 1019 35 
2	0.0: 369 829 820 754 72 907 1015 86 
2	0.0: 176 884 577 893 117 860 667 1 
2	0.0: 471 874 752 959 64 1007 1041 317 
2	0.0: 110 893 698 935 75 823 964 1 
2	0.0: 66 838 355 907 87 872 1016 33 
2	0.0: 32 818 497 877 87 921 863 1 
2	0.0: 1 906 598 870 78 751 862 1 
2	0.0: 311 874 862 820 41 1062 931 1 
2	0.0: 284 846 421 877 16 876 864 1 
2	0.0: 165 886 661 690 24 1004 649 358 
2	0.0: 178 896 284 849 87 1056 465 83 
2	0.0: 243 912 215 881 75 883 784 1 
2	0.0: 170 816 559 682 65 807 873 17 
2	0.0: 284 795 846 826 49 978 1060 154 
2	0.0: 73 885 974 1002 107 942 907 1 
2	0.0: 222 916 1173 933 62 908 712 113 
2	0.0: 218 862 810 806 84 964 980 149 
2	0.0: 242 884 437 1042 90 975 891 24 
2	0.0: 218 868 869 889 1 954 888 142 
2	0.0: 393 887 488 845 63 723 698 200 
2	0.0: 271 875 835 705 51 820 1048 362 
2	0.0: 1 852 398 979 67 1078 919 106 
2	0.0: 114 837 224 979 60 864 1034 39 
2	0.0: 538 771 531 890 102 928 898 249 
2	0.0: 173 831 852 912 53 815 712 216 
2	0.0: 65 913 615 679 94 1092 1087 1 
2	0.0: 43 822 522 1149 11 726 723 1 
2	0.0: 440 873 1058 737 21 953 503 87 
2	0.0: 358 892 504 1083 45 909 759 127 
2	0.0: 2 872 397 1067 7 994 1194 1 
2	0.0: 17 919 572 953 73 881 713 119 
2	0.0: 265 918 749 1010 31 911 1045 82 
2	0.0: 110 844 707 733 11 777 811 56 
2	0.0: 108 862 890 913 52 745 614 145 
2	0.0: 390 859 730 1019 26 885 639 71 
2	0.0: 117 914 600 907 26 791 1275 1 
2	0.0: 223 927 762 875 35 1034 1225 102 
2	0.0: 624 960 645 640 13 819 827 1 
2	0.0: 402 963 691 823 100 730 823 389 
2	0.0: 85 880 713 755 1 694 804 160 
2	0.0: 109 814 677 1129 58 965 1132 291 
2	0.0: 194 825 280 807 1 815 1141 1 
2	0.0: 171 862 637 844 72 862 691 1 
2	0.0: 118 889 352 954 6 874 797 202 
2	0.0: 324 843 323 965 16 820 806 1 
2	0.0: 106 875 907 824 77 892 528 1 
2	0.0: 262 940 985 884 24 987 628 1 
2	0.0: 226 850 578 722 5 978 780 277 
2	0.0: 380 903 614 1000 41 854 982 99 
2	0.0: 544 874 792 721 86 915 976 1 
2	0.0: 355 810 506 931 74 932 619 1 
2	0.0: 374 836 915 1067 47 703 937 1 
2	0.0: 84 863 286 940 52 980 660 257 
2	0.0: 290 883 582 1154 39 960 879 104 
2	0.0: 425 942 767 1014 43 820 888 1 
2	0.0: 296 919 518 1096 45 988 784 162 
2	0.0: 99 789 548 789 79 903 835 1 
2	0.0: 488 799 491 721 71 1000 758 246 
2	0.0: 176 883 657 708 76 856 591 178 
2	0.0: 38 833 567 796 39 751 782 232 
2	0.0: 191 800 648 930 18 760 1128 124 
2	0.0: 202 836 556 847 26 876 857 108 
2	0.0: 66 919 486 778 47 966 834 249 
2	0.0: 92 837 906 669 28 957 724 32 
2	0.0: 62 850 511 767 1 854 1172 364 
2	0.0: 98 842 514 952 54 985 730 140 
2	0.0: 282 875 374 889 1 928 1053 7 
2	0.0: 316 801 420 965 54 805 895 1 
2	0.0: 214 895 248 887 24 969 1099 63 
2	0.0: 4 846 541 1067 58 860 905 66 
2	0.0: 311 862 652 909 115 883 834 283 
2	0.0: 153 980 736 841 111 887 787 1 
2	0.0: 16 851 369 821 46 951 899 29 
2	0.0: 479 874 685 836 1 820 575 160 
2	0.0: 63 852 399 913 78 773 1064 84 
2	0.0: 98 866 1099 1039 94 847 731 10 
2	0.0: 205 856 710 846 90 1027 888 1 
2	0.0: 324 838 306 804 87 995 750 1 
2	0.0: 1 868 331 865 94 1060 868 254 
2	0.0: 541 801 374 925 38 797 588 1 
2	0.0: 282 834 876 758 11 989 935 53 
2	0.0: 1 877 893 1115 57 989 640 1 
2	0.0: 591 874 664 747 53 911 749 1 
2	0.0: 219 860 753 1017 44 908 863 137 
2	0.0: 26 845 495 1002 37 811 969 45 
2	0.0: 575 769 347 854 55 827 1072 1 
2	0.0: 327 798 743 1043 54 896 766 419 
2	0.0: 116 884 715 949 102 905 807 90 
2	0.0: 217 885 651 888 32 868 671 93 
2	0.0: 115 819 246 979 51 957 981 59 
2	0.0: 270 833 573 675 1 877 709 584 
2	0.0: 421 911 621 935 53 824 769 143 
2	0.0: 205 846 635 732 33 897 872 1 
2	0.0: 610 837 253 861 145 872 918 1 
2	0.0: 381 924 518 878 10 1019 1136 26 
2	0.0: 1 826 835 825 62 961 795 1 
2	0.0: 449 920 412 566 9 841 1060 1 
2	0.0: 538 830 393 790 24 864 870 1 
2	0.0: 232 894 857 710 18 922 977 37 
2	0.0: 51 900 792 723 23 765 712 211 
2	0.0: 51 865 1153 782 42 984 862 126 
2	0.0: 264 878 693 867 22 921 1286 1 
2	0.0: 142 845 807 905 75 841 748 239 
2	0.0: 82 936 605 817 87 976 754 101 
2	0.0: 442 873 603 1118 61 916 903 188 
2	0.0: 444 879 501 847 31 732 1034 324 
2	0.0: 1 885 525 685 105 936 752 101 
2	0.0: 349 952 411 1008 1 815 497 1 
2	0.0: 74 942 422 777 22 1002 768 151 
2	0.0: 325 873 491 942 53 850 471 1 
2	0.0: 1 882 664 730 4 945 803 284 
2	0.0: 146 837 716 1011 54 859 693 100 
2	0.0: 52 810 533 789 65 874 714 118 
2	0.0: 412 868 904 870 47 960 898 106 
2	0.0: 68 894 529 1002 1 873 814 219 
2	0.0: 118 965 533 911 30 994 940 102 
2	0.0: 160 893 982 988 28 968 862 124 
2	0.0: 90 879 449 876 28 842 952 1 
2	0.0: 153 802 676 862 19 805 1342 1 
2	0.0: 255 904 557 1121 100 748 817 1 
2	0.0: 1 865 890 901 36 881 754 1 
2	0.0: 334 907 725 797 71 925 765 158 
2	0.0: 1 915 880 942 16 1086 897 135 
2	0.0: 232 807 377 973 49 909 1349 1 
2	0.0: 284 820 464 994 60 931 548 172 
2	0.0: 91 786 238 949 39 1014 924 190 
2	0.0: 1 846 667 826 26 750 743 1 
2	0.0: 83 844 541 977 64 843 898 124 
2	0.0: 302 883 696 801 118 869 702 169 
2	0.0: 288 786 929 898 67 1083 710 95 
2	0.0: 254 739 610 899 48 920 892 44 
2	0.0: 131 906 797 933 54 798 941 172 
2	0.0: 222 851 675 756 69 889 821 71 
2	0.0: 159 850 999 876 47 805 1148 311 
2	0.0: 81 787 293 835 1 960 924 214 
2	0.0: 208 809 568 1064 74 991 862 1 
2	0.0: 523 805 742 761 68 769 555 91 
2	0.0: 1 898 882 1115 73 773 908 1 
2	0.0: 95 964 104 956 57 803 794 118 
2	0.0: 386 876 392 943 98 970 932 1 
2	0.0: 288 802 550 834 45 887 980 260 
2	0.0: 35 936 909 818 69 879 953 1 
2	0.0: 191 898 808 1096 31 1027 561 312 
2	0.0: 248 835 350 761 19 890 805 144 
2	0.0: 116 849 276 876 84 836 952 93 
2	0.0: 121 861 236 965 51 731 736 226 
2	0.0: 62 811 624 962 71 925 877 150 
2	0.0: 391 854 738 882 75 981 913 12 
2	0.0: 595 837 443 890 1 737 940 18 
