7	0.0: 147 739 96 1037 620 764 399 167 
7	0.0: 320 785 88 1066 915 764 314 158 
7	0.0: 243 1171 92 913 573 899 466 102 
7	0.0: 266 724 100 1038 951 750 516 275 
7	0.0: 301 676 114 923 789 850 430 169 
7	0.0: 310 1122 114 993 707 1041 332 365 
7	0.0: 406 920 124 912 648 889 462 171 
7	0.0: 318 988 102 911 584 966 413 239 
7	0.0: 367 884 119 981 729 927 407 238 
7	0.0: 278 1099 104 920 1140 902 441 303 
7	0.0: 225 851 98 891 914 1035 330 149 
7	0.0: 125 888 113 841 991 806 418 114 
7	0.0: 318 1302 106 949 595 757 402 175 
7	0.0: 183 640 109 899 480 785 445 310 
7	0.0: 343 691 122 976 779 874 479 121 
7	0.0: 105 1356 93 940 472 891 435 268 
7	0.0: 399 1004 107 939 494 838 543 61 
7	0.0: 435 939 109 949 962 895 417 186 
7	0.0: 261 950 100 989 600 784 537 371 
7	0.0: 370 785 109 1042 753 874 516 302 
7	0.0: 153 821 103 932 918 781 512 266 
7	0.0: 420 851 107 1015 481 894 335 281 
7	0.0: 181 1041 104 1054 901 941 507 149 
7	0.0: 251 933 103 957 644 932 319 115 
7	0.0: 168 1180 116 998 821 780 446 233 
7	0.0: 326 1127 129 989 794 798 475 197 
7	0.0: 458 946 83 939 898 838 364 174 
7	0.0: 406 917 104 903 490 931 373 227 
7	0.0: 232 1247 103 995 939 995 458 295 
7	0.0: 305 1037 93 970 802 992 586 302 
7	0.0: 261 837 114 955 965 979 404 223 
7	0.0: 293 1012 131 921 825 1085 590 264 
7	0.0: 318 916 100 945 837 1023 378 269 
7	0.0: 354 685 92 1027 875 884 416 228 
7	0.0: 342 765 110 988 1061 791 572 291 
7	0.0: 144 805 80 1003 704 931 422 245 
7	0.0: 219 1049 104 925 599 883 381 272 
7	0.0: 76 1057 105 1054 651 884 474 157 
7	0.0: 90 956 84 973 969 778 467 237 
7	0.0: 258 928 102 952 817 829 409 90 
7	0.0: 355 1051 113 943 980 789 329 133 
7	0.0: 285 935 106 946 612 957 524 390 
7	0.0: 209 1254 75 1071 777 665 423 160 
7	0.0: 285 1362 117 941 550 662 437 406 
7	0.0: 285 813 108 1018 727 880 545 170 
7	0.0: 243 1111 104 903 793 871 393 437 
7	0.0: 290 1093 88 998 734 847 499 288 
7	0.0: 241 849 87 954 827 939 375 183 
7	0.0: 359 755 109 933 536 688 596 370 
7	0.0: 350 1001 89 913 722 727 465 384 
7	0.0: 91 963 117 919 735 813 454 235 
7	0.0: 287 923 116 1045 564 906 412 97 
7	0.0: 285 897 88 970 627 939 487 118 
7	0.0: 150 884 108 890 660 933 425 142 
7	0.0: 125 1196 110 991 906 976 428 265 
7	0.0: 265 616 106 979 577 857 462 159 
7	0.0: 194 748 102 968 514 858 544 77 
7	0.0: 357 807 119 1020 602 828 511 292 
7	0.0: 179 853 91 970 678 749 624 285 
7	0.0: 265 866 104 955 654 1070 574 417 
7	0.0: 262 1074 121 953 580 807 550 279 
7	0.0: 322 1225 95 808 755 756 482 158 
7	0.0: 143 985 109 927 785 904 424 265 
7	0.0: 402 829 108 914 762 816 403 155 
7	0.0: 254 1173 96 1013 910 829 498 274 
7	0.0: 387 977 107 980 832 842 487 234 
7	0.0: 413 1060 117 947 660 937 498 338 
7	0.0: 262 947 110 960 930 913 505 135 
7	0.0: 297 769 85 925 840 756 460 297 
7	0.0: 141 1025 115 1088 1009 813 411 280 
7	0.0: 340 1074 102 939 781 1101 520 139 
7	0.0: 297 621 107 971 969 653 441 338 
7	0.0: 299 1045 113 949 672 706 585 268 
7	0.0: 280 1267 93 1001 822 855 543 208 
7	0.0: 379 1021 118 1023 982 836 373 365 
7	0.0: 258 1027 100 911 759 888 477 254 
7	0.0: 267 585 102 1031 726 906 516 174 
7	0.0: 315 1238 106 1036 601 767 350 133 
7	0.0: 391 889 116 881 817 863 517 342 
7	0.0: 339 950 82 969 681 1045 532 165 
7	0.0: 141 666 112 939 474 865 396 320 
7	0.0: 288 549 92 853 813 992 466 299 
7	0.0: 356 872 86 852 879 751 392 240 
7	0.0: 421 756 99 1062 776 856 411 164 
7	0.0: 361 1206 116 877 733 969 455 246 
7	0.0: 125 1023 109 981 495 645 494 94 
7	0.0: 301 542 120 1000 640 977 443 54 
7	0.0: 203 770 92 1003 548 910 297 1 
7	0.0: 320 1283 92 960 945 884 421 234 
7	0.0: 334 921 120 933 906 1013 359 254 
7	0.0: 355 764 79 919 619 1015 537 145 
7	0.0: 210 955 109 1024 1002 806 396 223 
7	0.0: 341 961 102 920 791 935 383 237 
7	0.0: 147 1242 112 976 674 871 529 240 
7	0.0: 272 523 106 993 1001 911 405 29 
7	0.0: 350 983 92 1049 768 665 407 230 
7	0.0: 366 889 98 962 597 1034 382 267 
7	0.0: 356 810 115 913 513 1008 483 197 
7	0.0: 275 798 99 959 585 1073 377 15 
7	0.0: 396 798 100 998 925 1037 460 303 
7	0.0: 398 1156 111 1025 531 1003 395 330 
7	0.0: 172 1230 124 867 725 905 334 261 
7	0.0: 349 721 109 959 732 827 319 319 
7	0.0: 357 709 100 1020 523 990 371 249 
7	0.0: 240 847 110 883 478 811 501 136 
7	0.0: 289 1037 93 1044 577 758 417 226 
7	0.0: 177 973 108 972 839 840 446 80 
7	0.0: 315 987 130 995 993 910 418 343 
7	0.0: 308 740 108 953 354 879 566 323 
7	0.0: 418 1181 122 1018 1048 804 427 60 
7	0.0: 290 847 120 963 666 726 376 363 
7	0.0: 362 961 97 976 457 730 471 187 
7	0.0: 309 960 93 942 940 956 465 191 
7	0.0: 446 962 104 947 671 654 392 291 
7	0.0: 261 1170 91 994 640 805 437 285 
7	0.0: 197 1201 103 956 871 939 441 382 
7	0.0: 268 876 107 1011 908 960 433 355 
7	0.0: 238 846 125 933 792 1055 331 200 
7	0.0: 552 876 117 923 683 1002 530 183 
7	0.0: 254 961 109 979 808 635 520 157 
7	0.0: 199 1243 112 938 549 1016 399 169 
7	0.0: 285 826 98 984 731 982 467 247 
7	0.0: 237 705 102 1061 642 897 555 54 
7	0.0: 223 739 105 970 687 966 544 209 
7	0.0: 208 668 104 943 625 804 298 230 
7	0.0: 197 760 102 939 928 971 416 159 
7	0.0: 157 1043 88 984 438 924 394 187 
7	0.0: 352 895 113 1085 568 704 532 265 
7	0.0: 48 1087 100 1010 682 742 379 49 
7	0.0: 310 678 108 853 741 815 341 315 
7	0.0: 220 1138 128 1034 767 1053 555 186 
7	0.0: 263 766 127 986 930 793 397 211 
7	0.0: 513 829 93 978 661 699 376 275 
7	0.0: 363 762 112 994 912 853 492 126 
7	0.0: 228 878 98 1071 868 848 442 337 
7	0.0: 222 779 108 1059 638 880 500 347 
7	0.0: 440 687 126 955 584 753 388 239 
7	0.0: 260 742 106 967 721 871 278 346 
7	0.0: 333 790 113 977 744 827 412 255 
7	0.0: 28 789 122 971 720 978 382 114 
7	0.0: 366 1043 117 819 1268 860 377 276 
7	0.0: 205 868 108 1059 782 976 502 334 
7	0.0: 288 1408 98 911 900 1031 465 133 
7	0.0: 144 819 100 933 572 822 500 1 
7	0.0: 243 1153 96 997 997 797 396 364 
7	0.0: 293 837 96 1004 810 995 430 200 
7	0.0: 92 1009 114 942 922 832 462 175 
7	0.0: 198 728 97 1059 535 974 394 108 
7	0.0: 284 1097 98 1008 289 788 531 229 
7	0.0: 58 1158 101 954 815 936 449 268 
7	0.0: 346 1091 107 1018 1051 729 385 210 
7	0.0: 219 821 105 931 896 926 371 175 
7	0.0: 380 1165 111 923 941 906 407 201 
7	0.0: 165 1110 119 987 736 783 507 65 
7	0.0: 247 656 108 971 1186 832 491 184 
7	0.0: 244 771 127 959 890 917 494 231 
7	0.0: 215 684 118 1056 894 758 458 118 
7	0.0: 282 1259 89 981 765 718 641 108 
7	0.0: 170 1162 119 902 662 715 310 211 
7	0.0: 216 912 109 979 995 928 364 146 
7	0.0: 102 1032 98 1066 796 759 504 68 
7	0.0: 295 849 107 929 826 1073 355 291 
7	0.0: 267 832 115 947 692 782 517 1 
7	0.0: 216 1096 99 978 696 805 410 403 
7	0.0: 184 988 110 986 535 917 515 198 
7	0.0: 226 873 115 950 409 831 514 330 
7	0.0: 211 1063 111 957 629 872 502 429 
7	0.0: 494 1091 79 968 648 654 469 131 
7	0.0: 1 1140 109 936 653 825 557 210 
7	0.0: 237 954 102 973 1084 841 429 250 
7	0.0: 207 638 117 895 651 936 387 192 
7	0.0: 231 916 119 996 810 838 533 192 
7	0.0: 445 849 107 964 723 994 516 205 
7	0.0: 277 878 118 964 744 935 435 206 
7	0.0: 267 1056 97 918 910 857 479 203 
7	0.0: 257 1075 110 1002 1115 1005 538 389 
7	0.0: 203 693 116 997 926 813 417 372 
7	0.0: 268 1162 114 965 808 724 423 349 
7	0.0: 230 1249 114 916 1071 809 527 356 
7	0.0: 314 1204 105 1023 959 696 480 252 
7	0.0: 319 1212 101 980 834 899 440 250 
7	0.0: 358 1031 98 952 1138 735 446 160 
7	0.0: 326 658 105 967 777 920 442 259 
7	0.0: 182 993 86 973 491 919 394 303 
7	0.0: 399 875 111 941 1019 975 346 150 
7	0.0: 192 943 100 971 715 684 466 121 
7	0.0: 297 771 112 957 806 626 391 167 
7	0.0: 133 774 127 935 568 876 507 200 
7	0.0: 360 667 103 1004 695 881 521 44 
7	0.0: 270 909 91 923 581 761 480 258 
7	0.0: 297 884 123 1039 610 805 384 384 
7	0.0: 309 1031 112 936 587 853 351 272 
7	0.0: 329 1002 119 930 572 791 543 296 
7	0.0: 427 850 112 899 903 842 495 194 
7	0.0: 373 1008 118 1003 641 1039 431 272 
7	0.0: 364 601 103 896 608 1025 419 173 
7	0.0: 316 806 77 946 884 1119 566 145 
7	0.0: 236 902 108 1024 874 952 577 211 
7	0.0: 392 1033 100 937 1037 1030 535 212 
7	0.0: 368 1167 92 925 632 913 468 193 
7	0.0: 322 885 109 984 718 908 406 246 
7	0.0: 243 1026 107 966 689 1019 504 259 
7	0.0: 260 955 118 989 938 678 415 213 
7	0.0: 193 886 104 1092 596 882 541 173 
7	0.0: 339 715 102 1102 823 926 387 239 
7	0.0: 408 968 114 988 787 629 348 324 
7	0.0: 332 1161 90 1051 984 1006 640 290 
7	0.0: 224 1089 109 1012 636 749 408 56 
7	0.0: 300 1055 107 1043 762 860 507 156 
7	0.0: 418 776 100 946 890 937 509 261 
7	0.0: 356 1059 78 851 1031 908 381 251 
7	0.0: 234 1106 98 876 800 845 473 265 
7	0.0: 281 699 94 984 598 616 551 188 
7	0.0: 208 1219 87 929 1041 862 371 110 
7	0.0: 144 964 103 963 594 906 550 351 
7	0.0: 266 1016 123 1005 770 798 535 160 
7	0.0: 156 911 116 875 797 866 273 271 
7	0.0: 293 1163 89 922 734 1006 414 358 
7	0.0: 230 981 97 955 842 882 469 124 
7	0.0: 299 901 101 914 701 764 517 269 
7	0.0: 342 860 114 898 824 1039 466 299 
7	0.0: 184 873 114 964 770 852 603 172 
7	0.0: 331 1072 100 1004 474 934 485 143 
7	0.0: 289 846 128 941 362 1085 382 236 
7	0.0: 330 889 114 1004 608 770 473 204 
7	0.0: 227 768 131 970 1152 962 443 178 
7	0.0: 274 1179 118 943 627 919 493 472 
7	0.0: 371 738 107 922 927 782 470 135 
7	0.0: 211 1134 97 887 750 808 593 226 
7	0.0: 221 803 89 975 539 846 469 173 
7	0.0: 429 992 102 1027 898 737 501 174 
7	0.0: 424 1073 101 1067 1079 962 556 268 
7	0.0: 333 917 106 977 1119 688 502 203 
7	0.0: 276 937 104 882 907 926 446 302 
7	0.0: 242 830 109 1013 762 790 401 196 
7	0.0: 301 1013 102 961 541 932 381 201 
7	0.0: 285 984 95 935 1091 973 507 111 
7	0.0: 274 911 109 1012 910 805 393 266 
7	0.0: 187 733 122 974 774 773 431 224 
7	0.0: 280 770 106 988 820 1095 418 96 
7	0.0: 229 1357 117 941 910 833 445 229 
7	0.0: 265 1062 100 973 857 873 445 181 
7	0.0: 276 629 87 997 728 682 538 222 
7	0.0: 357 847 99 963 689 881 530 1 
7	0.0: 316 964 128 1086 993 850 359 351 
7	0.0: 317 832 92 1024 937 778 554 255 
7	0.0: 309 1105 112 980 804 941 550 160 
7	0.0: 263 664 107 1014 624 1039 433 201 
7	0.0: 314 970 111 1005 540 1119 445 274 
7	0.0: 252 894 109 1007 646 879 318 153 
7	0.0: 313 1094 96 940 921 963 437 92 
7	0.0: 566 866 105 933 817 1077 494 302 
7	0.0: 343 1005 110 990 807 868 509 287 
7	0.0: 150 932 115 1061 896 891 473 428 
7	0.0: 214 693 101 953 649 990 481 172 
7	0.0: 220 537 127 987 595 693 529 392 
7	0.0: 415 707 121 1077 973 991 382 187 
7	0.0: 327 1035 100 939 1171 685 407 387 
7	0.0: 250 850 99 934 606 892 478 214 
7	0.0: 274 1040 108 915 765 906 487 305 
7	0.0: 209 1100 112 1052 605 1000 411 307 
7	0.0: 369 823 109 965 538 1037 595 241 
7	0.0: 369 701 89 907 930 845 456 264 
7	0.0: 252 1111 110 996 610 756 459 281 
7	0.0: 535 1075 94 1023 414 629 448 255 
7	0.0: 188 1074 114 938 286 964 587 373 
7	0.0: 401 1045 117 960 902 610 420 238 
7	0.0: 226 1175 111 903 500 889 349 65 
7	0.0: 425 958 97 1044 532 912 521 147 
7	0.0: 213 1135 104 989 956 817 656 233 
7	0.0: 279 786 95 980 565 884 385 309 
7	0.0: 239 1136 108 911 774 754 368 268 
7	0.0: 271 949 79 1026 790 866 372 242 
7	0.0: 417 1132 112 1009 867 821 541 473 
7	0.0: 163 1041 83 960 933 856 438 245 
7	0.0: 270 708 95 937 988 913 519 393 
7	0.0: 291 1134 102 1082 937 871 478 191 
7	0.0: 394 1017 109 1015 1048 929 391 210 
7	0.0: 315 789 111 960 747 851 451 267 
7	0.0: 282 962 100 1105 998 907 349 366 
7	0.0: 544 842 116 1002 921 925 526 178 
7	0.0: 253 996 108 985 892 678 498 184 
7	0.0: 349 777 102 1032 541 837 399 203 
7	0.0: 278 990 92 833 851 895 364 183 
7	0.0: 381 1378 97 934 803 1166 473 160 
7	0.0: 269 961 114 1039 793 1198 437 162 
7	0.0: 184 1011 115 873 775 940 588 185 
7	0.0: 325 610 131 1014 508 1149 498 267 
7	0.0: 372 1169 119 890 579 881 542 145 
7	0.0: 235 689 118 905 740 790 629 158 
7	0.0: 152 604 105 955 670 758 360 396 
7	0.0: 153 1211 101 1061 549 806 362 242 
7	0.0: 198 1070 116 995 699 1121 495 243 
7	0.0: 304 805 98 940 681 780 454 284 
7	0.0: 261 565 101 938 647 1063 431 232 
7	0.0: 409 1006 99 923 691 783 439 224 
7	0.0: 314 911 108 978 346 989 530 230 
7	0.0: 213 1075 86 915 1052 868 372 255 
7	0.0: 339 722 111 936 482 758 357 314 
7	0.0: 356 885 106 1104 861 808 457 214 
7	0.0: 439 1137 117 954 817 917 415 340 
7	0.0: 336 1258 110 933 1084 867 371 284 
7	0.0: 362 643 99 992 853 926 560 171 
7	0.0: 265 855 123 1009 503 836 460 190 
7	0.0: 289 1372 116 992 728 706 579 311 
7	0.0: 148 919 108 1022 632 823 541 180 
7	0.0: 434 1105 107 1005 820 940 638 125 
7	0.0: 297 858 102 1046 719 1060 298 127 
7	0.0: 361 1308 103 1021 569 817 437 144 
7	0.0: 312 880 111 973 678 678 521 139 
7	0.0: 374 1026 113 924 470 786 593 176 
7	0.0: 347 1211 103 1017 962 962 448 103 
7	0.0: 252 889 94 951 968 961 387 126 
7	0.0: 163 720 105 1067 739 850 379 328 
7	0.0: 286 1126 104 956 786 924 359 292 
7	0.0: 143 1035 105 955 862 1021 266 375 
7	0.0: 53 443 100 968 814 1010 390 277 
7	0.0: 239 969 86 980 837 861 320 331 
7	0.0: 251 1204 103 935 723 690 575 162 
7	0.0: 384 748 114 1011 882 867 501 255 
7	0.0: 212 1015 132 1011 500 769 441 233 
7	0.0: 324 1036 95 1010 638 999 400 341 
7	0.0: 259 895 96 929 631 856 391 334 
7	0.0: 430 1059 96 840 702 684 430 274 
7	0.0: 420 1018 107 1011 1015 830 512 148 
7	0.0: 346 962 102 948 1080 896 441 308 
7	0.0: 209 837 112 956 795 710 497 299 
7	0.0: 251 644 111 902 646 1060 396 204 
7	0.0: 296 469 114 964 724 868 399 102 
7	0.0: 285 1253 91 1030 764 817 454 188 
7	0.0: 255 756 106 1068 870 955 446 266 
7	0.0: 331 913 94 904 778 970 436 235 
7	0.0: 207 944 100 935 681 928 549 273 
7	0.0: 359 915 98 884 460 784 576 208 
7	0.0: 370 878 97 921 959 885 461 260 
7	0.0: 297 849 115 966 848 816 540 292 
7	0.0: 286 1043 117 1006 740 1079 514 371 
7	0.0: 302 1256 103 979 1196 930 513 145 
7	0.0: 322 903 126 995 914 984 515 388 
7	0.0: 245 819 113 995 572 1105 473 498 
7	0.0: 333 1104 117 1021 1103 764 499 158 
7	0.0: 216 1096 98 997 824 799 533 372 
7	0.0: 353 660 88 968 937 887 437 324 
7	0.0: 389 1140 126 931 707 1138 617 257 
7	0.0: 188 1043 91 916 747 736 456 268 
7	0.0: 204 1035 111 856 692 708 466 208 
7	0.0: 307 621 102 996 1014 904 352 298 
7	0.0: 406 1278 126 1033 824 958 467 129 
7	0.0: 315 767 107 868 964 941 562 269 
7	0.0: 356 884 116 919 745 875 451 313 
7	0.0: 387 1264 104 1070 826 701 395 425 
7	0.0: 64 1073 112 888 730 885 477 310 
7	0.0: 447 864 109 991 1032 697 469 397 
7	0.0: 441 356 108 1008 622 851 385 117 
7	0.0: 296 703 114 900 510 998 468 232 
7	0.0: 254 834 102 956 530 782 448 262 
7	0.0: 334 651 107 929 647 731 478 216 
7	0.0: 164 1363 127 1003 769 1019 471 259 
7	0.0: 296 804 112 1014 582 857 393 341 
7	0.0: 269 946 100 991 836 894 480 208 
7	0.0: 295 833 96 972 941 1014 493 248 
7	0.0: 281 1385 123 1021 858 869 427 179 
7	0.0: 325 1114 128 1052 649 838 525 410 
7	0.0: 291 1134 112 987 1273 938 369 187 
7	0.0: 164 1115 91 1038 757 860 444 213 
7	0.0: 370 705 108 992 654 794 428 160 
7	0.0: 202 931 101 1017 1118 733 370 248 
7	0.0: 261 819 95 867 960 882 387 276 
7	0.0: 377 954 112 1017 1467 927 379 376 
7	0.0: 317 815 103 1032 723 670 476 232 
7	0.0: 326 1038 97 960 511 878 561 181 
7	0.0: 243 844 103 989 828 1050 443 160 
7	0.0: 200 716 96 1088 876 852 512 376 
7	0.0: 309 1117 96 936 959 775 585 276 
7	0.0: 279 942 99 981 624 724 502 293 
7	0.0: 315 1266 95 996 615 873 490 206 
7	0.0: 227 806 102 1102 439 1022 520 102 
7	0.0: 223 712 126 1012 612 858 517 253 
7	0.0: 422 862 101 1009 906 933 499 283 
7	0.0: 453 916 129 1084 859 899 431 202 
7	0.0: 420 965 97 911 531 927 537 382 
7	0.0: 189 657 112 968 955 1025 496 137 
7	0.0: 293 910 116 931 980 788 478 228 
7	0.0: 316 1091 114 994 949 780 623 312 
7	0.0: 329 1119 92 1007 1249 806 507 173 
7	0.0: 150 1052 117 974 662 691 396 94 
7	0.0: 147 1233 114 977 959 813 424 45 
7	0.0: 171 978 105 952 858 903 465 332 
7	0.0: 312 1269 110 910 648 717 519 238 
7	0.0: 311 725 120 999 674 858 491 375 
7	0.0: 298 1172 87 962 726 1006 473 235 
7	0.0: 291 993 115 981 642 859 310 133 
7	0.0: 338 869 120 992 781 927 537 213 
7	0.0: 267 918 100 950 651 761 370 336 
7	0.0: 217 679 93 1004 691 945 398 189 
7	0.0: 145 757 128 963 742 816 664 243 
7	0.0: 246 621 111 1014 798 813 448 345 
7	0.0: 306 621 125 972 725 786 527 239 
7	0.0: 202 815 90 1007 582 1020 406 310 
7	0.0: 394 1035 95 956 851 885 445 421 
7	0.0: 237 929 108 989 580 808 472 175 
7	0.0: 229 1094 115 930 414 716 457 152 
7	0.0: 356 1032 119 989 385 694 541 86 
7	0.0: 322 1386 105 845 801 998 480 440 
7	0.0: 339 809 120 855 1037 783 265 205 
7	0.0: 211 1044 103 968 890 778 468 153 
7	0.0: 138 667 134 906 534 912 425 314 
7	0.0: 228 1160 99 1024 743 881 421 286 
7	0.0: 299 905 99 934 974 793 542 364 
7	0.0: 304 872 106 903 1028 765 388 116 
7	0.0: 156 1118 99 962 634 973 394 216 
7	0.0: 137 1370 100 932 1041 819 482 226 
7	0.0: 321 1089 82 987 833 784 540 255 
7	0.0: 365 1006 110 921 755 847 390 235 
7	0.0: 431 838 107 1034 1003 1264 505 275 
7	0.0: 308 835 101 1066 669 999 430 226 
7	0.0: 239 1053 104 1037 1174 1030 502 182 
7	0.0: 112 849 96 994 1074 833 392 37 
7	0.0: 375 1008 103 911 979 832 396 304 
7	0.0: 223 994 109 945 780 801 498 160 
7	0.0: 252 994 97 896 645 892 507 180 
7	0.0: 272 845 106 1025 846 932 438 271 
7	0.0: 454 1418 115 999 1049 747 539 248 
7	0.0: 325 1055 94 945 885 812 380 138 
7	0.0: 294 797 119 910 602 707 468 137 
7	0.0: 357 583 100 987 1006 668 525 264 
7	0.0: 191 912 114 947 881 778 392 284 
7	0.0: 145 996 116 894 971 862 343 288 
7	0.0: 307 1009 102 913 670 900 475 290 
7	0.0: 195 646 104 1014 843 757 537 327 
7	0.0: 425 1396 100 980 809 849 423 270 
7	0.0: 33 1110 86 1000 1044 890 387 246 
7	0.0: 485 1021 106 986 861 918 408 316 
7	0.0: 229 1275 113 996 902 917 427 338 
7	0.0: 198 726 116 941 985 831 358 361 
7	0.0: 285 643 105 922 1104 924 570 177 
7	0.0: 303 1063 111 1013 535 899 690 260 
7	0.0: 171 724 107 1009 735 715 404 406 
7	0.0: 238 908 113 982 1061 1062 494 309 
7	0.0: 251 1055 114 970 835 760 457 204 
7	0.0: 510 1093 102 947 918 576 463 278 
7	0.0: 300 1080 101 978 747 889 274 161 
7	0.0: 257 764 110 1000 775 824 400 322 
7	0.0: 255 1136 106 958 616 901 522 255 
7	0.0: 287 914 110 965 922 902 471 139 
7	0.0: 302 1069 88 935 831 857 440 126 
7	0.0: 215 888 113 1004 977 816 284 235 
7	0.0: 169 726 105 998 415 819 500 168 
7	0.0: 393 1009 111 1054 578 895 408 268 
7	0.0: 339 1079 122 875 652 818 484 341 
7	0.0: 274 963 103 938 458 1197 544 241 
7	0.0: 488 1092 124 1001 746 884 397 225 
7	0.0: 243 1166 102 1007 557 875 442 249 
7	0.0: 357 759 120 1072 871 850 389 343 
7	0.0: 297 1143 119 962 351 910 350 434 
7	0.0: 289 1187 93 1003 1122 788 508 250 
7	0.0: 63 779 110 1002 863 980 548 324 
7	0.0: 423 1365 119 916 829 732 479 140 
7	0.0: 222 869 105 982 1223 731 458 252 
7	0.0: 321 1113 124 1027 666 1054 392 263 
7	0.0: 151 1309 115 1030 640 816 466 89 
7	0.0: 236 1215 91 958 771 839 354 76 
7	0.0: 342 1204 80 999 741 677 438 356 
7	0.0: 277 753 94 887 824 803 522 175 
7	0.0: 436 1179 105 971 889 720 524 316 
7	0.0: 238 834 120 940 1067 682 505 195 
7	0.0: 239 983 121 978 1002 877 402 241 
7	0.0: 273 1002 87 1003 697 807 353 1 
7	0.0: 217 932 93 994 438 861 298 304 
7	0.0: 147 1053 105 937 822 790 448 278 
7	0.0: 229 957 77 995 971 932 339 180 
7	0.0: 365 1254 112 965 960 1018 433 178 
7	0.0: 306 1076 117 907 816 864 442 220 
7	0.0: 386 1243 97 982 753 943 437 253 
7	0.0: 336 1185 111 997 738 903 606 321 
7	0.0: 258 1019 87 980 916 805 488 252 
7	0.0: 341 1018 98 974 581 981 365 165 
7	0.0: 1 1055 97 946 942 800 353 177 
7	0.0: 258 858 101 963 1057 831 468 224 
7	0.0: 467 847 116 925 600 901 498 186 
7	0.0: 302 1253 96 1028 694 682 471 127 
7	0.0: 363 1055 87 950 599 852 457 47 
7	0.0: 199 1011 112 1077 729 1038 392 360 
7	0.0: 358 1124 106 872 932 713 421 227 
7	0.0: 359 449 102 950 522 963 510 177 
7	0.0: 364 943 112 960 1038 968 543 161 
7	0.0: 287 1094 102 1052 848 1010 332 269 
7	0.0: 273 973 116 968 818 906 462 181 
7	0.0: 183 826 123 945 493 818 501 106 
7	0.0: 353 763 104 1019 824 1003 435 184 
7	0.0: 249 1153 104 1022 899 933 508 37 
7	0.0: 250 1117 92 1023 979 913 281 307 
7	0.0: 204 1037 94 1052 481 917 504 134 
7	0.0: 145 1003 123 977 422 985 426 200 
7	0.0: 301 681 98 1014 828 832 562 181 
7	0.0: 198 898 107 999 752 776 436 223 
7	0.0: 271 955 112 1010 787 895 446 441 
7	0.0: 165 1077 110 938 739 758 496 265 
7	0.0: 334 821 109 994 922 983 477 167 
7	0.0: 280 1131 113 956 725 837 500 108 
7	0.0: 177 869 117 939 1065 846 407 248 
7	0.0: 373 681 111 958 622 1009 443 138 
7	0.0: 295 884 117 917 569 746 474 97 
7	0.0: 274 753 114 1033 874 965 527 393 
7	0.0: 221 870 109 947 840 618 501 270 
7	0.0: 431 1490 116 1069 756 926 520 266 
7	0.0: 283 1066 97 915 614 927 411 320 
7	0.0: 220 1399 118 919 718 684 457 52 
7	0.0: 350 1011 125 944 664 1062 640 180 
7	0.0: 491 1152 121 906 1218 984 496 342 
7	0.0: 133 665 112 1013 825 906 375 236 
7	0.0: 390 1259 99 900 651 931 383 325 
7	0.0: 325 1243 100 955 903 885 423 310 
7	0.0: 460 682 123 974 1085 655 317 167 
7	0.0: 275 848 88 907 749 845 358 105 
7	0.0: 286 903 94 952 1151 921 481 134 
7	0.0: 350 1105 118 969 755 870 523 174 
7	0.0: 304 914 123 950 684 766 384 231 
7	0.0: 94 1336 127 902 740 906 448 290 
7	0.0: 263 762 93 929 1186 951 450 328 
7	0.0: 382 881 113 955 528 758 526 275 
7	0.0: 318 1051 96 958 964 763 340 157 
7	0.0: 208 1048 112 948 815 1053 416 155 
7	0.0: 213 799 118 1037 918 793 526 321 
7	0.0: 99 980 85 992 1159 817 493 319 
7	0.0: 355 872 126 1022 677 857 573 159 
7	0.0: 419 1056 93 831 646 996 573 243 
7	0.0: 305 916 108 1014 695 779 482 144 
7	0.0: 379 1277 103 944 712 730 459 271 
7	0.0: 190 1139 121 981 715 1015 565 160 
7	0.0: 217 1042 121 958 993 875 545 201 
7	0.0: 192 824 98 945 759 804 503 311 
7	0.0: 279 752 106 1013 635 774 454 113 
7	0.0: 161 923 100 1028 856 865 546 181 
7	0.0: 254 776 89 908 890 1083 482 269 
7	0.0: 101 839 115 904 1045 1003 455 264 
7	0.0: 425 1195 87 1040 659 863 533 180 
7	0.0: 387 980 98 1035 512 748 393 421 
7	0.0: 330 950 91 829 697 731 471 340 
7	0.0: 340 1146 96 912 887 771 494 274 
7	0.0: 396 823 115 1036 824 997 409 127 
7	0.0: 267 862 118 990 620 836 342 106 
7	0.0: 339 683 113 995 899 846 447 257 
7	0.0: 329 930 127 931 617 822 400 161 
7	0.0: 204 1148 94 1041 500 957 365 189 
7	0.0: 103 954 90 1051 393 957 313 290 
7	0.0: 190 712 103 937 973 800 430 209 
7	0.0: 142 921 109 999 779 878 461 276 
7	0.0: 189 1173 105 874 817 810 460 215 
7	0.0: 210 996 110 1020 638 775 440 185 
7	0.0: 186 1021 118 969 695 786 380 93 
7	0.0: 259 1055 102 989 842 913 399 188 
7	0.0: 312 733 105 979 1219 797 547 214 
7	0.0: 276 688 95 985 994 900 438 163 
7	0.0: 416 798 100 993 845 786 491 225 
7	0.0: 283 847 113 932 725 818 528 105 
7	0.0: 147 1239 104 967 639 836 386 253 
7	0.0: 319 746 135 951 844 964 540 202 
7	0.0: 368 987 96 991 826 726 507 232 
7	0.0: 296 1253 103 1030 675 894 495 163 
7	0.0: 128 677 89 1063 1130 806 583 191 
7	0.0: 203 1020 97 934 698 1033 507 162 
7	0.0: 375 996 103 1022 791 844 635 372 
7	0.0: 251 759 98 982 815 840 558 91 
7	0.0: 154 930 126 940 720 754 585 275 
7	0.0: 374 981 101 1014 1147 668 468 160 
7	0.0: 412 1084 85 925 727 983 525 169 
7	0.0: 410 1223 104 990 1004 958 474 112 
7	0.0: 237 825 113 938 617 755 437 416 
7	0.0: 270 951 108 952 399 873 484 340 
7	0.0: 406 864 84 1017 807 1028 552 325 
7	0.0: 259 960 103 928 624 928 451 382 
7	0.0: 225 1109 103 1003 814 684 530 190 
7	0.0: 338 888 101 977 382 821 425 310 
7	0.0: 290 723 104 909 732 828 538 323 
7	0.0: 216 1008 103 1049 522 948 522 190 
7	0.0: 121 587 110 1004 909 910 357 258 
7	0.0: 304 1237 98 956 862 1163 382 326 
7	0.0: 199 780 103 1053 828 904 381 246 
7	0.0: 399 1110 97 1039 905 871 531 267 
7	0.0: 143 1141 105 970 910 1086 378 398 
7	0.0: 237 1019 110 1034 824 876 518 169 
7	0.0: 287 936 118 950 585 996 578 213 
7	0.0: 263 675 106 909 540 886 443 341 
7	0.0: 352 1418 105 888 835 895 303 120 
7	0.0: 120 927 98 908 970 913 311 218 
7	0.0: 185 888 88 961 557 1003 416 73 
7	0.0: 205 772 112 865 765 768 449 146 
7	0.0: 325 1156 125 950 682 837 426 184 
7	0.0: 225 537 105 980 457 705 437 241 
7	0.0: 178 1096 106 1031 775 806 474 448 
7	0.0: 429 759 116 974 868 920 393 163 
7	0.0: 409 1102 119 945 756 718 461 187 
7	0.0: 79 1119 103 982 794 794 381 249 
7	0.0: 301 770 103 1062 609 639 527 198 
7	0.0: 274 994 116 1134 625 791 480 274 
7	0.0: 209 1285 110 986 622 905 560 310 
7	0.0: 199 1090 114 933 808 734 485 322 
7	0.0: 142 764 109 1035 769 1096 353 104 
7	0.0: 283 1024 114 962 820 758 409 264 
7	0.0: 246 959 98 918 1085 922 484 197 
7	0.0: 301 1111 101 906 623 797 493 154 
7	0.0: 475 1013 111 958 693 833 387 303 
7	0.0: 115 734 111 989 1044 642 417 241 
7	0.0: 289 1336 101 985 637 980 570 373 
7	0.0: 101 1046 107 1029 752 1062 497 304 
7	0.0: 313 862 105 959 567 967 487 239 
7	0.0: 285 1241 104 1020 543 837 475 339 
7	0.0: 217 556 100 926 445 952 345 269 
7	0.0: 140 1191 97 1012 817 881 480 186 
7	0.0: 42 1460 106 941 1047 853 326 416 
7	0.0: 224 1126 114 956 694 889 649 398 
7	0.0: 466 945 112 1070 1050 819 326 231 
7	0.0: 153 913 105 1062 831 994 301 184 
7	0.0: 274 788 92 1075 842 899 547 183 
7	0.0: 307 996 115 972 776 1003 448 248 
7	0.0: 198 1170 101 910 609 945 358 1 
7	0.0: 240 889 77 1010 1039 907 488 274 
7	0.0: 371 1058 100 941 352 761 398 259 
7	0.0: 312 1180 97 949 906 948 461 266 
7	0.0: 234 681 105 1000 734 774 445 189 
7	0.0: 231 772 119 967 782 889 386 195 
7	0.0: 440 993 95 1066 743 846 365 197 
7	0.0: 340 957 96 938 704 853 437 101 
7	0.0: 316 666 84 958 802 809 416 259 
7	0.0: 311 874 106 1012 953 783 489 164 
7	0.0: 154 815 125 1000 670 840 310 364 
7	0.0: 380 969 100 904 586 992 469 146 
7	0.0: 321 1009 103 900 946 920 413 422 
7	0.0: 140 1028 98 1073 909 838 464 268 
7	0.0: 228 860 107 920 524 834 509 182 
7	0.0: 319 1098 97 1018 664 909 422 149 
7	0.0: 293 655 100 942 1115 750 574 275 
7	0.0: 290 827 101 972 1006 712 372 162 
7	0.0: 302 940 111 962 863 812 313 212 
7	0.0: 272 848 111 965 957 872 414 206 
7	0.0: 330 924 97 884 748 906 473 328 
7	0.0: 255 893 95 996 736 951 441 310 
7	0.0: 328 1094 93 989 1084 912 516 40 
7	0.0: 321 894 108 1010 588 787 435 147 
7	0.0: 337 755 114 1103 350 939 353 163 
7	0.0: 196 690 102 1055 606 755 249 369 
7	0.0: 340 947 113 947 1122 847 412 256 
7	0.0: 234 1020 112 966 1141 995 445 134 
7	0.0: 247 954 126 1021 683 793 586 376 
7	0.0: 347 1032 122 964 792 1001 406 315 
7	0.0: 205 969 117 780 753 960 395 279 
7	0.0: 417 1000 94 972 538 762 569 172 
7	0.0: 262 695 92 890 673 828 498 103 
7	0.0: 231 978 101 965 723 1032 544 284 
7	0.0: 261 797 90 995 614 1028 387 209 
7	0.0: 220 922 100 842 877 752 373 222 
7	0.0: 320 1086 102 962 563 934 376 180 
7	0.0: 242 994 99 950 1116 725 551 254 
7	0.0: 258 778 121 950 868 952 632 232 
7	0.0: 359 1020 101 976 729 802 457 283 
7	0.0: 171 901 104 1038 532 886 637 244 
7	0.0: 300 1030 126 929 796 925 460 147 
7	0.0: 86 1237 96 979 580 691 393 214 
7	0.0: 339 1391 120 930 1042 902 500 354 
7	0.0: 310 973 116 983 649 1145 499 229 
7	0.0: 360 938 110 953 925 952 404 243 
7	0.0: 189 940 111 995 918 897 567 275 
7	0.0: 296 738 91 880 627 664 505 55 
7	0.0: 257 857 97 904 629 889 460 203 
7	0.0: 276 1031 115 991 823 827 437 234 
7	0.0: 129 1014 111 1021 780 994 452 343 
7	0.0: 251 665 111 941 1019 922 581 119 
7	0.0: 158 1170 87 940 898 978 382 494 
7	0.0: 379 1238 119 1056 1008 996 366 278 
7	0.0: 236 757 99 927 887 869 490 367 
7	0.0: 313 822 90 1040 848 764 576 288 
7	0.0: 39 1093 98 1015 836 1046 377 232 
7	0.0: 310 1084 118 950 672 901 507 227 
7	0.0: 345 1367 103 962 1183 979 358 381 
7	0.0: 192 878 122 956 778 824 360 313 
7	0.0: 405 649 124 968 579 843 536 236 
7	0.0: 180 887 104 994 851 892 530 157 
7	0.0: 168 1147 122 993 767 903 485 314 
7	0.0: 371 864 104 903 855 754 523 149 
7	0.0: 341 773 87 1005 648 879 471 332 
7	0.0: 175 1042 110 965 971 878 359 278 
7	0.0: 157 1163 119 933 401 865 532 152 
7	0.0: 219 1195 95 965 679 881 548 86 
7	0.0: 368 1247 85 1003 1067 875 557 275 
7	0.0: 128 1036 105 1059 578 634 522 253 
7	0.0: 198 812 127 964 586 1014 494 161 
7	0.0: 204 1027 105 999 931 765 357 225 
7	0.0: 283 1035 105 1036 709 817 491 122 
7	0.0: 162 1021 104 1037 710 888 360 1 
7	0.0: 219 1060 95 995 465 865 404 227 
7	0.0: 234 788 98 907 943 841 382 249 
7	0.0: 203 680 118 987 846 1039 566 208 
7	0.0: 289 812 116 919 726 1014 420 408 
7	0.0: 200 985 116 865 691 973 507 190 
7	0.0: 318 1061 107 956 566 813 533 209 
7	0.0: 191 1001 103 961 342 900 418 322 
7	0.0: 295 1250 107 977 963 968 439 261 
7	0.0: 318 977 117 911 858 767 453 271 
7	0.0: 370 1206 111 871 800 925 586 24 
7	0.0: 243 1056 113 953 266 755 501 171 
7	0.0: 142 888 105 1012 806 893 432 165 
7	0.0: 207 902 112 1087 958 944 437 133 
7	0.0: 333 936 98 903 999 896 511 434 
7	0.0: 241 786 91 930 604 694 598 131 
7	0.0: 341 915 108 1095 739 871 431 294 
7	0.0: 205 845 121 958 1112 714 427 267 
7	0.0: 381 872 137 919 710 822 552 229 
7	0.0: 193 1083 102 1009 798 708 566 265 
7	0.0: 423 1418 98 953 512 855 497 170 
7	0.0: 344 761 106 971 871 891 453 290 
7	0.0: 367 1260 94 977 944 767 345 203 
7	0.0: 337 1262 127 1109 511 839 348 149 
7	0.0: 374 911 101 1011 760 1045 536 409 
7	0.0: 241 1076 110 1011 972 786 525 44 
7	0.0: 268 792 107 1032 640 953 541 345 
7	0.0: 288 1094 109 1074 735 831 360 137 
7	0.0: 311 623 86 1014 720 870 493 248 
7	0.0: 293 987 111 953 848 826 470 320 
7	0.0: 261 963 91 987 775 717 254 189 
7	0.0: 222 674 94 969 633 845 447 253 
7	0.0: 136 886 124 930 719 951 439 174 
7	0.0: 270 843 115 1024 688 757 492 282 
7	0.0: 181 1073 119 924 849 969 315 141 
7	0.0: 367 1022 88 935 1060 899 414 249 
7	0.0: 271 673 112 893 647 682 373 187 
7	0.0: 333 794 103 1052 870 754 463 178 
7	0.0: 422 1067 111 910 747 949 553 89 
7	0.0: 294 562 92 925 613 580 538 96 
7	0.0: 263 1067 133 923 729 933 513 299 
7	0.0: 376 1117 104 984 913 975 494 365 
7	0.0: 242 822 122 984 655 1083 378 209 
7	0.0: 436 791 104 1020 668 953 345 279 
7	0.0: 259 1119 103 942 813 818 599 90 
7	0.0: 426 785 115 877 997 901 460 365 
7	0.0: 339 779 109 967 763 978 419 310 
7	0.0: 164 561 111 989 812 871 511 385 
7	0.0: 223 840 112 975 734 880 563 201 
7	0.0: 311 936 100 1027 711 799 454 298 
7	0.0: 402 621 104 980 929 936 550 104 
7	0.0: 303 631 118 946 1132 841 551 210 
7	0.0: 444 805 99 869 758 934 356 142 
7	0.0: 267 666 121 922 865 901 326 118 
7	0.0: 317 992 113 908 812 903 455 124 
7	0.0: 166 685 96 1062 912 698 504 296 
7	0.0: 166 681 106 992 759 913 518 396 
7	0.0: 363 1095 118 878 821 1132 555 350 
7	0.0: 250 1512 108 987 918 829 325 216 
7	0.0: 270 879 112 946 799 1054 498 288 
7	0.0: 404 1293 95 960 625 1075 551 286 
7	0.0: 460 740 109 942 692 964 371 174 
7	0.0: 421 1210 127 960 896 794 375 285 
7	0.0: 260 1013 103 1022 816 865 449 189 
7	0.0: 316 1161 104 933 569 894 456 145 
7	0.0: 188 933 115 937 334 706 464 1 
7	0.0: 371 934 112 903 936 889 436 280 
7	0.0: 383 1125 105 1030 745 1010 324 205 
7	0.0: 274 944 92 912 831 873 340 311 
7	0.0: 352 1018 92 1087 917 850 345 341 
7	0.0: 235 779 102 1033 869 772 432 150 
7	0.0: 204 861 107 976 966 871 502 318 
7	0.0: 420 922 106 992 644 920 391 286 
7	0.0: 426 1028 103 966 882 760 564 347 
7	0.0: 324 1031 129 998 1051 1020 332 237 
7	0.0: 420 393 106 935 575 881 585 308 
7	0.0: 376 1053 92 979 833 770 482 186 
7	0.0: 224 943 101 977 783 783 467 312 
7	0.0: 451 1165 101 938 1245 696 557 259 
7	0.0: 195 956 110 1011 835 943 549 349 
7	0.0: 266 1008 96 962 717 793 455 268 
7	0.0: 376 920 98 887 941 1035 446 127 
7	0.0: 307 953 99 1001 662 780 402 186 
7	0.0: 284 779 118 1075 508 1092 416 213 
7	0.0: 344 939 97 1092 904 702 422 196 
7	0.0: 185 887 95 927 899 935 517 303 
7	0.0: 264 822 108 919 647 649 314 298 
7	0.0: 266 789 86 947 537 661 367 146 
7	0.0: 342 873 100 1052 586 713 463 182 
7	0.0: 239 824 122 893 1024 946 335 187 
7	0.0: 359 644 108 951 863 706 535 237 
7	0.0: 311 984 102 958 883 775 504 240 
7	0.0: 370 1041 96 977 660 796 361 222 
7	0.0: 184 1070 117 945 495 762 401 129 
7	0.0: 359 1103 109 928 574 767 542 185 
7	0.0: 244 1037 100 973 671 856 467 281 
7	0.0: 368 1248 106 957 593 883 585 353 
7	0.0: 311 700 100 982 770 684 329 204 
7	0.0: 224 662 107 1024 822 1096 439 197 
7	0.0: 273 1120 94 900 945 922 604 262 
7	0.0: 324 855 109 866 486 888 470 137 
7	0.0: 197 942 130 862 540 907 513 5 
7	0.0: 410 980 99 1069 669 681 410 137 
7	0.0: 379 673 87 945 351 977 420 109 
7	0.0: 113 1013 109 1005 1175 702 392 308 
7	0.0: 289 1101 105 946 695 729 600 197 
7	0.0: 84 924 98 922 1110 781 467 292 
7	0.0: 225 606 109 1029 634 619 416 401 
2	0.0: 259 598 110 934 187 829 476 182 
7	0.0: 275 751 102 881 876 838 464 239 
7	0.0: 328 758 126 966 532 1049 304 138 
7	0.0: 286 1133 108 1036 864 730 421 92 
7	0.0: 131 721 118 953 684 866 575 226 
7	0.0: 238 1225 87 1021 830 690 383 42 
7	0.0: 347 764 103 948 734 973 474 189 
7	0.0: 366 1147 103 980 535 1030 610 355 
7	0.0: 309 866 110 1085 778 976 425 256 
7	0.0: 380 998 106 997 814 921 499 188 
7	0.0: 312 987 105 887 743 755 396 241 
7	0.0: 265 609 111 917 553 869 469 298 
7	0.0: 138 1215 103 953 847 794 538 230 
7	0.0: 328 761 98 1010 661 636 387 148 
7	0.0: 495 663 93 962 525 947 408 208 
7	0.0: 220 739 131 982 502 867 419 190 
7	0.0: 306 956 104 1041 795 843 309 228 
7	0.0: 233 1093 107 970 1084 820 367 268 
7	0.0: 227 1125 103 989 538 651 507 378 
7	0.0: 403 765 115 966 654 804 370 192 
7	0.0: 254 893 114 1002 572 979 424 238 
7	0.0: 296 772 112 1007 522 1045 390 291 
7	0.0: 283 1013 100 896 828 1044 549 289 
7	0.0: 394 827 94 932 973 833 428 216 
7	0.0: 336 990 104 957 981 823 478 111 
7	0.0: 188 892 117 995 738 1064 512 339 
7	0.0: 412 832 86 942 714 929 418 307 
7	0.0: 312 1018 98 912 705 762 320 93 
7	0.0: 458 829 99 954 577 748 481 313 
7	0.0: 284 1397 109 981 1071 851 394 147 
7	0.0: 306 1138 126 911 930 914 440 309 
7	0.0: 203 518 89 885 640 774 453 187 
7	0.0: 268 1007 103 1019 792 836 381 200 
7	0.0: 182 512 89 955 1026 805 486 111 
7	0.0: 375 1098 110 1080 612 1020 437 212 
7	0.0: 185 906 105 998 676 982 505 284 
7	0.0: 455 881 121 1029 1041 760 555 211 
7	0.0: 259 1048 114 952 857 819 456 306 
7	0.0: 233 961 118 967 809 600 472 156 
7	0.0: 209 585 114 904 843 932 406 186 
7	0.0: 265 1274 103 851 579 899 523 205 
7	0.0: 347 801 114 932 648 781 398 136 
7	0.0: 110 1170 111 994 789 934 368 273 
7	0.0: 435 1201 119 1033 839 959 606 158 
7	0.0: 355 957 91 988 773 960 514 157 
7	0.0: 400 968 110 998 408 1030 575 118 
7	0.0: 280 955 110 977 1240 523 524 116 
7	0.0: 413 958 116 976 615 801 517 146 
7	0.0: 230 752 97 967 909 974 491 265 
7	0.0: 314 647 123 909 992 928 495 218 
7	0.0: 427 725 123 994 917 888 425 192 
7	0.0: 244 1074 110 968 744 1115 538 147 
7	0.0: 184 685 89 995 981 974 447 249 
7	0.0: 297 760 93 995 591 934 470 269 
7	0.0: 181 747 96 972 761 777 484 211 
7	0.0: 335 1215 123 1044 736 697 597 244 
7	0.0: 431 1034 99 905 774 818 519 178 
7	0.0: 303 974 104 862 627 1082 522 227 
7	0.0: 140 1181 118 911 984 951 459 163 
7	0.0: 203 1108 108 942 1168 942 332 259 
7	0.0: 269 902 115 1067 844 894 385 212 
7	0.0: 509 996 113 978 887 880 557 305 
7	0.0: 363 1062 106 940 548 719 424 122 
7	0.0: 139 974 114 1021 861 881 441 195 
7	0.0: 318 595 106 989 1071 652 522 314 
7	0.0: 336 916 102 950 937 762 450 283 
7	0.0: 487 864 122 991 947 824 463 128 
7	0.0: 370 747 97 1022 746 1077 487 207 
7	0.0: 182 1078 128 1052 912 977 371 377 
7	0.0: 196 1193 106 919 695 843 564 240 
7	0.0: 224 1033 108 962 461 820 599 181 
7	0.0: 321 1154 99 950 899 912 436 353 
7	0.0: 359 949 111 962 922 863 463 277 
7	0.0: 271 1034 98 980 996 781 592 381 
7	0.0: 288 800 101 940 958 1048 660 146 
7	0.0: 282 866 106 986 787 626 448 265 
7	0.0: 224 779 110 1029 446 843 453 130 
7	0.0: 376 1129 116 1058 876 891 526 190 
7	0.0: 279 829 106 980 734 837 474 221 
7	0.0: 292 1353 115 978 597 1041 555 178 
7	0.0: 436 1095 102 1002 1076 933 420 214 
7	0.0: 124 1455 113 1017 352 861 458 151 
7	0.0: 194 988 97 974 789 656 421 236 
7	0.0: 240 978 97 994 696 929 508 258 
7	0.0: 231 729 100 918 840 927 280 196 
7	0.0: 395 808 96 968 668 854 434 251 
7	0.0: 229 1075 94 939 994 830 391 192 
7	0.0: 227 1128 116 1031 357 842 468 168 
7	0.0: 205 512 102 923 682 923 453 336 
7	0.0: 218 679 92 902 703 846 544 162 
7	0.0: 292 786 119 980 845 701 299 122 
7	0.0: 362 1176 133 1007 982 919 364 235 
7	0.0: 335 660 113 953 825 832 586 257 
7	0.0: 168 1215 104 931 669 1030 558 158 
7	0.0: 229 795 107 1044 974 797 340 222 
7	0.0: 380 1102 84 1005 523 1056 360 160 
7	0.0: 171 820 113 881 618 854 461 352 
7	0.0: 332 1002 101 917 849 746 525 257 
7	0.0: 267 709 104 946 606 903 329 238 
7	0.0: 333 1045 98 969 413 1040 434 219 
7	0.0: 303 983 101 964 690 1182 254 332 
7	0.0: 258 883 104 911 680 790 562 205 
7	0.0: 472 1095 120 987 849 816 423 244 
7	0.0: 431 1095 100 1025 732 989 421 299 
7	0.0: 249 970 102 952 571 810 386 219 
7	0.0: 327 695 97 1022 605 868 432 398 
7	0.0: 373 1156 108 983 635 941 312 257 
7	0.0: 275 1081 97 947 691 1005 443 230 
7	0.0: 326 822 110 922 743 799 523 241 
7	0.0: 301 918 84 1015 787 923 453 345 
7	0.0: 331 1289 88 1041 749 838 325 219 
7	0.0: 315 857 104 936 1068 898 392 198 
7	0.0: 170 768 115 980 1160 737 416 181 
7	0.0: 243 833 125 968 464 837 415 241 
7	0.0: 196 889 110 915 777 1011 583 203 
7	0.0: 260 794 100 1042 1055 830 328 294 
7	0.0: 285 1049 97 976 802 815 541 228 
7	0.0: 8 1078 116 973 1236 822 461 123 
7	0.0: 336 1174 104 1024 681 938 378 257 
7	0.0: 216 1145 117 943 1003 894 301 272 
7	0.0: 144 706 93 964 964 954 378 369 
7	0.0: 279 933 95 937 349 1043 425 55 
7	0.0: 354 956 106 951 566 1059 488 281 
7	0.0: 456 822 103 963 558 882 458 300 
7	0.0: 295 939 129 926 810 963 598 137 
7	0.0: 443 1057 88 935 578 767 480 158 
7	0.0: 320 1023 103 1005 1160 900 484 449 
7	0.0: 319 1010 85 989 1044 840 446 208 
7	0.0: 335 814 114 1012 920 733 462 215 
7	0.0: 221 690 100 909 567 970 604 292 
7	0.0: 371 1073 92 879 583 833 458 210 
7	0.0: 234 810 114 984 540 845 400 166 
7	0.0: 244 898 112 876 767 932 526 324 
7	0.0: 210 798 106 1079 1160 857 529 210 
7	0.0: 385 680 113 986 725 709 552 343 
7	0.0: 253 872 116 925 1065 852 409 39 
7	0.0: 370 1356 106 957 762 877 468 336 
7	0.0: 175 756 99 989 657 714 350 327 
7	0.0: 270 902 110 1020 604 954 425 264 
7	0.0: 91 934 95 964 783 853 542 271 
7	0.0: 211 785 117 1074 547 1146 537 140 
7	0.0: 280 1290 97 991 659 911 376 149 
7	0.0: 293 1019 109 920 608 792 532 189 
7	0.0: 250 955 123 927 759 898 416 235 
7	0.0: 277 787 85 1070 614 1014 441 237 
7	0.0: 237 956 130 942 902 874 482 108 
7	0.0: 322 1072 107 1117 578 995 561 317 
7	0.0: 227 891 116 1027 772 811 398 426 
7	0.0: 371 586 125 911 783 925 302 146 
7	0.0: 1 949 114 971 891 945 519 340 
7	0.0: 302 781 105 936 707 942 413 282 
7	0.0: 409 1459 98 879 908 745 403 321 
7	0.0: 373 904 107 978 796 816 420 83 
7	0.0: 368 762 111 988 755 1056 489 270 
7	0.0: 178 1131 114 1007 850 911 569 363 
7	0.0: 85 554 105 936 844 958 380 108 
7	0.0: 63 1118 111 1064 880 1018 562 65 
7	0.0: 317 872 115 1011 735 809 347 284 
7	0.0: 326 983 98 968 879 950 435 175 
7	0.0: 163 885 106 981 1179 826 472 234 
7	0.0: 225 955 103 863 712 790 398 455 
7	0.0: 111 998 111 1019 1050 894 364 292 
7	0.0: 327 854 96 969 860 912 459 181 
2	0.0: 258 907 97 907 44 1072 566 298 
7	0.0: 441 1063 79 1005 479 768 530 365 
7	0.0: 454 944 128 945 1079 855 437 204 
7	0.0: 351 893 103 904 798 1024 426 234 
7	0.0: 385 1240 91 979 653 955 462 146 
7	0.0: 278 1117 100 998 919 900 602 362 
7	0.0: 353 1132 109 974 727 882 525 132 
7	0.0: 379 781 112 986 714 870 312 256 
7	0.0: 515 708 111 978 485 830 488 141 
7	0.0: 320 1190 99 1022 649 713 409 109 
7	0.0: 95 917 107 876 1050 739 488 286 
7	0.0: 308 1144 89 963 919 930 444 234 
7	0.0: 410 972 105 1027 879 738 372 92 
7	0.0: 253 898 108 974 391 1018 510 151 
7	0.0: 222 1156 93 879 843 1009 592 201 
7	0.0: 197 845 105 956 507 931 456 221 
7	0.0: 395 1014 92 1080 633 1026 425 122 
7	0.0: 209 1116 106 932 1008 971 446 243 
7	0.0: 102 1277 116 986 764 832 440 308 
7	0.0: 327 968 106 945 848 717 510 305 
7	0.0: 285 421 102 999 554 1002 361 213 
7	0.0: 308 717 117 966 867 761 391 354 
7	0.0: 356 963 105 993 458 769 346 54 
7	0.0: 222 751 111 970 867 907 485 200 
7	0.0: 377 787 112 1019 1096 996 391 206 
7	0.0: 369 1109 121 917 1063 835 488 280 
7	0.0: 168 963 101 1050 1027 785 242 266 
7	0.0: 319 1018 106 950 510 988 441 217 
7	0.0: 207 718 107 965 817 846 505 377 
7	0.0: 386 1150 108 978 713 824 527 198 
7	0.0: 390 905 97 958 804 692 551 317 
7	0.0: 224 799 86 1051 1115 884 464 176 
7	0.0: 262 668 123 1033 860 949 416 226 
7	0.0: 199 964 118 829 836 657 419 219 
7	0.0: 344 804 117 991 888 901 534 186 
7	0.0: 382 1057 110 927 1014 1051 476 230 
7	0.0: 428 782 124 987 932 1003 419 159 
7	0.0: 375 743 95 1023 497 696 480 288 
7	0.0: 213 1120 104 1015 716 828 512 142 
7	0.0: 329 1279 98 931 804 928 362 244 
