1947
1610
1679
964
1641
1410
1132
1077
1430
1404
1300
1109
1696
879
1003
1688
1973
1275
1836
1395
1192
1036
933
1918
1017
1844
1337
867
1821
1778
1767
1989
1902
1032
1466
847
1026
1615
1839
1766
919
802
1124
1830
1897
1461
1125
1399
1171
1829
1617
1001
812
1041
1783
1039
1472
1745
1352
1450
1859
1265
1524
1846
1763
1318
845
1376
882
965
762
1518
892
1185
1885
1207
1047
1498
1006
1045
1660
1394
1986
1780
877
1363
1810
1365
1434
1588
1332
1868
1877
1857
1677
1152
813
1448
1247
901
1312
1317
1184
909
1833
1292
1147
1223
1648
1255
1350
839
1209
1362
1941
1509
1356
1574
797
1636
1791
1183
1988
1246
989
1758
1073
920
1241
1115
1706
1517
1546
1439
755
941
1594
1315
1961
1336
1046
1455
1112
1884
1893
1470
1608
848
585
1069
1345
1330
793
1196
1496
1476
1755
1473
1566
1872
1469
1354
1130
1334
1837
1094
1964
1031
1307
859
956
1944
1576
1401
1805
1970
1993
1684
846
834
1683
1297
1587
1959
1692
1599
1360
1164
819
1674
1062
1388
1876
766
818
881
1226
923
1355
1485
1488
1529
862
1995
1922
873
1515
1560
1906
946
1965
1236
828
1998
1585
740
1776
1562
1729
1864
1801
1725
996
1581
1551
1539
1070
914
1348
1957
1802
1004
777
1735
1946
1924
463
1841
954
1796
1424
1382
1678
1676
1451
1764
1549
1342
1217
1167
1570
1210
1193
1214
1850
985
729
780
1244
1033
1537
1429
932
1822
1492
1029
1478
1713
927
1848
1852
1393
1426
782
1933
938
1512
875
1578
1709
1680
1284
1353
1682
1054
1984
745
1341
769
731
1157
764
1916
906
1438
1634
1623
1256
976
1716
887
1702
1422
1632
1153
794
899
1748
1880
1609
981
1878
1276
1423
988
1812
929
1896
1501
1799
1290
832
1953
1386
1299
726
1782
1436
1417
1482
1658
1874
1051
1618
737
790
1443
1591
1500
1752
1870
1357
962
1412
1173
1013
1225
869
1909
1572
1234
1727
1954
1101
1540
1825
915
1595
1507
1981
1568
1126
1467
1860
902
896
1598
1556
866
1212
1187
1502
1304
1519
911
1055
1044
1432
1327
1555
961
1838
1653
781
936
1454
1474
1105
937
814
1316
1915
1621
1914
1541
1853
1951
865
1339
1149
1930
1016
1359
1024
1945
1503
1305
1058
1991
1552
1035
1012
1306
771
1831
1148
1996
1351
516
1453
1809
1213
1057
1969
1261
723
1928
1384
1063
1120
1773
1828
1699
1710
1487
1644
1374
1559
1672
1737
1389
742
1979
1920
1657
955
761
1892
978
1635
1971
1249
1854
1845
1907
1433
1513
1066
948
1018
908
853
1099
1088
1835
973
1493
1116
826
1108
1468
1881
1331
885
1816
1110
1650
963
1243
1465
1606
1652
957
900
1117
1463
1592
1050
874
1049
1442
1254
842
394
1020
785
1060
851
1324
487
944
1730
1218
1075
1179
1204
1479
1138
1769
912
1440
1133
1322
1396
1616
449
1627
1238
661
1895
958
1232
1030
1203
1283
1037
1086
1795
1221
1211
664
605
1083
854
966
1387
970
789
1894
1000
1415
1687
924
1182
1526
904
1579
1201
642
1873
1271
1535
788
1834
974
768
1787
836
1759
1514
1960
982
1934
1614
744
1146
984
1027
1554
1295
1092
1602
1963
734
824
1806
805
1619
1178
1098
1761
774
1456
1491
1739
823
1597
1208
1427
1310
1180
775
1824
1700
1790
1542
1375
905
1333
786
1402
1788
1191
1701
1253
1754
960
799
953
1414
1085
860
1949
1792
728
1774
1620
967
1757
968
1279
1862
1259
883
1740
1289
1174
1407
1320
1419
1142
1398
1686
1649
1499
1589
1245
1309
1154
1938
1056
1222
1966
1043
810
999
1847
876
1798
724
1968
721
1521
759
1669
1200
1421
861
1413
1090
1274
1313
1335
1343
1103
581
1890
1691
1028
1523
1505
1007
1008
926
1711
716
1227
1522
1106
1093
1550
1380
1983
583
1408
1563
1080
739
1321
803
377
1937
872
1747
770
1622
991
1252
939
1999
1484
1794
1257
735
1534
1888
1742
1913
1760
1127
838
1817
464
1695
1593
1139
1789
404
907
1082
972
1962
1308
1136
1159
426
1068
750
1842
1095
1129
855
747
1286
1715
1577
1997
679
779
1510
835
1694
1497
1298
1750
732
804
1590
1690
1477
1569
1158
1248
849
1391
1903
806
767
1155
1228
934
1462
1646
975
891
1525
1188
841
1023
1866
1819
829
1282
1511
678
1169
821
1926
1626
895
1771
1176
1722
709
1976
1800
1446
1104
624
817
1911
1904
1486
1580
1921
700
1220
1654
1670
1940
1804
1096
1639
1785
736
1240
1675
1144
753
1264
1262
870
1189
884
1583
1122
1664
635
1849
878
778
1545
1823
1202
1567
1656
783
1349
405
1840
1659
1925
1975
947
1411
800
1673
532
760
1561
1369
1165
1910
1733
1640
811
1091
868
1899
1723
1698
458
1435
1170
558
671
890
1982
763
1272
1855
898
1067
1385
1457
1538
580
1022
1808
1128
1731
916
752
1865
943
370
1464
913
1418
1867
1229
690
569
897
1575
1301
1425
1856
1858
1151
1416
1980
1215
1967
1163
746
1021
1987
1883
1296
1536
1645
1950
1383
765
1843
1118
1743
1084
757
1718
1195
1311
758
997
843
1781
1237
717
620
676
1293
1671
830
1285
420
1637
419
833
1663
1235
1972
827
1186
1613
559
1371
1445
1471
1746
1406
1693
452
1772
1582
526
1168
998
1952
1194
660
1239
1728
1631
684
1612
743
1504
1818
1319
1724
1717
795
990
1458
490
1768
840
1630
1444
444
1770
639
374
1851
722
1111
1931
751
557
1697
407
784
1908
959
1162
550
808
1530
1314
825
1294
738
590
1815
1584
467
1233
1490
756
1992
654
388
1219
1205
1216
1166
441
1624
1053
1231
815
1014
1712
1628
1260
1887
1494
1936
1367
478
498
1744
749
977
606
1832
917
708
1665
1558
570
1079
1807
858
791
971
1107
1071
462
1326
889
1977
1190
1813
949
1775
1901
940
741
1250
1230
1751
397
593
1160
1270
1531
409
772
1002
1974
1685
1633
1543
950
1642
440
1667
625
776
1662
1372
1377
969
1145
893
1586
1905
1338
1198
486
1361
1879
1917
1089
1347
456
1784
903
1601
1826
1403
1495
294
1929
484
910
1100
730
1786
551
1882
1269
1605
1131
527
418
796
373
1506
692
1061
1871
1267
1459
1370
594
1329
748
543
544
602
857
1958
1206
1010
1943
1814
1820
1288
1081
1978
993
522
628
393
809
622
1571
1912
1565
1134
1025
1431
1527
1611
1891
983
1121
1420
1719
1666
1643
986
696
1603
987
1604
1932
621
1736
1266
616
792
733
267
1705
412
1607
1548
992
597
577
1123
1600
831
1638
1738
607
1074
591
672
1323
495
1557
376
1803
589
1009
482
1756
1704
1762
471
1765
1140
1661
1827
880
611
1346
667
719
518
1197
428
1651
1994
687
1143
1328
922
1544
1368
1481
1325
406
665
1948
1447
930
1263
1064
1489
1689
1119
807
850
1935
429
1161
623
693
1150
652
798
610
448
694
1793
573
1956
1939
1364
1726
384
382
662
387
837
438
512
475
1553
1625
727
596
1268
609
603
1172
1405
457
1927
1721
1437
641
283
1379
535
627
600
502
537
1280
1520
615
427
1668
928
1547
1287
1087
820
1708
1281
1177
1861
430
1990
415
538
637
1040
582
352
1533
275
1042
1483
674
579
431
483
435
446
530
1779
668
863
604
1137
666
592
1302
1460
683
1340
1273
541
556
886
566
1034
1392
638
725
801
816
942
754
417
1753
1707
1734
1681
423
1900
787
663
445
375
631
612
496
1366
1113
1224
871
1919
1102
578
1777
511
1528
636
1596
476
1428
822
1397
1452
918
434
499
1390
489
1720
519
995
979
574
411
493
773
682
552
1019
455
547
524
1076
1714
416
1400
1303
1811
237
386
587
421
1358
1277
894
228
1141
1869
1508
1052
935
298
488
686
472
715
1005
1072
400
1381
1655
888
371
454
980
473
436
453
225
1135
945
651
229
250
264
1875
413
1156
494
379
648
711
536
614
263
655
650
365
317
223
1863
653
309
718
1898
632
459
1741
1564
1378
1048
844
852
1344
480
691
634
334
546
523
255
1114
1449
548
1889
618
310
673
656
658
533
286
598
503
588
864
481
1078
1955
856
396
714
392
425
368
698
497
613
402
422
505
1251
994
372
599
525
359
205
414
363
1480
378
282
619
1647
1059
1242
1985
626
470
303
230
468
439
1749
474
360
669
381
450
1065
554
1373
366
299
1258
443
248
361
561
689
1532
931
287
702
389
172
261
1797
460
720
307
531
647
500
680
1441
491
645
254
705
432
1703
1015
466
451
395
465
323
707
515
293
699
501
285
442
391
401
553
633
925
1175
504
520
572
534
549
601
659
410
251
1629
521
291
681
335
1011
369
469
1038
358
437
403
447
289
319
1886
353
507
383
675
514
344
542
249
461
568
509
399
433
670
649
567
320
305
703
586
247
336
266
314
279
701
315
321
271
646
367
333
186
608
1409
385
1278
357
242
380
232
253
325
362
241
210
278
201
1516
224
506
685
921
269
952
571
560
539
265
697
239
704
160
479
155
951
1181
688
221
555
273
349
212
1475
292
629
563
280
712
564
182
311
562
128
643
302
240
340
710
183
1942
529
348
595
192
231
584
695
318
238
342
351
347
277
341
540
677
306
209
236
246
262
331
211
398
330
485
576
1097
1291
213
528
222
390
156
259
617
328
313
181
214
260
513
657
117
141
199
153
1732
1199
234
157
134
630
338
343
350
243
356
177
166
713
220
190
296
345
257
364
258
706
508
312
424
175
477
272
168
276
173
290
575
492
545
256
354
131
1573
308
193
206
565
1923
301
245
517
510
171
184
284
142
161
244
644
198
195
355
202
274
268
346
288
337
219
326
196
235
322
270
316
126
329
204
116
113
106
304
300
281
640
162
215
191
130
111
252
140
194
297
89
324
125
167
127
408
174
185
179
107
233
189
150
136
169
143
197
133
295
216
149
188
115
332
226
164
110
152
327
180
339
158
178
83
138
165
135
151
176
148
132
137
145
129
207
119
109
208
159
218
123
86
105
114
121
100
87
91
146
104
203
154
144
227
97
187
88
81
72
122
101
139
163
108
92
84
62
79
95
98
103
120
200
118
82
93
67
124
94
66
217
112
70
68
53
85
51
170
90
74
56
75
73
59
65
147
99
102
69
58
50
63
77
80
96
54
55
46
52
47
64
57
71
33
45
76
60
34
40
61
41
44
36
32
42
37
35
39
78
30
43
49
38
29
27
31
48
28
25
24
26
19
18
23
21
16
20
22
17
14
13
15
11
12
10
8
9
6
7
5
4
3
2
1
0
