3	1.0: [970.000, 965.000, 276.000, 612.000, 553.000, 781.000, 72.000, 468.000, 389.000, 205.000]
3	1.0: [846.000, 919.000, 201.000, 612.000, 628.000, 858.000, 1.000, 357.000, 458.000, 58.000]
3	1.0: [947.000, 995.000, 28.000, 602.000, 633.000, 782.000, 1.000, 336.000, 379.000, 250.000]
3	1.0: [839.000, 1217.000, 188.000, 589.000, 547.000, 615.000, 155.000, 445.000, 369.000, 1.000]
3	1.0: [919.000, 799.000, 260.000, 633.000, 620.000, 693.000, 1.000, 394.000, 357.000, 250.000]
3	1.0: [846.000, 905.000, 200.000, 604.000, 480.000, 785.000, 23.000, 467.000, 429.000, 272.000]
3	1.0: [917.000, 844.000, 256.000, 618.000, 478.000, 695.000, 83.000, 162.000, 382.000, 373.000]
3	1.0: [967.000, 878.000, 270.000, 605.000, 407.000, 870.000, 1.000, 371.000, 438.000, 378.000]
3	1.0: [824.000, 1054.000, 256.000, 595.000, 379.000, 606.000, 99.000, 255.000, 406.000, 19.000]
3	1.0: [954.000, 1171.000, 321.000, 604.000, 600.000, 639.000, 1.000, 574.000, 361.000, 320.000]
3	1.0: [898.000, 837.000, 277.000, 647.000, 591.000, 783.000, 5.000, 102.000, 416.000, 1.000]
3	1.0: [861.000, 1088.000, 270.000, 632.000, 760.000, 733.000, 235.000, 502.000, 396.000, 198.000]
3	1.0: [849.000, 1210.000, 172.000, 591.000, 491.000, 853.000, 144.000, 430.000, 396.000, 60.000]
3	1.0: [1046.000, 979.000, 229.000, 586.000, 519.000, 745.000, 1.000, 111.000, 391.000, 2.000]
3	1.0: [1004.000, 1033.000, 266.000, 601.000, 491.000, 678.000, 3.000, 436.000, 409.000, 120.000]
3	1.0: [869.000, 1038.000, 277.000, 606.000, 587.000, 674.000, 1.000, 583.000, 374.000, 417.000]
3	1.0: [949.000, 893.000, 151.000, 580.000, 505.000, 761.000, 118.000, 330.000, 426.000, 113.000]
3	1.0: [844.000, 1043.000, 316.000, 600.000, 491.000, 803.000, 55.000, 468.000, 407.000, 187.000]
3	1.0: [831.000, 1135.000, 210.000, 622.000, 548.000, 714.000, 1.000, 599.000, 405.000, 201.000]
3	1.0: [1057.000, 793.000, 180.000, 585.000, 549.000, 597.000, 24.000, 603.000, 390.000, 18.000]
3	1.0: [912.000, 668.000, 307.000, 605.000, 481.000, 648.000, 139.000, 635.000, 389.000, 1.000]
3	1.0: [866.000, 711.000, 277.000, 597.000, 642.000, 710.000, 1.000, 603.000, 362.000, 84.000]
3	1.0: [928.000, 1076.000, 164.000, 601.000, 299.000, 751.000, 1.000, 433.000, 345.000, 215.000]
3	1.0: [915.000, 981.000, 104.000, 607.000, 601.000, 580.000, 1.000, 496.000, 426.000, 135.000]
3	1.0: [1026.000, 1210.000, 218.000, 624.000, 282.000, 717.000, 315.000, 622.000, 393.000, 147.000]
3	1.0: [883.000, 764.000, 400.000, 622.000, 679.000, 797.000, 1.000, 492.000, 388.000, 441.000]
3	1.0: [804.000, 942.000, 202.000, 618.000, 517.000, 646.000, 198.000, 637.000, 476.000, 351.000]
3	1.0: [887.000, 1013.000, 293.000, 605.000, 710.000, 716.000, 196.000, 440.000, 380.000, 129.000]
3	1.0: [955.000, 726.000, 314.000, 603.000, 649.000, 633.000, 187.000, 694.000, 433.000, 1.000]
3	1.0: [889.000, 1320.000, 318.000, 618.000, 343.000, 769.000, 225.000, 443.000, 466.000, 174.000]
3	1.0: [926.000, 1119.000, 242.000, 607.000, 640.000, 669.000, 1.000, 399.000, 485.000, 258.000]
3	1.0: [978.000, 864.000, 300.000, 600.000, 387.000, 655.000, 181.000, 306.000, 381.000, 1.000]
3	1.0: [890.000, 1203.000, 266.000, 613.000, 474.000, 804.000, 157.000, 304.000, 406.000, 58.000]
3	1.0: [987.000, 1347.000, 279.000, 597.000, 536.000, 732.000, 30.000, 251.000, 372.000, 343.000]
3	1.0: [991.000, 1034.000, 193.000, 598.000, 701.000, 641.000, 211.000, 422.000, 439.000, 263.000]
3	1.0: [1024.000, 968.000, 241.000, 618.000, 498.000, 813.000, 102.000, 407.000, 371.000, 244.000]
3	1.0: [724.000, 692.000, 197.000, 624.000, 555.000, 633.000, 373.000, 490.000, 353.000, 73.000]
3	1.0: [869.000, 925.000, 156.000, 611.000, 522.000, 683.000, 17.000, 475.000, 327.000, 200.000]
3	1.0: [981.000, 1012.000, 54.000, 595.000, 270.000, 724.000, 117.000, 360.000, 392.000, 259.000]
3	1.0: [808.000, 1284.000, 273.000, 591.000, 565.000, 800.000, 1.000, 495.000, 408.000, 181.000]
3	1.0: [780.000, 894.000, 111.000, 598.000, 658.000, 745.000, 163.000, 463.000, 388.000, 167.000]
3	1.0: [823.000, 859.000, 168.000, 603.000, 632.000, 705.000, 192.000, 274.000, 480.000, 26.000]
3	1.0: [892.000, 869.000, 280.000, 610.000, 758.000, 787.000, 306.000, 506.000, 385.000, 86.000]
3	1.0: [832.000, 843.000, 293.000, 616.000, 563.000, 639.000, 349.000, 722.000, 334.000, 24.000]
3	1.0: [949.000, 1120.000, 203.000, 611.000, 524.000, 731.000, 1.000, 441.000, 367.000, 326.000]
3	1.0: [801.000, 895.000, 256.000, 626.000, 410.000, 762.000, 311.000, 169.000, 342.000, 127.000]
3	1.0: [920.000, 811.000, 140.000, 601.000, 476.000, 646.000, 76.000, 664.000, 409.000, 1.000]
3	1.0: [941.000, 1116.000, 267.000, 587.000, 412.000, 885.000, 116.000, 253.000, 330.000, 80.000]
3	1.0: [931.000, 1329.000, 254.000, 611.000, 762.000, 805.000, 21.000, 629.000, 397.000, 81.000]
3	1.0: [835.000, 968.000, 339.000, 602.000, 392.000, 751.000, 91.000, 583.000, 395.000, 140.000]
3	1.0: [769.000, 1107.000, 151.000, 619.000, 494.000, 871.000, 46.000, 186.000, 386.000, 199.000]
3	1.0: [1033.000, 909.000, 149.000, 609.000, 553.000, 728.000, 1.000, 568.000, 374.000, 88.000]
3	1.0: [820.000, 1138.000, 257.000, 578.000, 544.000, 673.000, 656.000, 291.000, 422.000, 11.000]
3	1.0: [951.000, 973.000, 211.000, 603.000, 747.000, 721.000, 50.000, 452.000, 432.000, 46.000]
3	1.0: [817.000, 819.000, 252.000, 608.000, 758.000, 749.000, 210.000, 425.000, 394.000, 121.000]
3	1.0: [894.000, 1061.000, 240.000, 595.000, 680.000, 789.000, 371.000, 168.000, 402.000, 109.000]
3	1.0: [901.000, 1095.000, 271.000, 607.000, 384.000, 772.000, 343.000, 635.000, 410.000, 123.000]
3	1.0: [878.000, 988.000, 179.000, 622.000, 680.000, 684.000, 182.000, 680.000, 406.000, 72.000]
3	1.0: [790.000, 1049.000, 200.000, 602.000, 370.000, 846.000, 69.000, 505.000, 440.000, 258.000]
3	1.0: [741.000, 970.000, 224.000, 601.000, 531.000, 869.000, 130.000, 158.000, 310.000, 19.000]
3	1.0: [927.000, 1244.000, 238.000, 608.000, 410.000, 749.000, 203.000, 369.000, 397.000, 120.000]
3	1.0: [943.000, 1167.000, 288.000, 594.000, 545.000, 731.000, 1.000, 587.000, 405.000, 86.000]
3	1.0: [847.000, 1012.000, 105.000, 591.000, 544.000, 757.000, 241.000, 418.000, 434.000, 114.000]
3	1.0: [905.000, 1149.000, 285.000, 606.000, 658.000, 788.000, 193.000, 445.000, 370.000, 1.000]
3	1.0: [949.000, 1020.000, 233.000, 612.000, 739.000, 814.000, 268.000, 407.000, 414.000, 51.000]
3	1.0: [868.000, 1156.000, 214.000, 612.000, 650.000, 748.000, 197.000, 213.000, 403.000, 1.000]
3	1.0: [973.000, 993.000, 155.000, 625.000, 573.000, 835.000, 92.000, 378.000, 362.000, 109.000]
3	1.0: [846.000, 1234.000, 113.000, 596.000, 530.000, 694.000, 417.000, 484.000, 352.000, 248.000]
3	1.0: [885.000, 1100.000, 308.000, 609.000, 507.000, 716.000, 1.000, 686.000, 408.000, 329.000]
3	1.0: [856.000, 966.000, 308.000, 623.000, 718.000, 847.000, 89.000, 587.000, 386.000, 242.000]
3	1.0: [863.000, 891.000, 173.000, 606.000, 356.000, 693.000, 288.000, 400.000, 429.000, 1.000]
3	1.0: [788.000, 1223.000, 181.000, 592.000, 363.000, 744.000, 312.000, 313.000, 395.000, 16.000]
3	1.0: [767.000, 1066.000, 367.000, 615.000, 359.000, 642.000, 64.000, 258.000, 363.000, 89.000]
3	1.0: [834.000, 1215.000, 388.000, 615.000, 638.000, 725.000, 66.000, 515.000, 435.000, 63.000]
3	1.0: [843.000, 995.000, 263.000, 609.000, 542.000, 693.000, 28.000, 409.000, 399.000, 10.000]
3	1.0: [886.000, 882.000, 192.000, 614.000, 537.000, 762.000, 148.000, 286.000, 380.000, 248.000]
3	1.0: [907.000, 1092.000, 254.000, 592.000, 414.000, 598.000, 332.000, 580.000, 454.000, 1.000]
3	1.0: [934.000, 1371.000, 249.000, 598.000, 720.000, 734.000, 232.000, 457.000, 453.000, 321.000]
3	1.0: [850.000, 860.000, 216.000, 588.000, 374.000, 694.000, 1.000, 696.000, 416.000, 1.000]
3	1.0: [890.000, 884.000, 279.000, 605.000, 630.000, 578.000, 189.000, 682.000, 386.000, 87.000]
3	1.0: [934.000, 936.000, 191.000, 605.000, 708.000, 745.000, 1.000, 865.000, 391.000, 148.000]
3	1.0: [941.000, 927.000, 200.000, 617.000, 659.000, 682.000, 135.000, 493.000, 432.000, 42.000]
3	1.0: [900.000, 964.000, 318.000, 607.000, 720.000, 735.000, 120.000, 589.000, 413.000, 10.000]
3	1.0: [839.000, 736.000, 324.000, 608.000, 652.000, 847.000, 27.000, 640.000, 365.000, 220.000]
3	1.0: [898.000, 894.000, 134.000, 601.000, 502.000, 657.000, 372.000, 675.000, 357.000, 258.000]
3	1.0: [958.000, 847.000, 209.000, 604.000, 143.000, 726.000, 123.000, 427.000, 420.000, 372.000]
3	1.0: [863.000, 795.000, 92.000, 605.000, 459.000, 645.000, 279.000, 669.000, 375.000, 1.000]
3	1.0: [777.000, 1258.000, 83.000, 614.000, 630.000, 804.000, 1.000, 379.000, 371.000, 21.000]
3	1.0: [982.000, 864.000, 260.000, 605.000, 649.000, 714.000, 212.000, 534.000, 405.000, 1.000]
3	1.0: [927.000, 1294.000, 261.000, 609.000, 626.000, 743.000, 1.000, 327.000, 392.000, 30.000]
3	1.0: [1012.000, 884.000, 203.000, 609.000, 593.000, 766.000, 390.000, 686.000, 440.000, 107.000]
3	1.0: [952.000, 1135.000, 213.000, 624.000, 537.000, 761.000, 1.000, 597.000, 325.000, 1.000]
3	1.0: [883.000, 997.000, 160.000, 598.000, 469.000, 790.000, 1.000, 545.000, 316.000, 163.000]
3	1.0: [776.000, 1326.000, 298.000, 602.000, 322.000, 718.000, 1.000, 395.000, 465.000, 110.000]
3	1.0: [876.000, 912.000, 321.000, 598.000, 482.000, 742.000, 22.000, 559.000, 442.000, 1.000]
3	1.0: [914.000, 942.000, 194.000, 621.000, 719.000, 797.000, 293.000, 386.000, 423.000, 15.000]
3	1.0: [873.000, 1095.000, 277.000, 606.000, 587.000, 829.000, 9.000, 466.000, 394.000, 54.000]
3	1.0: [981.000, 923.000, 343.000, 626.000, 349.000, 741.000, 21.000, 443.000, 466.000, 256.000]
3	1.0: [866.000, 1086.000, 266.000, 609.000, 528.000, 795.000, 47.000, 472.000, 357.000, 218.000]
3	1.0: [1042.000, 1351.000, 232.000, 606.000, 496.000, 801.000, 260.000, 594.000, 418.000, 1.000]
