3	0.0: [312, 367, 1, 708, 106, 466, 619, 654, 634, 606, ]
3	0.0: [287, 158, 3, 716, 164, 588, 623, 672, 650, 274, ]
2	0.0: [399, 149, 1, 714, 144, 752, 621, 630, 758, 524, ]
0	0.0: [473, 148, 84, 701, 53, 553, 628, 645, 635, 295, ]
1	0.0: [405, 64, 154, 719, 127, 403, 626, 616, 727, 499, ]
1	0.0: [237, 139, 70, 723, 39, 597, 624, 693, 657, 498, ]
2	0.0: [336, 282, 117, 673, 1, 662, 613, 672, 697, 528, ]
0	0.0: [380, 179, 150, 728, 39, 652, 626, 655, 684, 530, ]
2	0.0: [324, 97, 84, 690, 408, 605, 625, 677, 669, 463, ]
0	0.0: [213, 165, 1, 685, 107, 762, 626, 593, 677, 443, ]
1	0.0: [400, 221, 53, 657, 129, 497, 630, 661, 582, 740, ]
1	0.0: [330, 149, 161, 725, 258, 601, 629, 611, 561, 701, ]
1	0.0: [549, 211, 39, 690, 223, 603, 623, 603, 713, 603, ]
0	0.0: [390, 256, 1, 671, 22, 651, 610, 605, 655, 530, ]
1	0.0: [490, 297, 95, 706, 1, 779, 627, 669, 690, 379, ]
1	0.0: [216, 196, 1, 673, 39, 674, 619, 603, 735, 476, ]
2	0.0: [175, 1, 46, 721, 182, 699, 616, 650, 580, 590, ]
0	0.0: [404, 22, 14, 674, 133, 671, 625, 653, 737, 435, ]
2	0.0: [515, 118, 1, 706, 1, 535, 612, 586, 579, 484, ]
0	0.0: [237, 30, 14, 711, 86, 836, 623, 685, 725, 492, ]
2	0.0: [421, 1, 1, 706, 214, 572, 626, 627, 733, 436, ]
3	0.0: [295, 144, 1, 717, 84, 788, 621, 627, 675, 470, ]
0	0.0: [316, 89, 270, 718, 5, 692, 615, 634, 766, 474, ]
0	0.0: [261, 253, 1, 707, 149, 660, 622, 670, 707, 461, ]
3	0.0: [257, 20, 69, 714, 21, 617, 627, 672, 754, 354, ]
2	0.0: [322, 73, 31, 714, 63, 649, 616, 705, 687, 661, ]
2	0.0: [220, 252, 1, 710, 260, 802, 627, 648, 733, 557, ]
2	0.0: [366, 129, 1, 671, 139, 774, 621, 701, 574, 444, ]
0	0.0: [386, 318, 1, 689, 1, 708, 617, 611, 666, 556, ]
3	0.0: [400, 199, 1, 704, 1, 646, 619, 668, 711, 617, ]
3	0.0: [336, 1, 1, 717, 22, 649, 627, 612, 633, 459, ]
2	0.0: [500, 190, 1, 725, 7, 740, 618, 608, 602, 612, ]
0	0.0: [321, 1, 1, 718, 173, 553, 619, 618, 675, 569, ]
2	0.0: [505, 215, 1, 730, 61, 575, 633, 641, 606, 363, ]
1	0.0: [247, 232, 1, 729, 187, 638, 622, 667, 669, 395, ]
3	0.0: [512, 1, 1, 719, 172, 907, 625, 586, 766, 386, ]
1	0.0: [424, 384, 1, 743, 1, 664, 623, 677, 711, 582, ]
3	0.0: [216, 278, 104, 695, 357, 682, 624, 632, 658, 598, ]
1	0.0: [185, 290, 43, 722, 20, 811, 630, 649, 796, 502, ]
1	0.0: [349, 69, 1, 708, 199, 716, 635, 672, 714, 422, ]
0	0.0: [442, 327, 173, 712, 158, 738, 627, 618, 670, 347, ]
2	0.0: [175, 1, 162, 708, 70, 686, 621, 657, 511, 437, ]
2	0.0: [343, 357, 64, 710, 190, 548, 623, 700, 720, 633, ]
0	0.0: [297, 257, 20, 724, 96, 681, 625, 590, 672, 527, ]
1	0.0: [320, 89, 65, 703, 10, 636, 624, 650, 673, 638, ]
2	0.0: [322, 267, 3, 710, 30, 671, 620, 618, 712, 297, ]
2	0.0: [285, 444, 1, 724, 26, 546, 618, 628, 666, 600, ]
2	0.0: [191, 347, 1, 726, 136, 540, 628, 607, 618, 489, ]
0	0.0: [237, 282, 1, 707, 194, 698, 625, 691, 676, 551, ]
1	0.0: [215, 27, 1, 692, 267, 632, 623, 608, 738, 434, ]
2	0.0: [463, 423, 1, 752, 213, 734, 625, 712, 669, 552, ]
2	0.0: [363, 148, 1, 713, 90, 592, 624, 660, 643, 526, ]
0	0.0: [212, 138, 176, 710, 176, 819, 628, 636, 671, 458, ]
3	0.0: [463, 1, 156, 683, 278, 677, 627, 687, 703, 488, ]
3	0.0: [355, 1, 1, 730, 188, 797, 626, 602, 659, 592, ]
2	0.0: [460, 147, 1, 700, 101, 549, 627, 642, 740, 658, ]
0	0.0: [384, 50, 1, 685, 1, 688, 623, 651, 762, 583, ]
3	0.0: [283, 246, 1, 695, 136, 700, 626, 694, 697, 426, ]
3	0.0: [339, 134, 1, 713, 87, 585, 627, 664, 706, 353, ]
0	0.0: [294, 1, 18, 707, 215, 588, 623, 603, 612, 386, ]
0	0.0: [393, 44, 110, 694, 212, 679, 626, 700, 677, 430, ]
1	0.0: [305, 41, 159, 721, 116, 777, 627, 694, 698, 665, ]
0	0.0: [204, 143, 1, 692, 125, 772, 632, 620, 712, 264, ]
1	0.0: [349, 6, 1, 709, 234, 857, 626, 669, 714, 497, ]
3	0.0: [159, 1, 226, 709, 279, 749, 627, 642, 631, 550, ]
0	0.0: [418, 43, 127, 677, 195, 566, 629, 576, 718, 519, ]
0	0.0: [567, 110, 198, 696, 68, 665, 631, 623, 658, 481, ]
2	0.0: [453, 526, 97, 715, 6, 687, 630, 628, 877, 417, ]
3	0.0: [193, 1, 1, 706, 82, 800, 626, 662, 618, 583, ]
3	0.0: [143, 114, 1, 701, 113, 789, 622, 646, 675, 576, ]
2	0.0: [185, 447, 41, 703, 15, 655, 619, 669, 634, 620, ]
0	0.0: [254, 97, 77, 714, 224, 593, 622, 699, 700, 633, ]
2	0.0: [390, 1, 135, 759, 140, 649, 627, 649, 634, 444, ]
2	0.0: [169, 398, 63, 716, 156, 693, 620, 635, 727, 711, ]
0	0.0: [328, 208, 131, 723, 103, 591, 621, 609, 715, 495, ]
1	0.0: [453, 1, 1, 708, 171, 624, 620, 651, 635, 404, ]
3	0.0: [263, 11, 25, 703, 1, 702, 631, 654, 687, 465, ]
0	0.0: [482, 162, 87, 715, 148, 565, 624, 596, 732, 526, ]
3	0.0: [370, 120, 68, 725, 198, 926, 632, 593, 657, 538, ]
3	0.0: [294, 3, 21, 691, 92, 592, 619, 690, 645, 632, ]
3	0.0: [329, 1, 54, 742, 120, 580, 620, 652, 677, 512, ]
2	0.0: [328, 1, 95, 725, 154, 641, 621, 631, 677, 457, ]
3	0.0: [358, 1, 1, 718, 139, 586, 628, 669, 668, 616, ]
0	0.0: [326, 45, 48, 727, 284, 623, 623, 659, 753, 608, ]
3	0.0: [332, 153, 1, 710, 45, 869, 625, 665, 704, 573, ]
2	0.0: [174, 292, 1, 731, 100, 699, 621, 736, 717, 494, ]
3	0.0: [409, 5, 14, 711, 125, 750, 633, 634, 619, 453, ]
2	0.0: [400, 309, 1, 670, 84, 703, 615, 696, 665, 531, ]
3	0.0: [394, 1, 137, 693, 28, 690, 624, 655, 686, 531, ]
3	0.0: [512, 38, 22, 713, 291, 628, 629, 697, 674, 341, ]
0	0.0: [108, 136, 74, 750, 62, 692, 618, 676, 686, 692, ]
1	0.0: [363, 58, 92, 702, 145, 613, 622, 677, 756, 408, ]
1	0.0: [395, 120, 1, 723, 157, 708, 622, 548, 627, 556, ]
1	0.0: [403, 154, 8, 693, 1, 661, 618, 662, 639, 504, ]
2	0.0: [364, 1, 1, 733, 20, 716, 619, 631, 574, 333, ]
0	0.0: [361, 86, 111, 688, 166, 784, 618, 628, 694, 611, ]
1	0.0: [346, 138, 1, 693, 33, 814, 620, 665, 609, 624, ]
2	0.0: [370, 445, 1, 715, 85, 744, 621, 689, 721, 422, ]
3	0.0: [489, 126, 141, 702, 1, 694, 620, 698, 728, 514, ]
1	0.0: [393, 270, 2, 711, 92, 531, 621, 615, 754, 496, ]
