1610
1947
1679
1641
1077
1132
1410
964
1300
1430
879
1404
1109
1275
1003
1017
1688
867
1821
1192
1696
1778
1918
1902
1337
847
1767
1036
1836
1466
1973
1352
1395
802
1039
1844
1766
1961
1207
1615
1830
1524
1041
1332
933
1839
1897
965
1448
1026
919
1461
1399
1989
1660
1171
1032
1265
1859
1125
1829
1434
1124
1376
1763
1783
1472
877
1617
845
1636
1001
1255
1006
909
1318
1365
1047
797
1745
812
1846
1574
1450
1342
1944
1986
762
1810
1755
1885
1588
1993
1209
1439
892
1677
1470
1998
1758
1362
1069
1317
1518
1906
1498
1031
1988
1868
882
1648
1185
1594
989
1394
1315
1872
1115
1223
1029
1964
1307
1363
1780
1312
766
1833
1546
862
1184
1354
1857
1292
1226
1837
1147
1877
1130
1496
1350
1515
848
1684
1073
1330
839
1566
813
1438
1706
1356
1537
1674
1327
1334
1246
1959
1070
1735
1196
1884
1709
873
1247
1476
1941
1360
1725
1152
793
1241
1157
996
1585
1046
914
1608
1864
1529
1473
1297
834
1609
1878
1513
981
1355
1802
1893
1599
956
1560
1183
1345
946
1517
1509
1429
1965
1676
777
1469
1791
1933
1020
769
1485
1401
755
745
846
1822
1382
818
1045
1336
1957
1729
1581
1388
976
954
1062
1539
1236
1782
1764
1467
927
929
1455
1423
1276
901
1094
1678
920
1474
881
1634
941
1970
1256
740
923
1033
729
819
875
1801
1478
1193
1953
1353
1512
938
1805
1549
1217
906
896
1924
1126
1424
585
1244
1922
1502
1838
1210
1284
1004
1112
1852
1587
828
859
1710
1627
1541
1153
1507
1930
1436
1492
1167
1488
1225
1576
1776
1658
1716
1422
1299
1214
731
1870
1874
782
1500
1995
1562
1876
985
1412
1683
1850
1737
1570
1748
1752
988
1016
1916
1841
1692
1063
1991
1880
1110
866
1896
1796
780
1946
1892
1621
1348
961
1149
962
1013
899
932
1984
1979
1487
1914
1066
790
1680
1426
1825
737
1393
1551
1054
1060
915
1713
1559
771
1860
1501
1357
1915
1164
1316
1057
1386
883
1339
1290
1848
764
1578
1540
1359
1650
1012
1453
1945
1623
978
1591
1341
1954
1787
1454
463
781
865
1699
1799
1682
1568
1451
1687
1000
1138
869
1482
1468
853
814
1635
1173
1212
1099
1556
1759
1718
1440
832
1407
788
794
1259
1387
1519
1831
1920
1443
1909
760
936
1105
984
1845
723
728
1572
1310
1465
1086
937
1218
761
1008
1304
1044
1632
1702
1812
785
1966
1769
1051
1261
1035
1234
726
960
1653
1243
1773
1384
1050
1730
912
1981
1351
1320
1555
874
1396
1727
902
1598
1080
1620
1101
1809
1951
1331
1415
1606
1182
1969
1309
775
1374
968
1413
1686
1862
1306
1421
1322
1854
966
823
1806
1075
1024
1148
1201
1616
1116
1154
1204
1187
516
861
1117
1652
944
1792
1043
1928
1619
1834
1058
1853
1971
1595
1881
1432
1503
1305
1640
1108
1835
1133
1402
1120
744
1213
1088
1071
1313
908
836
1602
1427
963
605
1554
1816
1552
1824
1828
1417
1614
1271
957
1522
885
948
841
895
768
1174
1098
1037
1493
973
1442
1023
1238
1203
1842
805
1618
394
732
1788
1739
1672
1090
911
1593
1996
1711
1479
1597
967
1499
1477
1592
975
734
1283
838
1456
884
860
974
1419
774
1254
1055
1253
1398
1644
1169
1049
789
1701
1579
958
1523
1949
1389
750
642
1083
955
1249
1691
1938
1324
982
1669
1526
1343
1092
1569
1890
1563
1695
716
887
842
1257
1645
1252
1795
1463
1694
1847
1232
1657
1333
1873
1146
661
724
1963
1178
854
1997
1295
826
1200
924
1018
1761
1907
1414
872
1550
1999
1180
1693
1760
1462
1056
759
1700
1491
1159
1542
904
1580
1888
1007
1408
1380
876
1144
799
905
1082
1433
1774
1188
1673
851
1671
1221
1096
970
742
664
1819
487
1823
1535
1211
1222
1790
1722
1646
1510
1967
900
1279
829
1656
953
1639
678
999
1286
1093
377
891
1740
1030
1731
824
1960
1798
770
786
1934
1158
1186
1375
1136
1937
1179
1106
1142
1486
1139
1975
1068
1715
1589
1085
1962
926
1926
1894
1590
1911
1127
1895
721
1208
1027
1750
1521
1698
1095
581
943
1155
1742
679
1505
779
1118
939
1239
767
1104
1630
757
1091
1633
1794
817
1198
1464
934
1582
1817
1457
1274
722
1628
1237
855
1215
1349
1717
1663
1670
709
747
1664
1308
1227
449
1514
821
1983
1899
1866
1771
1511
878
1754
1781
763
907
1968
1567
1129
947
1160
1583
1191
1800
991
1319
1335
1757
1789
1245
1770
1289
1747
810
1910
803
1818
583
1743
1538
890
1484
1534
1804
739
1067
1103
1925
1250
1248
1262
1311
1021
800
1675
972
849
1712
1165
1435
404
870
1176
1622
1649
1369
735
1189
1772
1626
1128
765
1228
1195
1471
1577
1170
808
804
835
913
1840
1122
746
1785
1459
1808
1982
1690
1260
1921
897
1913
1111
1028
843
458
1321
898
1240
1665
1347
1637
1903
1659
1849
1190
783
624
837
1858
1425
1411
778
1391
736
1855
532
1940
1230
1446
858
1561
1163
1168
1980
806
1053
795
1025
1545
1084
1704
1931
1976
671
1867
1202
1604
464
1992
1536
738
753
1494
1917
1851
1216
1371
1977
1856
1504
1383
1367
1908
1270
1820
868
1264
1952
1883
1089
419
426
1285
690
833
1865
1301
1014
1575
559
405
949
743
543
1525
903
580
1936
1768
1231
857
997
830
1972
990
1813
1282
717
825
1495
1194
1832
1314
772
1296
1151
741
917
1904
1724
1827
811
1444
1385
1733
1298
1368
880
791
1121
758
1891
1584
1654
1416
1079
893
752
1530
676
1807
1406
1370
1445
1642
1002
1697
1140
1087
1814
1119
998
1775
1220
1162
1905
1547
1010
1901
1293
1205
1721
635
1601
700
1418
1625
840
1950
1064
1497
1197
916
749
1233
1269
1624
1728
798
1166
950
407
1612
959
558
827
1843
1326
1662
1744
751
969
1611
620
1458
930
409
1229
1723
370
1219
1871
452
1666
1736
1145
1765
1481
1958
1882
1372
1272
660
1294
1325
1613
1707
1329
462
1531
1638
654
1815
388
1235
1631
684
1061
1746
550
1543
1887
809
776
1022
1266
1803
1987
1943
526
977
1978
498
756
418
815
484
910
1956
1571
1338
1172
1667
1437
986
796
1100
441
1206
1553
1390
1558
1685
444
639
440
1107
727
590
1565
1661
730
1929
1689
1756
672
1340
1428
1544
928
1323
1377
1042
1714
490
1268
1403
1990
992
1137
1557
1651
971
1705
589
569
784
1607
940
1762
1793
787
527
478
373
1143
889
820
1328
1603
597
1586
1134
1533
708
625
1719
1605
979
1490
1861
1489
1288
557
1040
748
1280
1431
420
600
456
1009
801
792
1302
1381
1734
1141
1548
1527
1726
1974
591
696
1811
1267
1379
733
1994
1912
692
397
1460
1753
1600
864
1786
1506
863
486
1784
1364
1826
1135
1643
1346
594
1005
1751
1281
1287
1161
1177
1681
1879
1927
1034
593
467
606
831
1303
1123
850
607
412
1939
544
406
1668
1019
754
602
448
888
918
1074
1361
1131
652
993
719
1741
374
1392
1076
1738
570
482
537
922
1483
987
1932
1048
1081
725
502
894
1420
628
622
495
983
1948
387
871
615
1528
1452
518
1447
577
541
566
616
352
611
1263
471
430
1708
773
604
294
609
415
1720
980
1449
428
1520
1935
1919
1072
1273
1150
393
522
621
694
438
551
856
375
641
1596
1366
807
596
1405
994
475
610
1647
886
665
431
1224
662
384
427
535
666
603
454
668
512
376
1889
574
674
822
714
1277
1059
1985
1052
627
382
1102
816
693
371
667
1797
1113
429
582
435
578
283
267
1344
711
1875
945
275
1777
1749
844
547
587
530
1955
623
573
687
1900
935
1156
499
1378
579
457
651
1441
1869
1358
942
1508
1655
552
1373
631
549
995
663
653
1779
489
1038
417
411
511
386
718
852
638
416
445
656
436
483
637
632
1480
1251
612
556
1114
1400
446
1175
494
655
636
1564
481
1078
423
459
1863
686
715
683
410
538
453
434
931
1397
496
421
476
592
524
468
414
519
598
561
379
1015
691
1011
480
613
439
1258
533
682
648
422
488
626
669
365
392
1065
720
1242
402
229
228
614
548
298
250
413
400
473
237
378
1181
1886
455
263
1409
546
634
618
925
470
588
650
460
503
1532
525
497
310
443
372
536
334
225
472
673
646
951
1898
619
381
523
282
1278
493
599
255
681
363
1629
389
223
309
553
601
554
264
248
633
689
366
659
698
509
396
447
705
401
515
432
360
658
317
500
442
465
707
367
520
568
359
303
286
323
450
680
437
474
251
254
1942
451
699
320
645
531
491
952
205
466
504
299
368
425
391
562
675
469
344
670
293
380
230
702
505
567
542
507
697
534
1703
514
361
608
501
403
353
921
564
685
521
289
335
287
307
712
461
1516
647
261
390
319
395
586
1475
358
285
529
572
539
506
584
362
172
560
249
325
1732
555
253
1291
704
385
649
540
1097
565
232
321
399
701
280
571
703
1199
333
710
242
369
688
314
433
383
271
291
315
630
1573
279
576
398
485
265
706
305
247
266
241
239
224
240
259
629
262
563
269
306
357
273
340
545
477
210
643
311
349
186
677
155
595
348
336
517
201
342
617
292
479
236
318
182
302
277
331
221
278
341
1923
246
222
508
528
157
160
192
713
338
328
695
313
272
231
209
351
657
492
211
301
183
644
575
128
347
257
350
345
238
424
513
234
212
356
177
330
117
312
343
364
243
141
260
181
153
510
156
245
355
220
213
256
290
308
296
408
640
326
268
346
166
134
193
354
214
258
199
276
244
175
206
322
284
300
131
161
316
171
337
173
274
190
196
235
327
270
288
198
184
195
168
329
126
142
324
202
252
332
194
226
191
185
304
219
297
167
150
174
233
189
149
204
281
162
130
188
180
113
106
111
215
148
125
127
116
143
339
197
218
151
140
133
89
152
169
295
179
165
216
164
178
115
227
158
137
136
207
132
208
107
135
176
145
110
83
187
129
203
105
123
109
88
97
121
138
119
144
217
200
104
146
154
159
86
87
114
139
95
122
91
81
101
84
163
100
92
72
120
108
170
98
103
118
85
112
79
62
93
82
66
94
124
67
70
90
74
53
147
68
56
102
75
73
51
65
99
59
54
63
64
80
58
96
69
77
55
50
76
71
60
52
46
47
57
61
45
40
78
33
41
44
39
34
32
42
37
35
30
36
43
49
38
48
29
31
28
27
24
25
26
19
18
23
21
22
16
17
20
14
13
15
11
12
10
8
9
6
7
5
4
3
2
1
0
