0	0.0: 190 562 795 209 118 836 24 488 806 910 
0	0.0: 188 510 841 90 323 857 14 957 844 876 
0	0.0: 160 370 721 235 173 863 52 397 852 714 
0	0.0: 176 623 814 195 433 853 38 707 1067 768 
0	0.0: 170 633 649 189 195 870 1 855 996 746 
0	0.0: 189 293 830 1 189 852 16 476 986 573 
0	0.0: 166 429 871 10 251 864 11 779 1012 801 
0	0.0: 149 663 867 12 266 880 6 690 737 691 
0	0.0: 205 244 1014 1 266 857 43 746 891 795 
0	0.0: 210 576 905 91 533 867 17 841 967 749 
0	0.0: 176 603 919 105 329 860 31 648 741 889 
0	0.0: 176 560 642 230 304 860 28 722 1153 796 
0	0.0: 168 525 834 65 340 856 23 424 888 744 
0	0.0: 192 468 1115 33 204 864 11 873 913 716 
0	0.0: 190 545 889 466 126 870 28 389 761 769 
0	0.0: 212 392 963 1 48 848 76 613 913 743 
0	0.0: 202 497 615 157 201 857 1 666 777 814 
0	0.0: 184 587 514 310 174 849 57 517 934 956 
0	0.0: 189 564 787 213 419 843 36 798 1037 806 
0	0.0: 200 582 733 129 218 849 81 591 876 740 
