6	0.0: 290 809 1 935 983 325 528 878 241 671 
6	0.0: 467 917 1 1078 979 1 519 672 189 666 
6	0.0: 443 844 161 655 973 1 532 646 326 671 
6	0.0: 360 776 53 733 917 132 523 847 184 680 
6	0.0: 208 921 51 722 919 115 532 849 475 678 
6	0.0: 426 831 122 611 942 184 527 617 237 676 
6	0.0: 304 881 67 794 968 1 520 980 247 675 
6	0.0: 620 755 1 857 940 576 526 945 492 679 
6	0.0: 204 945 12 793 932 227 525 758 188 671 
6	0.0: 407 804 125 845 949 418 530 530 302 672 
6	0.0: 447 908 1 1136 931 128 531 771 60 671 
6	0.0: 372 1026 138 531 967 1 530 727 121 677 
6	0.0: 361 846 193 831 908 389 528 617 411 669 
6	0.0: 230 815 173 782 899 1 526 886 266 673 
6	0.0: 340 846 92 1041 950 1 527 1039 318 675 
6	0.0: 486 878 1 1099 952 36 533 716 284 677 
6	0.0: 547 832 1 868 904 407 530 580 265 680 
6	0.0: 627 855 1 894 970 254 524 980 321 674 
6	0.0: 286 772 1 935 965 260 524 801 209 678 
6	0.0: 486 884 1 1015 952 130 526 800 413 675 
