4	0.0: 536 788 61 609 223 259 114 303 410 1 
4	0.0: 287 811 54 604 200 353 472 266 301 135 
4	0.0: 571 525 52 667 214 683 154 219 217 43 
4	0.0: 631 657 73 596 263 503 157 488 183 8 
4	0.0: 551 561 70 504 215 567 49 324 361 27 
4	0.0: 111 578 57 743 235 289 221 495 81 131 
4	0.0: 834 674 58 537 209 713 1 415 122 436 
4	0.0: 605 714 66 513 264 238 325 586 1 1 
4	0.0: 524 674 69 711 253 523 198 528 515 1 
4	0.0: 733 610 66 495 288 433 214 492 153 311 
4	0.0: 614 623 54 769 204 256 1 457 337 51 
4	0.0: 535 548 61 759 223 440 193 337 152 1 
4	0.0: 458 713 66 599 273 129 415 407 19 350 
4	0.0: 681 579 70 516 198 258 93 571 499 1 
4	0.0: 549 639 59 652 230 545 138 137 598 1 
4	0.0: 590 568 66 623 244 148 180 635 1 201 
4	0.0: 540 904 62 492 172 384 238 281 93 42 
4	0.0: 735 654 57 546 237 475 70 594 352 1 
4	0.0: 826 677 58 457 246 87 209 600 92 1 
4	0.0: 415 684 58 762 169 261 153 449 1 149 
