3	0.0: 833 202 676 117 515 338 600 542 700 423 
3	0.0: 1014 226 615 1 454 413 720 679 650 409 
3	0.0: 693 205 640 33 487 293 666 904 885 404 
3	0.0: 959 243 748 161 403 68 666 786 534 413 
3	0.0: 792 177 695 1 642 348 821 701 759 445 
3	0.0: 699 241 677 1 689 1 761 804 655 450 
3	0.0: 919 206 748 129 486 218 734 604 303 465 
3	0.0: 616 226 741 1 660 130 628 835 560 374 
3	0.0: 759 196 634 72 362 236 647 889 850 439 
3	0.0: 823 149 652 1 505 198 803 797 741 428 
3	0.0: 563 223 629 38 692 266 739 877 714 407 
3	0.0: 738 183 626 1 528 1 721 735 767 394 
3	0.0: 991 228 761 1 366 365 639 782 554 412 
3	0.0: 843 282 703 71 736 1 775 896 659 428 
3	0.0: 584 210 737 1 705 1 579 763 752 424 
3	0.0: 956 202 654 1 500 157 710 839 692 395 
3	0.0: 1005 233 671 122 600 412 678 881 766 442 
3	0.0: 880 213 692 5 614 441 688 709 676 470 
3	0.0: 649 232 785 119 746 42 703 698 693 439 
3	0.0: 557 196 674 70 559 237 773 606 662 458 
