5	0.0: 506 581 671 798 436 908 77 747 
5	0.0: 237 582 647 945 459 842 327 725 
5	0.0: 537 553 635 393 415 1096 481 722 
5	0.0: 490 593 629 648 268 956 508 747 
5	0.0: 501 645 611 737 358 810 353 792 
0	0.0: 704 571 738 666 269 854 185 775 
0	0.0: 581 611 634 572 421 871 272 741 
5	0.0: 378 615 697 782 378 979 562 768 
5	0.0: 590 603 655 874 432 910 279 763 
5	0.0: 438 648 646 909 513 997 628 733 
5	0.0: 650 604 567 816 386 1076 343 756 
4	0.0: 469 619 649 981 361 764 118 770 
5	0.0: 623 679 601 914 401 898 690 761 
5	0.0: 452 651 613 688 433 1125 349 727 
5	0.0: 809 588 592 893 484 961 353 705 
5	0.0: 491 539 669 732 377 1023 462 730 
5	0.0: 460 573 602 699 438 1037 688 744 
5	0.0: 401 623 699 912 351 731 519 749 
5	0.0: 202 577 618 871 417 561 687 759 
0	0.0: 685 624 624 634 445 623 516 808 
5	0.0: 378 659 638 852 435 785 255 733 
5	0.0: 738 585 542 622 453 837 670 749 
5	0.0: 384 529 637 909 382 1216 505 762 
0	0.0: 390 677 660 495 384 913 167 719 
0	0.0: 474 591 632 617 362 636 267 739 
5	0.0: 471 573 640 681 423 1017 385 730 
5	0.0: 387 598 573 858 343 638 326 744 
5	0.0: 383 605 594 744 442 839 91 739 
5	0.0: 271 606 618 601 348 680 420 730 
5	0.0: 418 677 567 832 448 1292 333 795 
5	0.0: 701 589 617 757 500 1173 388 726 
5	0.0: 538 595 602 822 412 1045 682 737 
5	0.0: 508 550 720 944 489 861 508 731 
5	0.0: 530 597 705 817 344 756 218 799 
5	0.0: 147 655 663 519 424 872 365 781 
5	0.0: 605 692 667 961 387 747 378 722 
5	0.0: 316 609 658 638 434 731 622 725 
5	0.0: 405 619 564 680 414 913 539 757 
5	0.0: 508 551 648 876 432 1205 474 755 
5	0.0: 361 561 601 836 345 763 259 740 
5	0.0: 410 607 631 874 363 763 375 785 
0	0.0: 623 666 624 690 325 501 293 729 
5	0.0: 652 651 597 700 411 932 607 750 
5	0.0: 389 616 610 839 319 613 450 755 
5	0.0: 314 659 555 607 411 804 538 747 
5	0.0: 496 574 612 657 453 1186 109 767 
5	0.0: 297 625 695 803 398 906 486 718 
5	0.0: 515 522 648 958 404 745 424 755 
5	0.0: 442 662 600 739 430 755 760 758 
5	0.0: 432 530 693 843 343 843 641 777 
5	0.0: 315 644 607 778 385 1051 669 733 
5	0.0: 478 590 736 620 402 839 498 762 
5	0.0: 630 593 631 639 389 1022 260 770 
5	0.0: 568 623 748 861 366 883 631 771 
5	0.0: 645 521 649 717 290 1112 546 736 
0	0.0: 531 599 617 650 319 933 176 768 
5	0.0: 484 651 688 664 468 575 504 777 
5	0.0: 376 609 650 824 393 844 498 758 
5	0.0: 440 580 577 965 378 850 537 744 
5	0.0: 646 538 698 1102 287 644 374 761 
5	0.0: 624 619 720 745 337 817 321 731 
5	0.0: 490 595 702 502 443 732 519 764 
5	0.0: 432 587 666 820 305 1010 708 737 
5	0.0: 541 588 615 971 315 794 560 769 
5	0.0: 514 597 739 810 372 868 381 711 
5	0.0: 514 534 701 655 414 1006 407 750 
5	0.0: 582 607 558 732 418 704 172 745 
5	0.0: 524 640 613 562 412 975 344 733 
5	0.0: 313 606 624 636 347 826 353 768 
5	0.0: 424 544 733 831 372 943 406 713 
5	0.0: 381 637 709 891 450 859 496 735 
4	0.0: 400 615 624 665 363 584 1 734 
5	0.0: 531 616 755 579 446 800 788 718 
4	0.0: 506 560 667 861 351 484 260 743 
5	0.0: 435 646 661 811 284 618 454 733 
5	0.0: 601 685 611 806 397 685 559 770 
4	0.0: 594 583 652 979 373 332 487 756 
5	0.0: 295 560 719 845 371 951 457 732 
5	0.0: 600 595 635 682 535 978 266 748 
5	0.0: 675 634 628 830 375 787 673 726 
5	0.0: 693 616 565 947 361 675 481 767 
5	0.0: 434 606 583 684 345 896 927 744 
4	0.0: 362 548 594 987 339 546 311 735 
5	0.0: 504 584 515 644 266 669 558 748 
5	0.0: 435 564 625 895 361 922 449 772 
5	0.0: 324 589 646 775 362 964 683 721 
5	0.0: 489 597 588 640 375 610 439 755 
4	0.0: 385 669 679 766 466 469 1 746 
5	0.0: 512 603 641 954 402 823 425 741 
0	0.0: 608 595 688 601 445 791 217 759 
5	0.0: 370 598 675 849 369 811 568 736 
5	0.0: 495 653 633 619 455 789 335 726 
5	0.0: 497 522 651 692 345 826 284 734 
5	0.0: 596 646 615 709 326 933 185 763 
5	0.0: 655 619 668 1017 377 1210 572 791 
5	0.0: 525 593 622 867 442 960 760 746 
5	0.0: 360 574 598 1026 451 959 468 732 
5	0.0: 404 672 597 812 377 1039 588 770 
5	0.0: 417 554 751 824 348 740 459 742 
5	0.0: 613 629 623 946 467 872 505 707 
5	0.0: 570 710 650 800 385 964 373 705 
5	0.0: 629 610 609 743 365 845 325 737 
5	0.0: 429 681 611 1015 359 1173 281 742 
5	0.0: 444 523 644 552 457 929 793 757 
5	0.0: 517 558 612 759 420 849 688 721 
5	0.0: 535 582 619 577 389 849 491 745 
5	0.0: 220 588 725 812 441 884 322 720 
5	0.0: 539 552 638 948 506 1002 208 756 
4	0.0: 540 602 644 953 389 470 360 737 
5	0.0: 524 611 602 789 485 812 540 759 
5	0.0: 407 656 637 761 478 722 252 759 
5	0.0: 222 607 613 622 387 1045 541 771 
5	0.0: 489 633 683 869 454 971 830 741 
5	0.0: 447 645 636 946 255 658 812 757 
5	0.0: 517 546 650 925 365 878 557 726 
5	0.0: 518 550 646 848 411 683 522 766 
5	0.0: 658 646 687 659 413 733 602 689 
5	0.0: 573 576 601 953 385 862 355 744 
5	0.0: 412 522 644 622 411 710 301 739 
5	0.0: 674 625 670 857 397 743 482 723 
5	0.0: 488 630 664 850 422 695 506 725 
5	0.0: 439 515 582 798 322 918 652 768 
5	0.0: 300 711 662 743 436 848 199 744 
5	0.0: 572 577 671 640 305 614 447 727 
5	0.0: 582 501 622 673 371 866 586 735 
4	0.0: 323 584 574 808 446 712 135 769 
5	0.0: 402 630 538 889 421 971 556 759 
5	0.0: 578 599 616 814 472 500 419 702 
4	0.0: 540 596 745 830 341 596 279 744 
5	0.0: 561 638 612 737 449 709 591 764 
5	0.0: 488 547 655 728 399 1096 294 759 
5	0.0: 637 638 600 829 347 1082 484 758 
5	0.0: 543 614 626 616 356 1067 308 763 
5	0.0: 600 591 550 850 293 786 515 772 
5	0.0: 651 636 569 777 384 732 652 740 
5	0.0: 522 615 534 698 384 611 287 742 
5	0.0: 481 599 603 1062 354 899 470 768 
5	0.0: 263 607 652 752 341 1028 438 737 
5	0.0: 304 638 752 853 329 948 441 742 
5	0.0: 616 615 700 803 343 950 526 750 
5	0.0: 405 582 560 658 443 1031 485 750 
5	0.0: 248 587 622 638 538 741 752 763 
5	0.0: 580 566 582 621 474 793 399 712 
5	0.0: 475 623 642 707 422 952 337 776 
5	0.0: 652 584 635 808 379 659 539 727 
5	0.0: 500 607 674 737 349 850 159 754 
5	0.0: 376 607 568 957 365 1016 443 730 
5	0.0: 254 592 626 995 341 962 446 748 
5	0.0: 551 526 602 634 405 967 914 741 
5	0.0: 526 621 683 692 387 809 533 730 
5	0.0: 679 533 650 920 463 509 446 693 
5	0.0: 568 671 677 675 398 941 692 716 
5	0.0: 498 665 574 646 418 909 738 778 
5	0.0: 364 577 599 659 353 857 448 744 
5	0.0: 374 659 629 834 406 630 331 739 
5	0.0: 340 552 640 1067 447 756 820 742 
5	0.0: 480 551 538 777 459 984 341 747 
5	0.0: 515 626 612 663 319 821 456 725 
5	0.0: 563 608 539 788 448 648 286 730 
4	0.0: 285 652 750 760 408 729 354 720 
5	0.0: 544 578 581 699 386 969 228 738 
5	0.0: 558 610 604 614 299 618 608 721 
5	0.0: 381 612 533 827 372 1143 265 738 
5	0.0: 502 623 606 783 360 1065 421 748 
5	0.0: 654 633 606 775 434 992 365 719 
5	0.0: 531 581 541 1031 426 1271 619 731 
5	0.0: 437 583 617 800 324 824 449 735 
4	0.0: 392 560 798 838 330 529 306 740 
5	0.0: 573 601 649 732 449 1042 238 734 
5	0.0: 571 608 604 850 369 547 356 732 
5	0.0: 525 633 625 745 330 547 327 759 
5	0.0: 484 588 584 755 328 792 551 760 
5	0.0: 368 640 666 649 405 853 644 727 
5	0.0: 459 627 600 920 406 1105 269 721 
5	0.0: 440 536 687 638 379 615 551 752 
5	0.0: 548 542 584 851 404 804 582 753 
5	0.0: 548 581 673 814 464 775 506 753 
5	0.0: 553 613 670 724 407 1107 470 724 
5	0.0: 451 533 606 1063 323 972 359 738 
4	0.0: 437 615 623 1005 330 571 376 752 
4	0.0: 332 626 822 742 331 707 357 709 
5	0.0: 555 596 697 826 391 932 66 752 
5	0.0: 530 615 648 1088 418 851 402 746 
5	0.0: 309 607 569 831 354 952 403 738 
5	0.0: 320 555 630 844 305 1282 410 753 
5	0.0: 513 663 621 738 341 946 716 719 
5	0.0: 549 656 580 684 420 1065 661 725 
5	0.0: 413 626 663 889 421 1014 353 732 
5	0.0: 386 531 588 864 395 857 583 737 
5	0.0: 376 596 607 582 463 1160 347 755 
5	0.0: 502 673 570 729 449 937 491 750 
5	0.0: 497 603 642 897 408 658 551 738 
5	0.0: 495 596 649 615 409 1094 469 767 
5	0.0: 518 584 630 732 439 664 628 747 
0	0.0: 548 578 627 599 378 931 116 763 
5	0.0: 411 654 671 650 425 767 488 756 
5	0.0: 589 577 644 932 443 747 250 754 
5	0.0: 549 593 608 882 410 805 616 722 
5	0.0: 481 642 810 487 400 1059 478 749 
5	0.0: 482 553 655 765 315 1278 105 725 
5	0.0: 371 658 704 749 390 722 572 744 
5	0.0: 381 584 616 994 454 723 433 730 
0	0.0: 456 617 676 531 283 562 305 766 
5	0.0: 492 628 659 901 343 844 676 745 
5	0.0: 558 675 653 783 412 778 260 767 
5	0.0: 633 601 625 778 479 878 693 760 
5	0.0: 348 690 620 959 329 769 537 756 
5	0.0: 662 557 598 930 338 739 262 766 
5	0.0: 574 618 674 682 422 761 250 764 
5	0.0: 382 586 604 903 402 858 856 749 
5	0.0: 475 617 607 869 371 753 498 740 
5	0.0: 591 562 539 1020 388 1233 720 757 
5	0.0: 401 538 660 921 461 887 583 706 
5	0.0: 695 598 570 713 325 611 524 741 
5	0.0: 506 602 583 873 373 1177 756 775 
5	0.0: 592 561 594 744 474 701 515 746 
5	0.0: 435 623 595 562 322 778 542 766 
5	0.0: 399 594 673 690 394 760 225 725 
5	0.0: 438 634 668 930 468 974 333 781 
5	0.0: 457 655 667 736 347 1204 307 761 
5	0.0: 460 610 641 662 409 923 401 750 
5	0.0: 420 666 628 860 367 823 385 718 
5	0.0: 498 537 775 821 374 783 502 764 
5	0.0: 514 530 621 803 390 872 723 738 
5	0.0: 557 569 670 797 361 653 360 744 
5	0.0: 567 539 549 866 384 763 128 727 
5	0.0: 496 595 630 910 420 657 636 727 
5	0.0: 546 615 661 903 390 856 260 762 
5	0.0: 540 666 696 903 432 909 388 740 
5	0.0: 495 583 669 850 354 904 204 747 
5	0.0: 595 614 675 820 357 684 425 744 
5	0.0: 351 571 717 908 260 1113 427 719 
5	0.0: 463 614 584 781 419 1043 588 765 
5	0.0: 522 600 521 907 444 1138 259 731 
5	0.0: 430 553 594 794 202 889 483 746 
5	0.0: 529 588 665 843 343 717 585 726 
5	0.0: 498 581 670 743 456 795 238 767 
0	0.0: 543 639 647 658 406 775 1 740 
5	0.0: 496 553 698 802 259 956 499 753 
5	0.0: 477 543 720 747 474 890 317 743 
5	0.0: 453 656 543 945 415 666 567 772 
5	0.0: 320 552 560 1003 318 996 140 744 
5	0.0: 460 611 723 819 458 979 520 729 
5	0.0: 523 556 647 796 274 738 435 750 
5	0.0: 548 561 746 853 320 939 466 743 
5	0.0: 514 616 641 832 363 614 542 720 
5	0.0: 465 584 720 1011 341 1006 540 746 
5	0.0: 365 587 651 918 504 1265 617 773 
5	0.0: 417 593 666 710 459 1015 135 757 
5	0.0: 510 625 683 794 302 918 588 720 
5	0.0: 614 635 607 728 433 740 482 763 
5	0.0: 459 580 589 917 311 1330 362 725 
5	0.0: 489 640 519 663 494 546 558 751 
5	0.0: 432 588 652 660 448 1209 505 716 
0	0.0: 436 567 605 521 355 603 363 707 
5	0.0: 415 638 567 737 412 663 486 741 
5	0.0: 529 567 536 793 394 757 349 755 
5	0.0: 560 607 614 929 293 927 1040 785 
5	0.0: 512 579 646 852 479 855 540 762 
5	0.0: 608 580 644 896 439 1122 1 743 
5	0.0: 320 645 685 681 364 1107 364 731 
5	0.0: 581 621 633 814 401 1009 655 765 
5	0.0: 491 621 573 721 388 880 332 733 
5	0.0: 442 520 550 811 472 1166 283 761 
5	0.0: 569 620 657 826 424 709 398 772 
5	0.0: 474 649 525 966 408 849 599 694 
5	0.0: 266 621 675 738 375 845 482 707 
5	0.0: 586 629 661 775 313 667 504 719 
5	0.0: 377 555 717 645 326 904 266 739 
5	0.0: 348 561 623 919 373 782 358 698 
5	0.0: 483 670 686 759 434 871 370 749 
4	0.0: 455 576 747 977 294 690 285 766 
5	0.0: 395 635 632 596 516 1130 191 724 
5	0.0: 600 569 558 757 333 696 356 754 
5	0.0: 576 651 634 975 330 647 412 752 
5	0.0: 405 634 705 1030 380 755 456 729 
5	0.0: 413 566 603 679 447 1020 387 739 
5	0.0: 657 549 511 805 389 954 56 740 
5	0.0: 566 658 624 962 458 1072 302 742 
5	0.0: 419 518 688 870 512 850 587 753 
5	0.0: 556 634 615 791 378 713 436 747 
5	0.0: 613 556 662 869 363 912 645 755 
5	0.0: 335 575 733 820 496 786 741 703 
5	0.0: 482 611 675 687 426 832 376 748 
5	0.0: 611 549 676 674 388 679 518 760 
5	0.0: 379 613 731 868 321 801 485 727 
5	0.0: 405 587 669 844 400 887 793 737 
5	0.0: 512 647 730 697 476 856 507 728 
5	0.0: 564 593 672 828 412 1144 394 724 
5	0.0: 464 591 692 742 305 784 258 772 
5	0.0: 690 643 635 846 352 1128 557 762 
4	0.0: 462 632 753 756 317 631 299 719 
5	0.0: 436 556 694 810 370 812 467 714 
5	0.0: 556 668 651 966 427 916 498 709 
5	0.0: 354 677 608 523 383 1290 299 727 
5	0.0: 399 668 612 712 403 768 325 759 
5	0.0: 691 558 667 1060 324 569 577 751 
5	0.0: 565 509 710 844 384 993 501 762 
5	0.0: 573 570 634 713 344 1107 400 740 
5	0.0: 489 628 621 746 390 847 544 762 
5	0.0: 502 604 576 852 475 606 566 727 
5	0.0: 332 632 555 782 422 980 326 733 
5	0.0: 589 553 710 908 426 1170 281 748 
5	0.0: 386 568 721 624 424 896 689 728 
5	0.0: 675 557 618 790 413 1194 356 705 
5	0.0: 286 599 594 649 471 1066 572 778 
5	0.0: 508 589 613 647 343 903 545 721 
5	0.0: 598 598 703 633 387 944 300 729 
5	0.0: 654 573 588 615 435 752 634 748 
5	0.0: 413 626 640 998 428 906 403 761 
5	0.0: 520 555 661 599 359 997 672 755 
5	0.0: 617 584 571 707 343 634 415 720 
5	0.0: 272 664 579 741 470 1042 562 742 
0	0.0: 455 556 597 473 365 684 476 724 
5	0.0: 684 602 544 532 316 996 488 733 
5	0.0: 448 607 580 805 321 717 709 764 
0	0.0: 457 563 661 662 324 873 1 761 
5	0.0: 516 628 815 843 345 648 585 750 
5	0.0: 571 653 575 592 392 919 578 751 
5	0.0: 615 636 680 811 352 912 404 756 
5	0.0: 560 565 654 643 449 825 554 752 
5	0.0: 427 623 664 729 350 856 317 755 
5	0.0: 713 608 729 843 272 1024 437 770 
5	0.0: 639 685 636 776 341 581 475 749 
5	0.0: 472 615 563 731 383 746 340 738 
5	0.0: 353 608 734 708 390 984 621 776 
4	0.0: 383 601 627 733 369 416 378 770 
5	0.0: 600 627 739 888 372 816 620 731 
5	0.0: 234 550 596 997 403 547 720 714 
5	0.0: 569 570 555 956 420 822 669 722 
5	0.0: 622 643 628 1061 347 779 344 772 
5	0.0: 496 585 552 538 443 657 533 727 
4	0.0: 374 529 656 743 413 801 1 756 
4	0.0: 324 559 727 732 347 899 117 764 
0	0.0: 362 670 538 422 363 1047 347 780 
5	0.0: 397 655 651 627 276 856 353 734 
5	0.0: 486 612 688 846 447 985 342 748 
5	0.0: 576 583 746 749 436 872 462 742 
5	0.0: 276 645 619 755 466 908 534 768 
5	0.0: 328 614 763 1061 451 937 415 761 
5	0.0: 405 583 706 651 341 989 764 723 
5	0.0: 551 590 537 563 380 1154 741 754 
5	0.0: 673 608 667 918 408 755 507 736 
0	0.0: 529 645 781 607 364 830 149 735 
5	0.0: 521 570 618 852 393 793 232 755 
0	0.0: 462 594 509 464 336 876 382 735 
5	0.0: 532 555 640 892 343 884 434 739 
5	0.0: 493 581 670 797 272 644 436 762 
5	0.0: 299 653 623 815 426 956 351 739 
5	0.0: 489 622 640 773 372 932 286 748 
5	0.0: 432 577 583 1004 363 783 507 766 
5	0.0: 500 641 578 928 358 790 408 766 
5	0.0: 462 595 530 806 289 1024 328 709 
5	0.0: 464 584 659 625 387 916 515 748 
5	0.0: 506 614 692 744 303 950 316 781 
5	0.0: 479 538 676 801 331 776 355 740 
5	0.0: 553 577 652 840 453 913 348 716 
5	0.0: 586 609 588 805 412 518 754 739 
5	0.0: 446 624 600 835 381 719 808 748 
5	0.0: 551 622 671 624 350 944 547 741 
5	0.0: 570 579 609 781 506 880 709 738 
5	0.0: 560 520 662 578 370 1096 902 749 
5	0.0: 567 574 654 1035 264 675 598 742 
5	0.0: 394 576 636 916 407 1106 321 763 
5	0.0: 675 582 581 682 381 709 590 743 
5	0.0: 463 567 693 748 447 980 867 743 
5	0.0: 407 596 730 829 363 964 649 770 
5	0.0: 437 568 625 953 347 757 548 758 
5	0.0: 613 596 624 954 373 928 365 707 
5	0.0: 622 678 624 742 391 781 581 779 
5	0.0: 633 604 629 1004 336 1036 716 715 
5	0.0: 737 620 582 607 419 846 493 774 
5	0.0: 478 594 616 552 435 677 483 701 
5	0.0: 571 629 674 808 498 988 143 721 
5	0.0: 368 623 482 612 483 1095 395 742 
5	0.0: 361 641 748 623 409 731 671 741 
5	0.0: 262 645 708 861 278 803 442 751 
5	0.0: 347 572 703 921 471 601 484 749 
5	0.0: 297 575 619 607 334 1006 529 729 
5	0.0: 545 631 681 597 345 780 743 744 
5	0.0: 554 621 593 833 362 989 482 761 
5	0.0: 425 630 769 563 341 1018 540 740 
5	0.0: 488 634 605 952 368 803 351 787 
5	0.0: 425 577 617 673 478 1313 591 756 
5	0.0: 404 506 679 1085 373 961 166 773 
5	0.0: 612 584 680 790 437 870 491 718 
5	0.0: 493 663 592 808 304 1034 516 747 
5	0.0: 539 601 646 825 413 841 419 711 
5	0.0: 416 517 628 463 375 1457 708 728 
5	0.0: 505 540 718 893 255 781 442 750 
5	0.0: 500 665 631 876 485 667 366 759 
5	0.0: 474 554 561 811 499 814 156 755 
5	0.0: 656 642 611 812 300 719 360 724 
5	0.0: 438 678 549 668 328 783 556 735 
5	0.0: 501 648 647 1082 432 1071 320 739 
5	0.0: 483 569 724 926 316 763 432 742 
5	0.0: 585 587 700 669 354 865 379 759 
5	0.0: 342 604 537 999 375 1001 164 767 
5	0.0: 573 655 686 1207 362 1130 543 731 
5	0.0: 421 552 661 755 458 842 196 724 
5	0.0: 534 636 657 861 474 1002 578 737 
0	0.0: 615 647 655 693 357 968 73 749 
5	0.0: 419 642 629 713 299 903 423 725 
5	0.0: 553 594 611 926 381 637 549 720 
5	0.0: 476 600 636 784 509 907 242 713 
5	0.0: 298 576 650 631 334 737 493 755 
5	0.0: 502 619 549 906 383 677 347 761 
5	0.0: 500 618 645 783 446 922 432 726 
5	0.0: 551 614 579 752 413 1414 480 728 
5	0.0: 323 610 684 525 451 969 570 766 
5	0.0: 451 532 605 845 431 580 665 747 
5	0.0: 398 594 667 646 274 1211 863 734 
5	0.0: 523 506 606 615 366 1045 830 730 
5	0.0: 424 538 610 824 488 881 532 745 
5	0.0: 390 658 695 574 458 848 535 736 
5	0.0: 533 617 664 877 332 988 395 743 
5	0.0: 396 603 672 1084 399 1293 631 759 
5	0.0: 540 607 610 675 389 902 532 719 
5	0.0: 167 619 613 988 526 1079 413 725 
5	0.0: 583 536 746 837 450 922 494 752 
5	0.0: 590 595 604 663 244 1025 776 703 
5	0.0: 434 592 567 908 368 854 306 784 
5	0.0: 608 605 739 523 390 1077 624 770 
5	0.0: 563 573 640 777 335 975 300 782 
5	0.0: 240 658 614 1115 467 695 501 717 
5	0.0: 641 587 717 1053 379 733 473 772 
5	0.0: 286 647 599 804 360 995 533 764 
5	0.0: 537 555 651 767 455 794 694 741 
5	0.0: 470 606 633 906 399 532 472 750 
5	0.0: 451 639 622 696 386 712 583 719 
5	0.0: 324 602 571 725 369 1170 502 752 
5	0.0: 521 669 668 804 461 930 377 770 
5	0.0: 566 603 531 942 388 828 572 765 
5	0.0: 360 562 624 961 340 1175 589 718 
5	0.0: 690 558 662 811 479 990 523 736 
5	0.0: 575 618 632 967 366 1082 609 765 
5	0.0: 538 527 563 623 301 988 424 708 
4	0.0: 409 547 594 846 414 430 311 724 
5	0.0: 131 543 649 677 344 1110 604 748 
5	0.0: 609 608 611 616 499 1024 813 739 
5	0.0: 252 533 653 1244 264 791 744 768 
5	0.0: 381 672 700 950 446 926 468 726 
5	0.0: 576 648 729 851 483 764 299 779 
5	0.0: 591 608 646 855 411 844 460 764 
5	0.0: 426 544 753 530 449 1215 296 730 
5	0.0: 605 676 584 794 349 536 323 735 
5	0.0: 407 526 599 671 439 932 640 754 
5	0.0: 483 693 671 938 320 950 687 692 
5	0.0: 507 555 561 844 354 979 356 758 
5	0.0: 433 547 635 861 388 1307 324 747 
5	0.0: 250 651 671 810 379 792 508 779 
5	0.0: 471 655 580 864 366 873 711 725 
5	0.0: 492 548 630 591 286 919 368 736 
5	0.0: 546 663 737 913 401 1001 286 724 
5	0.0: 421 548 641 929 406 780 577 756 
5	0.0: 428 580 605 846 367 665 435 723 
5	0.0: 365 594 640 606 384 610 660 751 
0	0.0: 676 531 706 576 400 866 9 774 
5	0.0: 542 521 652 729 479 906 700 743 
5	0.0: 585 576 693 548 521 1120 379 773 
5	0.0: 493 596 605 717 376 936 542 748 
5	0.0: 380 619 533 733 438 1364 553 746 
5	0.0: 496 625 567 946 431 1100 821 747 
5	0.0: 315 676 687 698 508 588 488 699 
5	0.0: 368 517 659 768 466 878 290 773 
5	0.0: 494 615 692 899 453 843 417 752 
5	0.0: 468 647 629 1077 328 463 535 725 
5	0.0: 769 537 662 834 280 728 595 761 
5	0.0: 473 642 671 1139 471 634 488 745 
5	0.0: 341 625 626 682 408 1160 591 722 
5	0.0: 255 625 612 609 365 866 226 726 
5	0.0: 485 640 618 473 414 1373 724 760 
5	0.0: 475 615 588 657 239 1236 391 811 
5	0.0: 391 654 508 858 323 808 275 733 
5	0.0: 263 655 563 633 359 976 455 702 
5	0.0: 641 593 637 721 392 1074 522 728 
5	0.0: 583 591 616 716 458 1022 306 771 
5	0.0: 392 646 639 504 332 1228 393 714 
5	0.0: 285 560 659 820 400 551 657 754 
5	0.0: 592 645 512 651 427 769 480 792 
5	0.0: 623 486 588 739 322 917 278 712 
5	0.0: 361 638 603 1023 310 549 755 768 
5	0.0: 547 631 648 777 317 773 562 780 
5	0.0: 550 598 615 802 438 718 816 750 
5	0.0: 490 613 649 669 388 1083 520 776 
5	0.0: 619 590 573 618 447 991 529 714 
5	0.0: 436 570 661 781 348 786 638 767 
5	0.0: 487 602 651 811 317 769 366 757 
5	0.0: 282 569 720 777 503 734 474 739 
5	0.0: 435 545 554 781 363 686 434 705 
5	0.0: 496 567 761 707 402 903 545 768 
5	0.0: 622 592 558 868 396 808 369 768 
5	0.0: 542 579 570 639 374 523 593 792 
5	0.0: 220 579 704 752 531 1015 347 704 
5	0.0: 543 637 570 1091 389 992 443 761 
5	0.0: 467 592 701 938 205 1056 621 757 
5	0.0: 455 538 608 773 358 837 452 772 
5	0.0: 561 544 652 878 472 805 492 755 
5	0.0: 333 572 654 689 387 800 380 751 
5	0.0: 605 587 568 839 352 1160 966 776 
5	0.0: 461 608 533 989 410 1041 16 725 
5	0.0: 558 660 551 654 298 866 725 768 
5	0.0: 412 574 670 870 534 792 636 728 
5	0.0: 304 559 583 767 350 785 635 735 
5	0.0: 430 610 731 854 348 893 530 751 
5	0.0: 630 499 484 831 426 914 342 745 
5	0.0: 362 550 555 918 327 561 777 739 
5	0.0: 564 662 647 788 290 694 356 779 
5	0.0: 503 586 788 764 269 1042 520 739 
5	0.0: 450 617 569 805 376 1062 568 784 
5	0.0: 307 609 590 593 351 1022 350 708 
5	0.0: 532 530 638 892 355 752 488 739 
5	0.0: 615 602 685 769 353 602 529 756 
5	0.0: 550 653 590 620 433 1058 352 737 
5	0.0: 396 637 654 864 334 882 343 756 
5	0.0: 358 552 612 762 350 721 598 750 
5	0.0: 596 571 619 799 409 745 270 724 
5	0.0: 556 694 548 808 482 882 143 739 
5	0.0: 481 614 744 1010 391 670 443 747 
5	0.0: 523 616 587 612 402 718 329 749 
5	0.0: 619 614 742 735 417 726 672 751 
5	0.0: 594 550 627 708 359 728 317 723 
0	0.0: 457 593 630 466 340 876 173 736 
5	0.0: 604 612 552 740 383 886 510 758 
5	0.0: 340 637 644 607 446 727 389 744 
5	0.0: 511 660 615 963 403 752 324 710 
0	0.0: 548 703 651 634 405 625 329 743 
5	0.0: 452 630 679 568 256 761 595 735 
5	0.0: 330 533 599 509 305 906 432 739 
5	0.0: 293 575 573 798 384 1024 50 708 
5	0.0: 471 641 764 850 359 799 494 768 
5	0.0: 410 574 677 869 427 896 461 772 
4	0.0: 334 617 644 1018 374 733 234 739 
5	0.0: 613 643 539 616 414 1092 690 683 
5	0.0: 596 626 580 910 397 1027 630 747 
5	0.0: 588 521 616 862 418 1001 600 756 
5	0.0: 590 603 613 830 431 998 250 757 
5	0.0: 326 535 745 957 431 754 984 758 
5	0.0: 577 607 686 648 315 1134 698 773 
5	0.0: 449 647 599 841 468 898 251 774 
5	0.0: 645 522 686 1164 409 942 373 742 
5	0.0: 460 648 735 696 414 1012 426 747 
5	0.0: 704 626 636 669 434 548 1068 758 
5	0.0: 429 587 691 634 418 883 309 739 
5	0.0: 439 526 618 664 351 812 423 740 
5	0.0: 338 570 676 791 429 1075 846 716 
5	0.0: 664 544 615 795 341 920 462 744 
5	0.0: 313 582 642 737 310 1200 265 712 
5	0.0: 394 659 629 539 320 1030 535 745 
5	0.0: 417 544 660 896 408 584 625 754 
5	0.0: 631 674 669 907 428 962 80 740 
5	0.0: 420 630 656 992 387 1014 536 756 
5	0.0: 589 673 691 643 276 848 456 764 
5	0.0: 533 584 564 852 557 682 381 752 
5	0.0: 424 646 658 785 356 1000 510 777 
5	0.0: 373 592 702 830 441 816 293 758 
5	0.0: 309 615 592 948 483 957 259 746 
5	0.0: 512 648 677 773 378 951 410 728 
5	0.0: 366 618 654 829 393 1108 317 757 
5	0.0: 420 629 673 1022 322 1136 573 769 
5	0.0: 452 598 676 941 311 833 437 742 
4	0.0: 283 607 677 684 362 623 254 733 
5	0.0: 441 583 672 694 359 801 216 757 
5	0.0: 434 599 624 619 360 822 187 739 
5	0.0: 494 643 618 776 395 870 590 711 
5	0.0: 447 605 659 932 404 996 603 727 
5	0.0: 629 559 599 706 480 1031 758 777 
5	0.0: 655 530 627 977 306 604 270 745 
5	0.0: 587 656 665 1054 300 616 773 743 
5	0.0: 682 637 600 732 347 725 520 759 
5	0.0: 646 584 689 803 333 677 305 741 
5	0.0: 351 562 615 681 404 854 415 698 
5	0.0: 354 651 546 663 360 961 560 751 
5	0.0: 391 611 667 775 370 893 820 777 
5	0.0: 520 590 702 793 396 1149 372 730 
5	0.0: 495 569 686 741 408 931 342 762 
5	0.0: 472 560 685 858 396 945 326 755 
5	0.0: 586 626 761 822 415 815 346 741 
5	0.0: 342 624 581 613 370 965 685 760 
4	0.0: 317 570 644 867 367 789 214 784 
5	0.0: 700 586 670 818 349 978 396 776 
0	0.0: 467 620 707 545 355 688 512 784 
5	0.0: 420 561 564 696 395 1035 559 739 
5	0.0: 536 532 735 1047 436 888 550 735 
5	0.0: 461 557 709 948 368 953 1000 742 
5	0.0: 498 637 623 993 384 950 682 734 
5	0.0: 495 586 626 622 362 1019 520 766 
5	0.0: 473 614 678 748 397 760 350 744 
5	0.0: 453 540 576 906 399 1052 561 727 
5	0.0: 587 635 634 806 404 942 845 755 
5	0.0: 377 595 649 591 396 1056 400 734 
5	0.0: 669 570 583 772 387 821 411 733 
5	0.0: 467 712 640 725 412 988 583 748 
5	0.0: 567 576 617 712 397 971 617 746 
4	0.0: 383 643 690 829 350 588 332 731 
5	0.0: 662 594 622 888 486 942 544 719 
5	0.0: 587 550 624 703 276 882 546 735 
5	0.0: 600 603 673 785 346 1062 294 760 
0	0.0: 564 595 689 632 285 696 411 774 
5	0.0: 573 634 586 644 325 961 384 723 
5	0.0: 587 561 606 754 444 931 410 801 
5	0.0: 630 522 650 722 259 1187 758 732 
4	0.0: 147 621 656 633 399 670 152 749 
5	0.0: 541 594 524 900 386 872 755 762 
5	0.0: 501 578 657 816 399 878 293 769 
5	0.0: 510 648 655 814 356 1173 726 774 
5	0.0: 488 605 595 649 453 919 717 753 
5	0.0: 574 638 715 895 353 840 721 721 
5	0.0: 235 580 572 509 376 520 924 765 
5	0.0: 474 576 702 744 361 811 475 732 
5	0.0: 488 582 650 975 326 684 782 725 
5	0.0: 636 637 580 933 343 791 658 757 
5	0.0: 648 513 663 603 387 752 588 759 
5	0.0: 541 587 665 1074 392 1175 417 707 
5	0.0: 495 518 627 770 330 983 464 743 
5	0.0: 696 583 601 720 380 963 25 715 
5	0.0: 530 657 599 732 399 1128 661 732 
5	0.0: 516 619 691 597 306 939 744 776 
5	0.0: 338 615 649 1012 330 824 360 756 
5	0.0: 526 648 638 719 352 864 234 700 
5	0.0: 693 583 707 885 294 894 736 748 
5	0.0: 529 546 586 984 377 747 454 801 
5	0.0: 465 606 721 740 368 1014 577 730 
5	0.0: 401 600 692 1162 311 955 428 708 
5	0.0: 443 609 626 784 351 863 396 745 
5	0.0: 492 587 616 806 425 571 604 761 
5	0.0: 458 593 591 836 353 759 487 746 
5	0.0: 244 632 621 862 426 1079 509 752 
5	0.0: 393 531 576 924 334 972 692 742 
5	0.0: 494 649 623 1001 478 935 511 729 
5	0.0: 540 598 655 947 353 907 235 726 
5	0.0: 557 600 594 944 396 1043 291 743 
5	0.0: 602 580 555 890 420 1075 389 741 
5	0.0: 494 553 682 834 393 505 585 725 
5	0.0: 393 599 627 423 283 683 790 741 
5	0.0: 246 641 612 393 395 951 648 753 
5	0.0: 469 619 570 714 391 671 827 736 
5	0.0: 432 622 609 836 328 714 428 744 
5	0.0: 435 647 641 740 422 1144 366 723 
5	0.0: 575 733 624 671 348 773 476 712 
5	0.0: 490 641 636 832 379 832 512 720 
5	0.0: 334 558 609 771 303 1010 416 803 
5	0.0: 470 549 562 635 364 1004 675 765 
5	0.0: 624 532 692 847 444 926 250 755 
5	0.0: 556 590 652 994 476 896 576 746 
5	0.0: 345 597 679 935 427 784 331 754 
5	0.0: 502 576 594 813 392 856 608 726 
5	0.0: 660 589 639 736 455 848 609 734 
5	0.0: 641 588 629 831 366 792 265 762 
5	0.0: 455 629 517 921 403 814 456 733 
5	0.0: 383 648 626 760 425 894 379 732 
5	0.0: 498 664 613 978 431 851 451 739 
5	0.0: 589 626 674 878 348 889 299 737 
5	0.0: 556 665 654 901 381 1064 552 766 
5	0.0: 676 625 609 857 394 825 296 760 
5	0.0: 428 618 452 761 427 786 525 732 
5	0.0: 559 606 682 848 495 875 452 779 
0	0.0: 653 548 717 447 373 867 421 749 
5	0.0: 520 634 698 630 364 1003 343 768 
5	0.0: 502 566 708 578 361 860 423 756 
5	0.0: 655 613 487 1215 482 1120 347 725 
5	0.0: 398 591 623 868 355 850 401 734 
5	0.0: 298 587 669 543 419 968 513 743 
5	0.0: 586 610 701 795 412 1017 481 744 
5	0.0: 509 630 589 902 413 933 304 754 
0	0.0: 582 568 566 506 478 1025 141 745 
5	0.0: 399 654 690 693 444 1016 392 774 
4	0.0: 373 554 724 864 352 747 174 785 
5	0.0: 380 582 685 778 432 904 389 701 
5	0.0: 481 621 591 922 366 811 605 748 
5	0.0: 397 629 660 633 443 1015 734 762 
5	0.0: 450 624 598 683 411 819 522 741 
5	0.0: 545 632 615 745 447 766 315 763 
5	0.0: 413 520 700 651 408 1044 267 750 
5	0.0: 369 612 626 625 494 671 566 725 
5	0.0: 554 642 629 901 400 872 560 714 
5	0.0: 426 590 760 798 396 1115 292 779 
5	0.0: 345 635 730 995 355 872 375 764 
5	0.0: 437 568 708 681 467 458 507 786 
5	0.0: 456 677 588 884 325 1101 424 768 
5	0.0: 503 652 599 903 449 695 475 760 
5	0.0: 277 680 689 936 422 1067 311 731 
4	0.0: 508 616 710 779 456 523 321 757 
5	0.0: 445 594 603 574 466 683 570 732 
0	0.0: 514 558 624 629 325 821 251 757 
5	0.0: 520 597 646 930 286 1017 188 723 
5	0.0: 493 658 648 1154 365 796 611 739 
5	0.0: 517 592 661 815 343 1011 321 747 
5	0.0: 398 591 592 839 350 1061 446 796 
5	0.0: 435 604 624 676 415 1021 480 727 
5	0.0: 482 642 683 680 363 588 460 719 
5	0.0: 411 549 633 665 338 852 658 744 
5	0.0: 543 626 659 726 338 884 287 748 
4	0.0: 562 587 722 802 517 573 228 716 
4	0.0: 342 655 780 771 422 710 459 727 
5	0.0: 594 672 577 786 379 841 798 742 
5	0.0: 424 594 635 635 399 1004 348 711 
5	0.0: 597 611 496 910 337 966 514 738 
5	0.0: 632 572 728 814 338 901 432 738 
5	0.0: 361 655 654 563 396 944 389 723 
5	0.0: 477 619 664 781 329 892 524 747 
0	0.0: 453 604 620 393 487 784 290 748 
5	0.0: 523 579 482 683 440 847 475 755 
5	0.0: 691 584 629 998 363 1002 189 723 
5	0.0: 506 663 672 867 437 1059 437 732 
5	0.0: 370 548 552 635 416 1019 225 755 
5	0.0: 313 593 685 569 387 1047 227 759 
5	0.0: 612 565 642 750 380 889 608 731 
5	0.0: 446 566 618 865 353 1095 343 756 
5	0.0: 683 606 649 839 444 591 308 725 
5	0.0: 432 659 654 599 525 1062 190 757 
5	0.0: 516 603 598 623 303 661 472 699 
5	0.0: 555 646 591 901 307 738 728 743 
5	0.0: 470 636 614 710 390 1062 510 726 
5	0.0: 452 596 583 740 450 853 552 726 
5	0.0: 358 591 724 853 461 1017 339 759 
5	0.0: 601 541 660 876 484 832 438 752 
5	0.0: 567 557 594 614 366 694 419 729 
5	0.0: 403 529 575 877 296 765 842 736 
4	0.0: 381 658 731 832 338 623 375 725 
5	0.0: 419 615 605 768 471 1143 594 763 
0	0.0: 410 668 669 553 381 549 294 782 
5	0.0: 446 600 596 758 408 870 849 735 
5	0.0: 549 693 547 805 453 785 437 716 
5	0.0: 483 617 604 781 449 977 323 746 
5	0.0: 524 545 668 754 481 934 596 737 
5	0.0: 473 540 658 684 412 800 336 748 
5	0.0: 604 589 645 834 382 918 724 720 
5	0.0: 249 591 548 925 361 945 713 740 
5	0.0: 508 544 662 753 407 727 561 743 
5	0.0: 485 630 581 761 283 898 370 727 
0	0.0: 507 675 614 390 280 841 587 732 
5	0.0: 433 619 564 1023 447 929 464 761 
5	0.0: 577 548 621 569 379 1062 403 710 
5	0.0: 543 557 641 647 369 809 590 720 
5	0.0: 413 578 624 962 472 857 651 713 
5	0.0: 382 560 619 827 316 745 340 729 
5	0.0: 547 587 582 1077 449 895 260 709 
4	0.0: 343 631 710 806 289 962 153 728 
5	0.0: 655 615 684 956 361 947 513 713 
5	0.0: 353 532 798 825 449 892 527 694 
5	0.0: 436 565 674 1031 407 1044 541 716 
5	0.0: 505 642 736 832 406 725 464 753 
0	0.0: 642 555 660 691 420 991 1 727 
5	0.0: 455 634 654 688 490 974 137 756 
5	0.0: 592 628 656 640 415 775 514 735 
5	0.0: 375 605 520 817 377 890 165 739 
0	0.0: 567 619 706 590 471 608 189 745 
5	0.0: 480 646 627 700 355 946 394 744 
5	0.0: 499 593 611 884 442 757 447 771 
5	0.0: 368 592 667 829 443 727 321 751 
5	0.0: 530 580 642 949 351 860 380 738 
5	0.0: 710 615 624 1194 381 669 751 719 
5	0.0: 681 628 729 811 500 1004 521 749 
5	0.0: 585 664 730 805 412 917 397 732 
5	0.0: 560 500 599 971 416 977 292 746 
5	0.0: 354 554 638 1051 427 913 323 748 
5	0.0: 473 601 538 774 381 816 359 761 
5	0.0: 413 549 591 697 527 1114 533 741 
5	0.0: 626 558 746 643 307 937 456 731 
5	0.0: 558 597 612 682 451 1016 368 716 
5	0.0: 298 521 660 949 385 758 583 750 
5	0.0: 559 650 658 1148 421 571 397 748 
5	0.0: 419 601 549 618 385 870 641 747 
5	0.0: 632 615 643 861 359 759 169 730 
5	0.0: 639 629 622 643 292 856 711 741 
5	0.0: 358 619 611 886 436 1316 642 745 
5	0.0: 707 703 538 834 393 808 826 749 
5	0.0: 423 627 738 815 428 873 225 760 
5	0.0: 417 612 531 948 315 907 209 718 
4	0.0: 426 658 590 853 440 606 194 775 
5	0.0: 613 599 575 921 419 1009 477 775 
5	0.0: 507 655 616 361 397 919 676 737 
5	0.0: 479 643 640 1034 298 877 729 771 
5	0.0: 340 569 570 874 447 696 665 777 
5	0.0: 364 598 688 805 387 956 243 808 
5	0.0: 448 554 721 870 361 1077 471 763 
5	0.0: 458 534 684 925 388 1103 719 748 
5	0.0: 531 604 592 919 344 782 322 752 
5	0.0: 701 593 610 764 289 921 127 739 
4	0.0: 242 607 705 736 294 883 115 770 
5	0.0: 564 607 703 683 279 1179 227 753 
5	0.0: 460 610 652 555 522 741 660 735 
5	0.0: 547 660 572 810 398 629 146 734 
5	0.0: 580 647 657 717 324 768 504 729 
5	0.0: 468 539 707 683 291 1217 436 755 
5	0.0: 461 593 618 424 440 1291 477 781 
5	0.0: 507 667 642 690 423 945 248 730 
4	0.0: 471 602 630 799 391 518 298 770 
5	0.0: 456 599 592 1003 384 984 350 769 
5	0.0: 517 641 657 750 384 889 449 765 
5	0.0: 554 602 627 1055 424 685 314 715 
5	0.0: 384 662 643 760 394 860 379 758 
5	0.0: 464 654 574 663 391 865 374 733 
5	0.0: 386 614 599 688 465 1141 503 771 
5	0.0: 378 596 668 837 420 652 406 744 
5	0.0: 299 624 584 1027 351 946 295 751 
5	0.0: 590 666 619 892 460 968 303 760 
5	0.0: 416 610 690 763 504 1041 535 766 
5	0.0: 510 668 678 790 408 942 504 762 
5	0.0: 387 592 668 726 354 1085 929 750 
5	0.0: 603 610 612 797 389 687 332 752 
5	0.0: 500 679 583 665 420 493 450 718 
5	0.0: 419 585 600 628 396 802 194 748 
5	0.0: 458 637 721 911 393 806 520 755 
5	0.0: 504 638 662 852 310 967 2 697 
5	0.0: 505 608 676 724 353 1101 235 719 
5	0.0: 478 634 666 924 497 960 569 742 
5	0.0: 340 640 485 853 431 1126 487 743 
5	0.0: 550 537 615 819 319 851 491 706 
5	0.0: 701 615 677 922 471 846 222 719 
5	0.0: 297 519 647 714 448 999 538 729 
5	0.0: 285 586 596 778 303 1026 744 761 
5	0.0: 616 578 697 770 440 1085 536 760 
5	0.0: 516 631 723 867 409 1001 586 764 
5	0.0: 489 559 578 899 378 970 359 762 
5	0.0: 612 537 599 1095 300 902 609 746 
5	0.0: 676 606 585 888 394 1314 612 755 
5	0.0: 457 635 577 942 368 1099 367 760 
5	0.0: 507 662 535 762 345 1047 309 769 
5	0.0: 755 650 634 698 400 1124 416 721 
5	0.0: 280 600 738 805 381 753 475 738 
5	0.0: 700 612 671 763 404 887 605 740 
5	0.0: 476 635 628 896 450 973 347 704 
5	0.0: 558 693 620 867 330 752 586 754 
5	0.0: 412 569 591 1086 368 909 210 746 
5	0.0: 540 615 659 711 248 938 433 746 
5	0.0: 483 637 655 935 366 806 343 801 
5	0.0: 524 598 667 927 358 942 555 749 
0	0.0: 752 613 584 557 379 933 556 782 
5	0.0: 398 586 617 883 498 1055 264 744 
5	0.0: 498 585 684 744 247 929 345 766 
5	0.0: 411 661 622 487 409 1006 375 764 
5	0.0: 301 637 613 572 343 724 558 743 
5	0.0: 511 614 674 1242 392 899 458 724 
5	0.0: 521 590 579 1014 324 833 336 777 
5	0.0: 407 588 630 694 467 556 765 740 
5	0.0: 666 644 560 819 412 615 664 744 
5	0.0: 363 656 569 933 345 1053 452 682 
5	0.0: 527 566 610 988 459 819 582 736 
5	0.0: 545 572 700 958 447 860 354 772 
5	0.0: 565 651 553 741 340 750 559 733 
5	0.0: 566 577 712 598 406 643 460 702 
5	0.0: 507 625 593 580 469 847 473 739 
5	0.0: 564 618 758 528 446 1095 486 758 
5	0.0: 326 552 679 744 370 955 444 768 
5	0.0: 517 575 571 823 428 960 454 758 
5	0.0: 591 611 639 792 339 862 577 785 
5	0.0: 366 589 722 890 314 742 538 733 
4	0.0: 592 702 715 929 389 576 120 732 
5	0.0: 545 602 629 769 372 785 219 729 
5	0.0: 481 558 553 644 421 792 634 725 
5	0.0: 594 590 669 841 421 879 61 743 
5	0.0: 467 591 672 725 325 1218 574 718 
0	0.0: 509 676 638 652 296 648 266 769 
5	0.0: 406 609 548 457 367 959 501 772 
5	0.0: 492 609 557 830 363 1134 321 757 
5	0.0: 437 591 579 688 375 660 513 735 
4	0.0: 522 585 704 706 292 807 64 717 
5	0.0: 400 556 637 601 328 878 329 755 
5	0.0: 545 622 556 849 336 788 583 725 
5	0.0: 294 489 549 705 255 844 787 733 
5	0.0: 427 572 615 918 309 1004 584 734 
4	0.0: 321 581 733 975 416 856 289 738 
5	0.0: 703 662 646 931 378 1001 409 743 
5	0.0: 639 611 680 733 471 786 708 750 
5	0.0: 379 541 635 699 422 722 557 741 
5	0.0: 464 630 656 653 383 1022 647 720 
5	0.0: 692 640 637 713 401 860 252 732 
5	0.0: 720 504 706 759 419 1154 803 809 
5	0.0: 397 522 643 982 374 1052 560 750 
5	0.0: 639 511 532 1011 343 944 524 780 
5	0.0: 331 603 631 906 382 768 471 756 
0	0.0: 484 602 650 654 300 602 335 749 
5	0.0: 435 673 680 782 269 726 369 726 
5	0.0: 540 569 605 741 424 945 474 740 
5	0.0: 561 586 608 1023 342 940 197 790 
5	0.0: 460 603 604 653 257 718 308 742 
5	0.0: 719 610 617 675 345 1118 413 759 
5	0.0: 542 610 624 690 317 952 638 739 
5	0.0: 520 623 689 777 303 926 678 722 
5	0.0: 534 533 684 720 300 726 540 740 
5	0.0: 479 534 558 612 366 819 475 727 
5	0.0: 359 570 700 1136 368 1051 76 766 
5	0.0: 384 661 641 584 413 890 374 732 
5	0.0: 490 616 673 898 378 1147 516 760 
5	0.0: 593 632 608 780 401 1110 384 717 
5	0.0: 263 593 663 897 478 874 418 762 
5	0.0: 505 602 656 838 415 999 553 743 
5	0.0: 576 608 620 852 352 1077 409 770 
5	0.0: 584 512 630 704 457 659 485 753 
5	0.0: 664 571 679 688 567 531 599 770 
0	0.0: 507 567 627 570 471 418 526 770 
5	0.0: 596 671 606 814 333 953 390 697 
5	0.0: 540 588 619 714 437 735 687 731 
5	0.0: 462 610 603 595 522 1223 465 772 
5	0.0: 453 555 545 670 314 887 349 730 
5	0.0: 581 659 697 833 373 824 382 754 
5	0.0: 400 570 621 958 433 1106 242 751 
5	0.0: 382 593 478 821 476 901 674 742 
5	0.0: 493 652 712 684 318 1086 494 741 
5	0.0: 513 541 692 827 393 907 609 753 
5	0.0: 591 603 631 896 238 938 480 766 
5	0.0: 444 561 631 730 320 733 473 742 
5	0.0: 516 621 669 684 471 810 606 785 
4	0.0: 339 626 695 950 301 665 487 748 
5	0.0: 475 646 737 856 411 992 347 759 
5	0.0: 506 658 630 710 300 1032 363 727 
5	0.0: 407 591 644 703 411 817 359 736 
5	0.0: 507 589 668 922 377 739 724 739 
5	0.0: 370 584 574 695 483 1247 419 735 
5	0.0: 453 644 725 826 353 758 518 753 
5	0.0: 444 594 756 916 427 880 534 726 
5	0.0: 485 631 584 706 447 890 482 715 
5	0.0: 550 610 597 836 484 895 557 756 
5	0.0: 250 644 634 823 271 982 267 740 
5	0.0: 641 640 633 849 430 1226 543 769 
5	0.0: 380 549 655 855 403 842 541 733 
5	0.0: 687 620 666 808 468 826 358 733 
5	0.0: 389 534 636 966 413 887 636 745 
5	0.0: 507 618 668 767 320 760 719 721 
5	0.0: 336 621 711 883 304 987 469 753 
5	0.0: 578 603 667 630 321 898 363 758 
5	0.0: 573 643 627 862 381 535 545 765 
5	0.0: 332 574 483 748 415 710 262 747 
5	0.0: 455 574 673 1003 427 871 420 738 
5	0.0: 438 603 664 1023 355 917 605 760 
5	0.0: 608 661 656 878 410 818 417 761 
5	0.0: 451 566 577 824 495 797 286 743 
0	0.0: 498 598 616 518 376 691 367 764 
5	0.0: 489 647 620 885 419 594 507 781 
0	0.0: 781 609 703 703 451 826 106 746 
5	0.0: 327 616 645 564 386 1046 494 711 
5	0.0: 322 638 662 720 381 850 361 745 
5	0.0: 378 598 478 825 458 508 801 728 
5	0.0: 483 647 595 1012 493 580 647 691 
5	0.0: 575 602 588 560 322 996 646 728 
5	0.0: 465 583 636 769 287 837 343 758 
5	0.0: 438 578 602 959 338 1082 742 755 
5	0.0: 526 610 624 923 452 986 538 718 
5	0.0: 445 624 559 703 444 727 269 747 
5	0.0: 405 625 666 854 451 817 364 729 
5	0.0: 592 625 621 614 330 1077 335 745 
5	0.0: 518 610 613 993 426 1218 186 710 
5	0.0: 447 664 599 895 381 1050 630 750 
5	0.0: 630 517 655 1035 456 1107 441 703 
5	0.0: 528 615 659 963 333 971 440 732 
5	0.0: 505 653 648 770 353 1006 650 750 
5	0.0: 525 592 697 594 419 671 716 756 
5	0.0: 584 645 705 900 367 814 409 759 
5	0.0: 344 652 621 859 432 822 162 738 
4	0.0: 461 557 581 640 337 423 218 750 
5	0.0: 493 622 490 624 412 988 440 732 
5	0.0: 417 528 708 664 344 950 504 753 
5	0.0: 452 514 692 722 454 974 735 756 
5	0.0: 316 566 731 699 360 595 694 727 
5	0.0: 454 561 606 638 386 900 352 737 
5	0.0: 577 520 577 1052 412 813 147 755 
5	0.0: 664 569 539 749 459 820 626 767 
5	0.0: 513 608 659 735 325 993 709 752 
5	0.0: 555 604 688 755 436 808 266 709 
5	0.0: 530 614 658 777 420 688 432 745 
5	0.0: 462 607 690 868 390 1031 229 748 
5	0.0: 537 648 673 661 398 953 725 752 
5	0.0: 489 616 650 754 408 743 566 767 
5	0.0: 431 581 617 786 375 600 785 723 
5	0.0: 503 580 542 736 379 740 543 737 
5	0.0: 554 595 565 719 401 886 361 736 
5	0.0: 556 558 544 818 352 1351 485 734 
5	0.0: 626 553 732 786 437 1219 620 786 
5	0.0: 302 619 648 889 387 985 546 751 
5	0.0: 578 513 710 954 377 1004 414 719 
5	0.0: 742 505 696 875 341 792 274 728 
5	0.0: 383 602 663 874 385 1033 663 744 
5	0.0: 497 633 627 621 337 812 461 728 
5	0.0: 406 665 613 472 415 731 530 760 
5	0.0: 544 567 605 752 436 1047 700 733 
5	0.0: 572 612 530 843 325 915 603 743 
5	0.0: 429 587 644 761 405 1010 257 702 
5	0.0: 285 638 633 896 366 832 566 735 
5	0.0: 658 572 580 638 404 551 463 740 
5	0.0: 414 604 641 1097 354 593 502 753 
5	0.0: 461 603 623 836 409 915 266 751 
4	0.0: 417 621 653 790 434 601 288 742 
5	0.0: 497 616 709 845 402 956 69 765 
5	0.0: 472 549 593 707 321 819 304 749 
5	0.0: 360 577 602 783 309 865 347 755 
5	0.0: 498 563 759 794 396 964 425 714 
5	0.0: 168 623 664 471 366 1009 373 743 
5	0.0: 454 653 599 832 346 791 379 751 
5	0.0: 577 632 603 856 405 1016 135 767 
5	0.0: 409 516 651 691 419 711 466 745 
5	0.0: 316 540 585 645 230 790 544 791 
5	0.0: 700 629 595 668 336 797 295 686 
5	0.0: 655 551 747 958 336 1141 521 734 
4	0.0: 462 630 569 873 331 398 320 740 
5	0.0: 314 531 643 975 450 600 483 765 
5	0.0: 794 616 697 788 322 842 564 745 
5	0.0: 473 572 674 687 343 766 555 770 
5	0.0: 393 589 635 605 417 895 395 725 
