4	0.0: 8 603 558 894 327 400 357 489 
4	0.0: 13 719 713 787 243 122 319 816 
7	0.0: 1 309 914 776 279 308 292 843 
7	0.0: 1 263 623 766 256 342 304 743 
4	0.0: 102 634 1027 692 308 248 305 443 
7	0.0: 1 1 949 854 278 277 344 176 
7	0.0: 1 319 1161 807 341 405 291 693 
4	0.0: 42 567 936 952 211 98 321 433 
7	0.0: 1 141 1300 702 281 211 297 585 
7	0.0: 24 128 1044 824 255 128 344 394 
7	0.0: 43 118 1179 813 263 111 338 426 
7	0.0: 112 124 931 917 357 249 304 696 
4	0.0: 53 394 896 723 247 497 303 497 
7	0.0: 1 315 1061 702 339 231 318 506 
7	0.0: 31 194 927 897 282 123 314 143 
4	0.0: 1 576 750 758 300 198 298 619 
4	0.0: 24 700 836 801 340 91 319 356 
4	0.0: 1 653 1102 914 240 96 318 622 
7	0.0: 36 1 996 864 352 310 326 481 
4	0.0: 199 502 776 692 227 137 284 255 
4	0.0: 4 725 1060 730 189 579 307 373 
7	0.0: 1 100 743 748 325 451 312 638 
4	0.0: 189 541 719 890 233 204 304 626 
4	0.0: 1 560 1014 706 319 279 344 550 
7	0.0: 1 1 1020 926 353 480 338 533 
4	0.0: 136 512 982 1023 278 223 320 395 
4	0.0: 1 718 1080 904 213 373 296 740 
7	0.0: 1 276 1017 818 268 221 277 599 
4	0.0: 1 545 911 780 258 371 283 551 
4	0.0: 172 473 958 717 310 273 314 375 
4	0.0: 1 592 1115 745 290 591 297 694 
4	0.0: 1 746 1072 735 238 367 286 655 
4	0.0: 1 474 1125 634 336 444 321 623 
4	0.0: 1 683 831 756 292 389 316 495 
7	0.0: 101 217 850 856 267 168 317 590 
4	0.0: 212 392 880 723 202 406 364 434 
7	0.0: 1 368 847 900 277 79 302 525 
4	0.0: 40 668 755 696 142 220 296 741 
7	0.0: 196 341 923 766 269 239 317 719 
7	0.0: 1 236 668 667 278 226 273 407 
4	0.0: 40 630 1034 721 262 427 277 588 
4	0.0: 120 520 972 853 263 213 285 503 
7	0.0: 43 312 933 547 284 94 281 515 
7	0.0: 1 207 993 701 367 258 297 417 
4	0.0: 1 999 839 701 253 156 320 771 
7	0.0: 36 422 853 667 186 194 286 714 
4	0.0: 1 532 846 672 294 538 304 684 
7	0.0: 1 382 940 974 217 87 314 560 
4	0.0: 1 556 815 754 317 189 308 348 
7	0.0: 1 455 612 866 234 12 273 175 
4	0.0: 17 689 851 657 255 272 314 461 
4	0.0: 31 613 1127 773 205 481 311 583 
4	0.0: 47 546 1089 727 274 224 282 430 
4	0.0: 10 426 927 750 272 323 282 525 
7	0.0: 1 342 1004 760 264 205 268 479 
4	0.0: 1 652 768 880 325 454 324 751 
4	0.0: 79 601 984 668 227 265 252 712 
4	0.0: 145 409 1133 924 276 134 339 678 
7	0.0: 70 406 1017 811 242 76 337 562 
7	0.0: 4 403 873 577 194 195 324 317 
4	0.0: 96 497 823 854 202 437 293 826 
7	0.0: 66 241 736 872 243 210 324 367 
4	0.0: 31 1001 908 864 261 514 347 725 
4	0.0: 80 611 1163 677 310 388 279 824 
7	0.0: 1 316 845 754 306 1 322 901 
7	0.0: 119 92 1094 764 285 573 282 1087 
7	0.0: 196 412 867 742 336 164 273 568 
4	0.0: 90 468 881 785 325 359 314 615 
4	0.0: 154 260 1233 807 282 370 324 632 
4	0.0: 17 785 1095 861 239 1 298 497 
7	0.0: 1 310 1142 696 283 1 336 768 
4	0.0: 96 669 849 661 300 169 295 859 
7	0.0: 1 334 1016 1036 294 127 348 881 
4	0.0: 1 658 960 858 278 310 264 770 
4	0.0: 105 492 1116 753 275 411 305 657 
4	0.0: 1 446 963 773 279 312 319 550 
4	0.0: 25 445 1243 890 336 268 304 653 
4	0.0: 51 308 1036 851 169 391 298 409 
7	0.0: 1 418 918 819 294 138 328 641 
7	0.0: 1 258 1007 748 191 463 301 593 
4	0.0: 1 292 903 917 329 437 320 352 
7	0.0: 102 146 1109 910 376 341 318 350 
4	0.0: 1 394 1004 853 218 270 307 360 
4	0.0: 4 597 853 768 311 270 325 599 
4	0.0: 1 743 1147 677 253 462 289 435 
4	0.0: 1 687 1008 1054 269 292 295 604 
4	0.0: 19 557 794 644 257 263 302 380 
7	0.0: 107 329 883 678 272 516 290 695 
4	0.0: 1 885 905 638 246 542 357 450 
4	0.0: 51 1038 724 831 175 385 297 532 
4	0.0: 1 502 1140 797 339 146 305 619 
4	0.0: 1 511 1056 881 279 36 293 534 
7	0.0: 1 309 1004 836 282 78 309 474 
4	0.0: 11 544 1083 830 272 583 257 542 
7	0.0: 127 522 918 734 292 166 356 878 
7	0.0: 1 218 998 737 277 166 321 239 
7	0.0: 1 314 1114 614 272 1 314 819 
7	0.0: 14 179 1051 799 254 268 291 846 
4	0.0: 69 450 1154 783 273 251 313 469 
4	0.0: 1 475 874 572 276 455 294 592 
7	0.0: 1 236 1121 899 274 256 304 534 
4	0.0: 1 655 779 718 215 395 345 811 
7	0.0: 49 278 998 633 244 337 333 499 
7	0.0: 41 356 1275 613 254 5 368 227 
7	0.0: 76 401 962 600 245 148 315 566 
7	0.0: 30 453 719 751 247 505 328 1015 
4	0.0: 1 552 1039 697 234 159 308 727 
7	0.0: 1 407 777 848 242 354 310 743 
4	0.0: 64 638 975 875 275 498 272 689 
4	0.0: 1 469 1221 854 261 229 348 649 
4	0.0: 1 482 937 800 187 419 326 311 
7	0.0: 1 505 1001 767 276 245 293 787 
7	0.0: 177 301 1068 831 191 91 338 986 
4	0.0: 7 445 851 819 271 306 305 593 
7	0.0: 89 396 771 834 279 134 338 585 
7	0.0: 1 202 864 877 256 48 341 1019 
7	0.0: 63 398 1114 814 283 167 347 571 
4	0.0: 1 589 984 778 255 232 317 519 
4	0.0: 220 684 1120 812 214 99 330 336 
4	0.0: 1 542 1171 915 229 382 304 509 
7	0.0: 1 268 1178 861 307 235 274 260 
4	0.0: 160 310 887 841 243 499 336 235 
7	0.0: 89 395 1095 714 274 169 327 438 
4	0.0: 1 445 899 820 218 455 286 675 
7	0.0: 1 298 902 649 325 305 331 536 
4	0.0: 26 356 766 724 277 527 310 311 
7	0.0: 29 599 1058 708 340 142 345 914 
7	0.0: 56 162 905 738 293 203 322 433 
4	0.0: 40 597 939 715 317 188 292 669 
4	0.0: 108 540 615 737 227 321 328 650 
7	0.0: 3 274 841 908 203 14 287 518 
7	0.0: 48 457 770 952 313 83 304 812 
7	0.0: 1 311 1098 728 292 52 284 547 
4	0.0: 123 684 616 801 316 301 306 199 
4	0.0: 6 560 956 788 346 364 319 663 
4	0.0: 73 578 1030 786 280 264 347 561 
4	0.0: 68 473 973 785 364 329 305 532 
4	0.0: 1 516 1037 736 217 1 337 318 
4	0.0: 100 657 929 979 242 195 298 370 
7	0.0: 1 278 799 685 311 246 275 453 
7	0.0: 183 367 855 889 145 1 336 548 
7	0.0: 137 336 1023 960 286 1 336 503 
4	0.0: 70 813 980 937 280 85 331 419 
4	0.0: 38 655 947 815 286 314 259 519 
4	0.0: 1 683 861 988 306 318 308 470 
4	0.0: 33 387 1066 841 257 362 317 572 
4	0.0: 95 551 1089 766 269 104 280 659 
7	0.0: 29 54 892 695 295 121 319 569 
4	0.0: 58 294 902 863 211 408 315 142 
4	0.0: 95 765 1034 767 323 234 333 543 
4	0.0: 289 776 899 792 261 155 284 769 
4	0.0: 100 464 998 812 291 112 318 670 
4	0.0: 306 637 983 811 355 369 302 568 
7	0.0: 1 251 1049 881 229 311 337 921 
4	0.0: 134 347 1074 877 250 401 291 774 
7	0.0: 72 290 748 719 210 339 286 416 
4	0.0: 143 370 1214 748 233 378 318 761 
4	0.0: 1 616 915 814 330 442 355 593 
4	0.0: 180 371 872 777 276 485 289 464 
4	0.0: 254 347 980 874 308 304 309 507 
4	0.0: 70 543 975 922 200 440 298 630 
7	0.0: 12 166 1083 719 270 498 300 568 
4	0.0: 1 742 629 647 262 198 291 620 
4	0.0: 292 179 895 853 285 454 277 525 
7	0.0: 85 260 997 752 375 249 276 1045 
4	0.0: 89 445 776 880 269 213 292 590 
7	0.0: 1 146 887 713 252 197 281 506 
7	0.0: 1 255 1052 765 263 243 307 410 
4	0.0: 110 645 918 761 240 268 285 410 
7	0.0: 53 327 717 683 210 88 329 719 
4	0.0: 1 609 1132 842 229 85 314 403 
4	0.0: 1 514 790 851 257 353 285 680 
4	0.0: 33 949 751 732 238 168 304 665 
4	0.0: 23 732 1174 981 356 18 321 368 
4	0.0: 49 418 1014 823 186 335 313 508 
4	0.0: 299 172 1156 911 273 125 296 220 
7	0.0: 181 273 1034 765 252 315 233 742 
4	0.0: 108 952 937 898 294 368 284 521 
7	0.0: 1 76 775 749 343 245 291 679 
4	0.0: 1 887 1159 578 241 261 281 688 
4	0.0: 1 557 993 871 235 258 316 578 
4	0.0: 1 912 916 832 269 185 290 556 
7	0.0: 3 150 1128 714 218 360 312 776 
4	0.0: 148 639 797 741 337 503 329 730 
4	0.0: 1 374 984 850 248 702 294 678 
7	0.0: 1 403 622 891 235 297 322 676 
4	0.0: 22 808 832 693 226 198 289 771 
4	0.0: 1 738 887 837 315 313 295 85 
7	0.0: 1 379 915 770 284 187 284 641 
4	0.0: 1 487 1206 702 314 711 295 668 
7	0.0: 15 269 1009 843 272 457 300 656 
4	0.0: 40 431 1198 701 230 280 295 561 
7	0.0: 161 6 837 723 290 254 309 606 
7	0.0: 1 288 816 1021 219 161 311 643 
4	0.0: 171 426 1004 805 184 328 309 464 
7	0.0: 168 354 1059 628 272 17 309 638 
4	0.0: 109 386 1004 876 306 343 287 525 
7	0.0: 40 177 782 667 267 139 272 556 
4	0.0: 1 624 942 813 359 150 318 657 
4	0.0: 173 763 1208 953 282 390 336 644 
4	0.0: 275 608 1266 860 248 262 321 614 
4	0.0: 74 514 831 792 291 488 320 597 
4	0.0: 169 430 891 790 266 317 321 709 
4	0.0: 80 758 601 857 315 310 355 297 
4	0.0: 1 580 1020 746 240 340 276 385 
4	0.0: 60 591 1062 946 313 41 297 543 
4	0.0: 13 658 949 773 249 280 286 1 
4	0.0: 55 471 1272 845 258 537 310 619 
4	0.0: 149 318 952 845 294 763 296 496 
4	0.0: 1 676 816 852 224 116 307 353 
7	0.0: 1 303 1040 667 286 220 291 844 
4	0.0: 1 484 882 812 255 316 335 516 
4	0.0: 29 778 868 833 298 263 298 199 
4	0.0: 22 489 897 739 230 226 335 549 
4	0.0: 1 654 1088 556 271 571 290 372 
4	0.0: 1 540 1092 833 315 348 319 603 
7	0.0: 1 491 924 828 330 125 285 923 
4	0.0: 18 516 898 836 274 464 309 497 
4	0.0: 51 740 950 685 344 361 354 368 
4	0.0: 111 603 821 824 249 630 308 535 
4	0.0: 108 386 1034 545 296 402 288 454 
4	0.0: 1 547 1008 927 239 150 291 609 
4	0.0: 1 748 1067 643 293 128 314 845 
4	0.0: 1 633 980 693 315 227 296 620 
4	0.0: 67 744 773 1022 222 427 330 185 
7	0.0: 1 342 989 811 257 119 281 1050 
4	0.0: 53 367 904 976 308 211 300 183 
4	0.0: 1 423 892 763 313 446 344 614 
4	0.0: 91 518 1021 742 351 185 361 671 
4	0.0: 1 400 1056 806 284 279 294 364 
7	0.0: 1 323 1109 697 302 95 317 287 
4	0.0: 1 526 1258 828 344 213 320 778 
7	0.0: 1 141 1127 874 283 334 330 315 
7	0.0: 1 165 840 630 230 386 294 842 
4	0.0: 1 527 1044 812 286 342 298 857 
4	0.0: 203 406 1158 649 307 480 325 658 
4	0.0: 75 679 825 787 316 535 324 769 
4	0.0: 100 704 1163 983 311 193 321 684 
4	0.0: 9 354 1001 770 350 581 271 530 
7	0.0: 57 313 1000 738 246 282 273 276 
7	0.0: 198 271 984 787 274 190 378 814 
7	0.0: 120 389 821 835 231 170 298 567 
4	0.0: 83 476 1133 841 246 147 272 548 
4	0.0: 1 585 732 946 250 644 326 794 
4	0.0: 1 651 1086 924 260 1 290 565 
7	0.0: 44 424 899 649 267 160 330 554 
7	0.0: 41 462 990 713 188 272 321 745 
4	0.0: 1 649 1090 767 240 315 331 733 
7	0.0: 1 543 1072 507 314 285 289 630 
4	0.0: 51 450 845 838 272 306 287 667 
4	0.0: 206 425 1055 978 363 231 294 395 
7	0.0: 10 128 625 779 301 148 279 465 
4	0.0: 101 430 1288 714 181 571 312 726 
7	0.0: 1 378 1001 878 268 148 334 655 
4	0.0: 67 835 968 726 216 231 326 420 
7	0.0: 31 366 968 777 265 403 321 1150 
4	0.0: 106 419 743 927 213 322 305 726 
7	0.0: 77 335 826 735 286 285 349 572 
4	0.0: 243 785 1139 807 209 370 344 117 
4	0.0: 10 752 1174 872 280 235 292 480 
4	0.0: 121 483 1153 822 332 72 298 760 
7	0.0: 63 335 797 777 337 460 359 613 
4	0.0: 157 672 781 882 250 482 281 586 
4	0.0: 1 639 982 962 313 379 301 744 
4	0.0: 124 581 674 818 353 578 333 215 
7	0.0: 81 208 794 769 324 214 331 340 
7	0.0: 42 404 813 873 249 5 374 458 
7	0.0: 72 346 908 911 298 349 311 714 
4	0.0: 159 730 753 701 291 437 305 544 
4	0.0: 1 460 849 827 259 227 296 444 
7	0.0: 1 408 1077 727 373 100 297 582 
4	0.0: 1 602 921 817 270 500 289 554 
4	0.0: 84 429 844 795 207 434 346 633 
4	0.0: 1 440 1007 980 311 363 322 192 
7	0.0: 182 319 957 641 351 244 324 459 
4	0.0: 175 508 1041 874 284 581 268 483 
4	0.0: 36 318 810 946 174 403 270 145 
7	0.0: 1 16 779 539 312 349 310 730 
7	0.0: 79 423 913 813 226 20 323 382 
4	0.0: 103 667 1136 865 321 180 295 158 
7	0.0: 133 322 790 729 297 404 316 527 
7	0.0: 1 366 665 762 276 195 261 702 
4	0.0: 184 371 1095 824 338 350 316 533 
4	0.0: 1 1004 1043 697 253 265 287 371 
7	0.0: 1 379 951 723 251 181 256 664 
7	0.0: 61 154 794 745 249 179 334 355 
4	0.0: 66 636 853 846 296 122 319 279 
7	0.0: 118 332 796 724 275 243 356 496 
4	0.0: 114 457 756 851 332 441 313 959 
4	0.0: 57 413 1047 899 272 207 257 649 
4	0.0: 98 768 976 734 274 427 317 736 
7	0.0: 1 158 923 851 276 395 327 613 
7	0.0: 13 114 1096 800 234 228 332 423 
7	0.0: 115 234 893 639 263 296 359 912 
7	0.0: 17 257 998 773 245 419 292 463 
7	0.0: 30 196 968 781 266 465 347 734 
4	0.0: 149 821 1137 912 261 414 295 616 
4	0.0: 29 320 1123 786 242 609 271 517 
7	0.0: 1 434 832 868 321 131 311 687 
4	0.0: 1 551 1159 695 354 606 350 402 
4	0.0: 213 640 932 843 230 316 318 699 
7	0.0: 1 189 1077 810 233 428 322 453 
4	0.0: 152 811 1060 855 178 350 314 836 
7	0.0: 1 354 787 727 312 243 347 572 
4	0.0: 153 500 865 988 300 692 355 468 
4	0.0: 1 474 1033 836 273 341 287 534 
7	0.0: 42 418 772 899 281 192 286 669 
4	0.0: 1 605 792 825 284 373 276 322 
4	0.0: 141 444 877 784 282 73 282 372 
7	0.0: 1 384 1106 671 340 335 324 675 
4	0.0: 19 1032 870 572 332 1 306 789 
7	0.0: 1 443 829 821 331 254 303 659 
4	0.0: 151 461 1183 676 291 303 319 520 
4	0.0: 1 402 985 971 315 549 302 415 
4	0.0: 179 551 972 772 304 216 309 766 
7	0.0: 69 186 942 843 275 25 325 538 
7	0.0: 167 305 947 797 342 221 303 716 
7	0.0: 130 283 978 760 339 212 305 603 
4	0.0: 52 641 931 757 277 159 331 60 
7	0.0: 1 428 872 742 342 173 305 535 
4	0.0: 1 533 1306 974 272 306 303 704 
4	0.0: 81 693 1038 855 287 338 314 258 
4	0.0: 81 682 1112 808 321 394 332 603 
4	0.0: 1 506 843 882 240 178 330 540 
4	0.0: 60 440 1038 651 266 380 327 732 
4	0.0: 1 684 1099 832 322 63 282 387 
7	0.0: 1 374 727 893 249 223 292 677 
7	0.0: 14 534 1025 853 253 19 341 750 
7	0.0: 124 333 830 638 254 176 245 332 
7	0.0: 1 204 959 1004 280 310 321 680 
4	0.0: 26 856 1037 869 226 160 277 638 
7	0.0: 87 182 1086 903 219 351 318 462 
4	0.0: 1 657 1102 883 283 359 322 876 
4	0.0: 1 358 892 808 211 304 336 171 
4	0.0: 241 541 1077 979 336 191 276 745 
4	0.0: 1 787 663 718 288 263 333 568 
4	0.0: 1 504 998 935 252 174 281 585 
7	0.0: 8 219 843 596 371 114 349 906 
7	0.0: 4 524 1014 594 311 1 277 821 
4	0.0: 34 638 894 934 342 410 288 635 
7	0.0: 1 291 968 776 235 573 288 610 
7	0.0: 52 335 913 623 270 78 316 634 
4	0.0: 104 429 1249 870 275 103 333 494 
4	0.0: 122 628 886 794 233 106 266 410 
4	0.0: 5 764 845 603 306 485 331 332 
4	0.0: 1 780 918 750 295 473 347 559 
4	0.0: 1 594 887 937 280 222 305 657 
7	0.0: 1 351 976 687 314 221 308 656 
4	0.0: 1 459 827 933 261 99 339 298 
4	0.0: 1 553 795 795 312 314 300 595 
4	0.0: 1 414 1001 774 308 368 329 422 
4	0.0: 1 845 825 893 248 236 344 511 
4	0.0: 23 485 804 863 284 141 316 305 
7	0.0: 1 410 1016 753 312 192 299 591 
4	0.0: 180 576 1217 847 327 266 329 814 
7	0.0: 1 237 791 759 253 462 282 541 
7	0.0: 1 147 842 1008 321 160 306 536 
4	0.0: 77 659 917 796 279 191 315 630 
4	0.0: 1 653 984 867 358 155 289 519 
4	0.0: 44 630 992 751 243 325 312 584 
7	0.0: 185 208 1138 611 204 307 310 421 
7	0.0: 1 346 815 812 202 19 294 776 
7	0.0: 1 330 1009 826 257 2 273 406 
4	0.0: 74 583 912 929 240 151 287 543 
7	0.0: 1 125 1109 911 384 163 332 522 
4	0.0: 115 633 940 824 291 166 339 374 
4	0.0: 28 437 996 772 253 356 307 311 
1	0.0: 82 298 590 863 355 150 324 415 
4	0.0: 70 843 896 716 354 207 293 418 
4	0.0: 1 951 841 605 211 324 322 381 
4	0.0: 256 763 978 773 263 439 286 860 
7	0.0: 1 51 935 882 227 287 312 608 
4	0.0: 1 531 1151 883 214 54 284 665 
7	0.0: 48 281 818 862 276 26 289 897 
4	0.0: 88 588 857 923 324 462 291 535 
4	0.0: 96 576 600 744 337 338 292 353 
4	0.0: 160 612 788 850 300 327 271 660 
7	0.0: 1 377 982 848 277 79 283 678 
7	0.0: 133 200 1005 782 194 253 283 630 
7	0.0: 64 263 949 873 312 392 280 827 
4	0.0: 92 494 980 806 276 1 306 374 
7	0.0: 1 537 878 754 268 52 290 887 
4	0.0: 1 433 820 931 251 339 304 343 
4	0.0: 1 614 946 955 275 547 301 567 
7	0.0: 125 111 735 600 307 564 343 425 
4	0.0: 21 493 929 856 256 675 282 451 
4	0.0: 29 514 818 900 267 351 292 765 
7	0.0: 62 173 1257 784 259 284 327 876 
4	0.0: 19 624 931 691 235 433 318 372 
7	0.0: 32 260 905 865 244 291 298 573 
7	0.0: 1 23 1113 826 228 273 349 782 
7	0.0: 1 365 975 731 261 244 281 526 
7	0.0: 1 404 1127 682 231 23 295 900 
7	0.0: 64 181 998 789 344 171 296 347 
4	0.0: 118 433 882 862 270 177 287 455 
4	0.0: 142 714 1059 828 257 316 302 755 
7	0.0: 1 360 1055 797 253 505 283 811 
7	0.0: 175 279 924 723 261 277 306 537 
7	0.0: 120 200 902 883 270 117 328 534 
7	0.0: 1 125 1043 830 276 456 351 801 
7	0.0: 1 451 1004 622 249 460 320 756 
4	0.0: 188 606 922 644 263 259 297 493 
4	0.0: 1 559 847 809 312 344 286 727 
4	0.0: 1 540 1001 731 256 406 274 965 
4	0.0: 80 509 1123 699 349 345 287 760 
7	0.0: 1 150 1159 794 267 1 312 910 
4	0.0: 95 484 899 1058 304 227 319 722 
4	0.0: 77 418 871 784 249 493 312 143 
7	0.0: 32 278 1215 819 359 280 332 274 
4	0.0: 21 682 817 921 232 90 277 390 
4	0.0: 1 592 1028 672 213 1 289 461 
7	0.0: 239 101 1055 798 242 388 271 857 
7	0.0: 97 194 748 801 266 248 282 594 
4	0.0: 244 445 1031 799 290 359 312 772 
7	0.0: 5 393 729 1062 271 1 305 706 
4	0.0: 1 668 1102 826 257 303 304 550 
7	0.0: 33 267 1061 765 262 582 307 723 
4	0.0: 25 633 940 688 285 288 317 991 
7	0.0: 1 293 925 658 301 101 299 486 
4	0.0: 135 630 986 701 369 124 289 743 
7	0.0: 1 315 902 698 249 177 309 558 
7	0.0: 1 14 1055 832 345 349 327 778 
4	0.0: 48 850 912 875 261 503 306 268 
4	0.0: 1 485 1123 824 269 77 294 583 
7	0.0: 1 122 1059 835 191 383 300 723 
7	0.0: 96 323 943 894 307 184 316 744 
7	0.0: 174 329 1157 606 366 435 323 904 
4	0.0: 1 779 982 896 260 93 262 497 
7	0.0: 6 281 810 965 279 405 300 719 
4	0.0: 93 391 963 1031 299 411 318 775 
4	0.0: 1 458 1134 804 309 1 290 285 
4	0.0: 223 679 906 901 327 320 346 723 
7	0.0: 150 1 980 856 267 404 280 656 
4	0.0: 102 431 1107 948 303 78 317 413 
7	0.0: 120 207 1115 665 362 345 312 670 
4	0.0: 1 750 964 692 276 232 338 346 
4	0.0: 1 339 1186 846 246 391 315 438 
7	0.0: 2 354 1059 786 225 94 300 443 
4	0.0: 1 558 1079 817 252 1 289 341 
7	0.0: 1 270 802 683 226 451 318 655 
4	0.0: 95 634 1102 881 272 245 296 921 
4	0.0: 80 790 1193 813 290 420 334 724 
4	0.0: 205 669 775 709 352 740 309 645 
7	0.0: 1 362 1063 719 321 246 304 621 
4	0.0: 157 499 1004 750 245 238 300 338 
7	0.0: 87 316 816 790 288 567 342 778 
4	0.0: 25 644 1132 977 330 368 307 833 
7	0.0: 55 158 818 729 233 181 265 758 
4	0.0: 19 460 978 819 231 459 292 717 
4	0.0: 1 499 697 671 318 255 304 184 
4	0.0: 54 326 796 834 199 393 276 236 
4	0.0: 1 545 1085 766 269 90 307 505 
7	0.0: 148 423 672 807 272 143 267 787 
7	0.0: 12 307 1089 666 300 269 262 727 
4	0.0: 37 554 1038 879 229 265 329 588 
7	0.0: 1 348 996 766 242 330 336 530 
4	0.0: 1 626 944 906 255 24 317 594 
4	0.0: 85 630 886 785 341 343 289 919 
4	0.0: 142 708 836 748 204 304 286 568 
7	0.0: 223 12 930 722 326 42 298 273 
7	0.0: 1 200 918 718 299 246 332 604 
4	0.0: 1 457 1225 1008 241 223 311 372 
4	0.0: 1 492 1072 812 247 75 326 514 
4	0.0: 212 591 904 827 207 478 296 527 
4	0.0: 138 512 793 631 312 534 311 876 
4	0.0: 187 621 854 812 248 461 280 659 
4	0.0: 1 669 951 728 321 403 355 419 
4	0.0: 27 712 863 871 278 419 285 459 
7	0.0: 1 97 943 822 309 329 313 587 
4	0.0: 204 317 1123 965 290 145 307 623 
4	0.0: 1 726 1212 664 217 260 310 637 
4	0.0: 65 448 812 507 199 537 317 612 
4	0.0: 61 522 1275 742 328 125 321 667 
7	0.0: 1 82 1043 563 326 256 304 520 
4	0.0: 166 572 773 876 254 388 312 501 
4	0.0: 26 559 1018 898 193 192 354 403 
4	0.0: 1 339 1096 967 334 312 270 278 
7	0.0: 21 258 911 744 310 92 309 676 
4	0.0: 84 519 1086 838 231 333 289 970 
4	0.0: 1 554 983 780 307 194 319 725 
4	0.0: 272 389 1010 737 300 416 332 355 
4	0.0: 1 551 1044 794 290 289 291 634 
4	0.0: 1 393 1110 686 256 596 308 440 
7	0.0: 180 161 996 993 254 44 293 604 
4	0.0: 1 529 1013 867 327 303 318 493 
4	0.0: 266 295 1096 784 337 379 302 681 
7	0.0: 93 308 1173 755 207 161 310 495 
7	0.0: 144 377 929 699 257 274 292 559 
4	0.0: 71 617 986 711 270 327 321 383 
7	0.0: 85 130 740 827 292 311 320 373 
7	0.0: 135 573 877 579 274 3 305 715 
4	0.0: 1 467 941 612 247 543 329 637 
7	0.0: 12 331 1006 820 288 416 297 712 
4	0.0: 4 483 965 822 269 336 305 722 
7	0.0: 100 125 766 739 333 156 285 568 
7	0.0: 1 272 922 750 254 171 278 470 
7	0.0: 109 294 1006 543 297 301 300 840 
4	0.0: 1 755 1103 804 265 469 293 605 
4	0.0: 57 470 1247 1077 287 268 322 789 
7	0.0: 56 239 1166 785 293 211 303 854 
7	0.0: 16 346 1236 763 296 410 273 753 
4	0.0: 1 487 1067 624 163 412 302 483 
7	0.0: 98 134 899 907 310 205 300 419 
4	0.0: 153 343 978 892 273 344 295 389 
4	0.0: 129 493 860 820 376 368 336 665 
7	0.0: 1 320 1161 684 252 308 316 778 
7	0.0: 119 233 926 695 326 351 344 602 
4	0.0: 191 668 704 831 252 107 289 464 
4	0.0: 122 757 828 678 276 355 303 599 
4	0.0: 2 556 944 976 217 429 298 601 
7	0.0: 150 189 809 850 275 1 296 468 
7	0.0: 94 1 856 664 198 447 271 655 
4	0.0: 140 584 905 876 213 702 310 450 
4	0.0: 25 703 1135 642 164 173 302 404 
4	0.0: 114 687 987 729 278 211 309 467 
4	0.0: 1 567 785 934 328 434 344 656 
4	0.0: 11 815 1095 993 312 326 271 779 
4	0.0: 222 429 1142 811 305 225 279 525 
4	0.0: 1 530 884 802 245 135 320 563 
7	0.0: 1 115 771 671 218 189 301 393 
7	0.0: 1 196 957 605 330 295 274 1022 
4	0.0: 1 415 950 775 291 390 330 615 
4	0.0: 52 871 877 651 270 194 297 939 
7	0.0: 142 119 778 806 231 135 317 819 
4	0.0: 1 775 1217 887 313 74 299 757 
4	0.0: 1 689 1007 657 278 164 313 619 
4	0.0: 200 461 1090 851 276 540 339 280 
4	0.0: 46 587 843 777 306 292 316 590 
4	0.0: 1 548 1138 757 281 413 296 612 
4	0.0: 19 681 1046 660 208 307 327 929 
7	0.0: 74 454 702 677 285 227 268 677 
4	0.0: 48 490 915 729 202 398 316 452 
7	0.0: 173 196 798 809 277 172 288 371 
7	0.0: 1 159 833 736 285 530 311 217 
7	0.0: 33 269 1057 850 299 195 286 735 
7	0.0: 1 1 855 858 287 314 297 545 
4	0.0: 1 614 1154 818 275 395 292 652 
7	0.0: 1 102 755 843 305 281 274 665 
7	0.0: 1 471 940 908 322 219 284 947 
4	0.0: 1 432 891 822 262 392 314 551 
7	0.0: 59 90 750 853 215 82 300 468 
4	0.0: 1 646 1111 1029 260 392 306 838 
4	0.0: 214 566 923 970 358 445 304 952 
7	0.0: 1 327 879 637 293 207 257 550 
4	0.0: 93 415 1117 969 237 202 293 538 
7	0.0: 78 425 828 607 245 105 294 694 
4	0.0: 87 646 960 800 226 461 266 548 
4	0.0: 208 370 965 856 196 291 315 679 
4	0.0: 71 511 872 744 276 537 309 761 
7	0.0: 189 169 769 935 300 555 280 649 
4	0.0: 1 346 1081 723 267 431 306 400 
4	0.0: 1 534 747 972 273 114 315 649 
4	0.0: 73 480 1017 816 300 499 333 676 
4	0.0: 273 467 816 1086 287 140 277 577 
7	0.0: 128 269 882 750 351 163 296 614 
4	0.0: 1 335 936 811 210 426 297 539 
4	0.0: 31 625 1035 774 251 238 351 803 
7	0.0: 62 435 791 687 309 219 339 569 
4	0.0: 70 482 1187 960 222 462 330 458 
7	0.0: 1 198 820 883 275 466 288 565 
4	0.0: 31 579 961 900 304 178 298 564 
4	0.0: 47 895 1156 808 319 511 296 543 
7	0.0: 11 377 945 666 278 335 302 649 
4	0.0: 135 308 1005 887 211 187 366 385 
4	0.0: 78 630 838 610 260 481 326 371 
4	0.0: 118 517 829 865 196 127 311 380 
4	0.0: 133 775 894 757 258 506 260 762 
4	0.0: 164 610 1248 647 285 376 307 694 
4	0.0: 114 555 1023 869 289 440 261 556 
7	0.0: 69 349 1067 715 227 38 303 517 
4	0.0: 1 612 973 744 323 155 326 908 
4	0.0: 1 676 861 885 198 21 294 495 
7	0.0: 1 176 895 813 283 438 287 765 
4	0.0: 75 425 955 833 332 348 268 496 
4	0.0: 1 464 1237 763 288 352 271 443 
4	0.0: 44 622 1063 721 266 1 293 567 
4	0.0: 91 646 913 906 311 462 333 549 
4	0.0: 17 498 1193 799 281 305 261 641 
4	0.0: 159 437 874 887 374 180 310 495 
4	0.0: 161 729 1059 926 262 276 264 757 
7	0.0: 74 171 815 698 338 215 282 558 
4	0.0: 169 477 1043 787 349 297 356 505 
4	0.0: 9 823 999 665 249 247 306 415 
4	0.0: 141 664 1037 796 294 195 305 1023 
4	0.0: 4 446 1096 841 238 623 280 827 
4	0.0: 1 666 1111 800 360 299 282 845 
4	0.0: 246 408 1026 635 328 544 340 686 
4	0.0: 40 528 825 815 249 153 331 650 
4	0.0: 231 301 979 720 320 532 307 563 
7	0.0: 33 133 598 813 245 218 285 618 
4	0.0: 1 477 895 786 235 329 314 519 
4	0.0: 1 499 1123 990 266 753 306 392 
4	0.0: 64 450 890 721 286 282 326 487 
4	0.0: 84 286 1047 889 263 280 306 418 
7	0.0: 1 568 768 755 312 1 316 701 
7	0.0: 229 313 927 848 264 105 327 733 
4	0.0: 92 879 748 590 337 511 315 605 
4	0.0: 51 613 792 798 312 186 316 166 
4	0.0: 53 779 921 724 301 145 312 266 
4	0.0: 202 685 1066 754 241 1 309 176 
7	0.0: 1 390 952 794 279 232 323 832 
4	0.0: 184 454 998 759 336 203 343 629 
7	0.0: 1 357 933 763 315 282 327 682 
4	0.0: 51 493 969 897 348 174 288 304 
4	0.0: 42 757 913 729 288 199 318 616 
4	0.0: 1 647 728 1077 299 298 316 405 
7	0.0: 61 266 1076 767 245 134 281 434 
7	0.0: 10 262 886 965 262 252 300 759 
7	0.0: 1 360 983 603 258 207 342 927 
4	0.0: 44 521 875 661 332 256 267 477 
7	0.0: 62 157 970 851 271 445 321 438 
4	0.0: 178 858 1109 1000 302 61 324 768 
7	0.0: 95 417 861 763 326 333 288 680 
4	0.0: 18 369 1026 989 305 275 309 605 
7	0.0: 6 303 969 684 284 123 312 540 
4	0.0: 51 397 1197 992 243 397 295 517 
4	0.0: 1 798 994 887 284 106 286 599 
7	0.0: 4 362 1019 716 229 94 293 683 
4	0.0: 34 536 1011 795 266 85 335 586 
7	0.0: 87 138 1165 746 333 87 285 666 
4	0.0: 114 503 1011 852 188 418 318 603 
4	0.0: 233 509 958 829 285 294 302 897 
4	0.0: 1 487 921 613 284 401 299 549 
4	0.0: 99 457 834 747 345 491 317 785 
4	0.0: 1 556 905 894 254 424 309 256 
7	0.0: 84 325 923 750 273 240 316 747 
7	0.0: 117 306 1130 750 288 398 301 817 
4	0.0: 220 641 508 743 297 192 307 296 
4	0.0: 1 769 977 879 254 260 266 810 
4	0.0: 41 559 879 849 304 309 293 866 
7	0.0: 115 73 716 806 291 257 317 641 
7	0.0: 1 237 830 620 247 273 302 637 
7	0.0: 13 422 876 594 303 397 338 647 
4	0.0: 1 656 921 656 306 482 300 450 
7	0.0: 1 300 643 690 259 591 300 577 
4	0.0: 1 721 934 895 297 130 290 403 
7	0.0: 1 79 951 622 286 237 265 770 
1	0.0: 131 268 633 989 311 349 318 715 
7	0.0: 1 234 1082 743 280 280 301 711 
4	0.0: 1 957 1086 595 288 250 288 533 
4	0.0: 62 724 880 731 254 187 306 617 
4	0.0: 29 509 893 789 249 367 309 551 
4	0.0: 1 577 1044 733 285 546 292 490 
4	0.0: 28 458 980 886 257 155 315 327 
4	0.0: 15 913 927 872 256 169 318 920 
7	0.0: 1 409 1026 720 257 36 302 852 
4	0.0: 77 486 802 937 300 250 265 472 
7	0.0: 19 195 720 688 288 291 294 836 
4	0.0: 1 827 1174 661 265 283 339 431 
7	0.0: 60 479 997 581 297 194 295 615 
4	0.0: 1 639 960 717 339 331 279 797 
4	0.0: 1 978 1213 901 317 134 293 443 
7	0.0: 8 396 863 781 258 233 340 467 
4	0.0: 134 587 1009 735 245 407 292 127 
4	0.0: 49 761 941 827 370 1 318 802 
4	0.0: 1 607 1019 789 362 398 280 554 
4	0.0: 79 617 892 735 272 220 297 587 
4	0.0: 1 677 809 841 305 309 284 448 
4	0.0: 47 855 930 732 212 161 297 517 
7	0.0: 1 287 1000 563 319 475 313 786 
4	0.0: 1 757 834 908 275 78 312 622 
7	0.0: 64 282 775 754 222 183 317 335 
4	0.0: 120 809 1306 567 294 38 310 918 
4	0.0: 1 552 1182 659 310 278 352 652 
7	0.0: 16 190 805 847 316 243 313 635 
4	0.0: 74 838 1000 769 224 385 301 690 
4	0.0: 24 584 700 832 292 660 283 580 
4	0.0: 1 940 647 892 246 61 310 279 
7	0.0: 1 375 1004 956 229 273 308 822 
7	0.0: 8 311 900 750 243 302 335 936 
4	0.0: 1 550 842 810 295 131 276 464 
4	0.0: 109 609 790 706 308 280 318 692 
4	0.0: 1 602 856 927 293 232 307 846 
7	0.0: 81 277 681 866 276 160 314 506 
4	0.0: 1 465 979 733 325 310 275 545 
7	0.0: 42 289 1149 745 317 276 321 554 
4	0.0: 1 525 936 917 270 483 330 643 
7	0.0: 1 86 912 863 337 369 307 508 
4	0.0: 103 622 1096 649 267 369 266 497 
4	0.0: 12 606 1082 777 299 221 355 874 
4	0.0: 104 310 875 782 311 512 273 593 
4	0.0: 178 569 761 751 218 189 306 661 
4	0.0: 1 471 880 847 356 264 313 315 
7	0.0: 1 91 817 778 236 194 336 768 
4	0.0: 1 513 1052 854 291 432 291 376 
7	0.0: 57 249 1040 818 364 221 335 658 
4	0.0: 1 768 1118 851 237 237 284 442 
4	0.0: 87 522 963 767 278 305 281 553 
4	0.0: 138 370 1161 820 239 233 315 580 
7	0.0: 45 371 1071 777 334 224 312 449 
4	0.0: 7 394 909 652 262 445 275 274 
7	0.0: 1 343 1268 752 284 166 286 361 
4	0.0: 1 518 825 862 284 338 300 792 
4	0.0: 166 549 934 712 268 324 307 452 
4	0.0: 59 452 916 718 192 241 330 515 
4	0.0: 41 762 724 876 249 263 314 781 
7	0.0: 128 310 1203 741 305 196 323 705 
4	0.0: 36 276 783 972 232 463 274 557 
4	0.0: 1 540 786 824 294 189 289 662 
7	0.0: 86 84 937 737 316 488 300 534 
4	0.0: 172 644 910 776 318 288 331 926 
4	0.0: 86 294 926 1041 260 248 323 579 
7	0.0: 1 307 998 859 291 357 305 488 
7	0.0: 222 160 958 833 270 304 261 543 
7	0.0: 1 394 948 629 279 92 335 670 
4	0.0: 1 462 1078 779 277 413 301 546 
7	0.0: 219 174 818 742 235 199 271 1030 
7	0.0: 1 292 907 615 230 491 305 434 
4	0.0: 1 952 960 883 303 188 289 622 
4	0.0: 144 231 1082 1006 297 457 316 738 
4	0.0: 215 657 879 827 308 455 288 221 
4	0.0: 1 626 1024 632 175 647 314 422 
4	0.0: 201 555 969 1072 311 502 338 864 
7	0.0: 50 497 919 667 308 152 335 538 
7	0.0: 115 296 826 870 250 1 322 483 
4	0.0: 207 386 947 851 228 268 333 571 
4	0.0: 50 499 841 736 202 329 301 627 
4	0.0: 1 613 1003 809 301 164 310 679 
7	0.0: 34 79 1068 866 340 338 331 824 
4	0.0: 1 352 945 880 310 381 312 350 
7	0.0: 14 544 754 758 231 136 307 672 
7	0.0: 192 453 941 997 283 1 321 1026 
4	0.0: 1 683 830 828 253 138 324 511 
4	0.0: 178 291 1046 824 274 260 319 340 
4	0.0: 49 568 1098 832 301 403 295 533 
4	0.0: 12 609 776 932 263 171 303 874 
4	0.0: 1 590 1093 677 234 18 326 618 
4	0.0: 144 789 901 711 289 374 336 324 
7	0.0: 1 290 1033 768 241 293 344 610 
7	0.0: 124 378 893 681 320 227 297 406 
4	0.0: 115 488 791 912 255 414 318 655 
7	0.0: 1 325 893 668 263 376 324 436 
4	0.0: 126 662 802 741 258 438 285 236 
7	0.0: 85 321 952 838 237 101 301 818 
4	0.0: 1 599 1025 695 281 216 335 346 
7	0.0: 29 300 1044 775 316 337 332 612 
7	0.0: 5 115 1079 974 262 116 273 509 
4	0.0: 252 416 979 801 252 389 305 493 
7	0.0: 43 440 997 867 236 291 303 924 
7	0.0: 11 279 810 723 302 285 320 460 
4	0.0: 1 327 1040 833 270 499 319 595 
7	0.0: 1 338 972 649 252 130 289 706 
4	0.0: 162 466 1048 904 303 309 326 441 
4	0.0: 68 626 921 818 256 538 341 462 
7	0.0: 1 426 958 638 232 141 310 557 
7	0.0: 1 503 788 846 240 1 285 610 
4	0.0: 25 458 883 670 213 541 328 814 
4	0.0: 217 680 1027 772 287 324 302 595 
4	0.0: 218 673 826 899 290 318 306 717 
7	0.0: 63 330 1083 937 262 150 334 556 
4	0.0: 1 848 1088 897 267 198 270 582 
4	0.0: 17 464 930 701 249 396 314 690 
4	0.0: 1 590 797 917 275 239 307 635 
4	0.0: 1 603 793 876 281 267 319 663 
4	0.0: 6 545 1229 619 245 267 281 463 
7	0.0: 1 426 974 661 272 177 288 573 
4	0.0: 175 956 1078 770 304 1 328 634 
7	0.0: 1 457 985 789 303 143 315 550 
4	0.0: 1 609 1130 752 297 192 304 649 
7	0.0: 42 211 897 896 203 16 316 416 
4	0.0: 35 600 783 422 285 443 285 642 
4	0.0: 102 525 1145 693 295 430 321 914 
7	0.0: 41 116 949 893 332 252 316 786 
4	0.0: 1 471 897 1004 243 225 264 714 
4	0.0: 117 858 1060 808 316 110 337 621 
4	0.0: 73 634 763 935 224 283 322 773 
7	0.0: 1 194 789 817 321 201 323 669 
7	0.0: 1 68 927 852 310 119 285 720 
4	0.0: 1 528 882 866 270 82 271 500 
7	0.0: 96 184 1054 780 297 376 332 671 
4	0.0: 91 414 1001 767 241 430 285 728 
7	0.0: 1 1 893 789 279 199 285 601 
4	0.0: 68 466 808 1080 315 334 327 623 
4	0.0: 97 661 1155 610 369 261 310 469 
7	0.0: 62 284 1190 724 269 1 296 645 
4	0.0: 83 479 827 821 243 342 302 832 
4	0.0: 1 518 1046 1016 293 398 304 369 
4	0.0: 1 391 976 819 288 630 289 725 
4	0.0: 1 507 935 903 283 119 304 437 
7	0.0: 80 234 1036 1004 248 153 266 250 
4	0.0: 1 646 902 859 284 215 306 579 
7	0.0: 74 253 802 674 313 230 313 507 
7	0.0: 1 370 987 711 314 162 261 693 
4	0.0: 125 295 1090 767 199 541 307 587 
7	0.0: 63 45 927 655 280 185 342 445 
4	0.0: 99 631 1103 677 308 309 292 707 
7	0.0: 1 239 877 798 232 207 277 384 
7	0.0: 82 336 857 793 260 45 302 697 
7	0.0: 1 275 1043 825 290 233 333 430 
7	0.0: 47 338 899 789 264 365 287 685 
7	0.0: 17 154 1096 829 263 305 295 929 
7	0.0: 1 416 997 530 314 291 288 473 
7	0.0: 27 345 1190 608 372 249 320 672 
4	0.0: 54 929 935 752 337 266 341 782 
7	0.0: 1 153 834 938 236 176 274 983 
4	0.0: 1 536 943 568 222 405 301 713 
4	0.0: 1 536 708 861 251 1 311 180 
4	0.0: 1 633 959 903 265 275 333 174 
7	0.0: 1 410 981 704 355 260 288 495 
7	0.0: 1 49 959 767 272 639 280 602 
7	0.0: 1 383 947 897 314 125 334 653 
4	0.0: 1 687 893 777 225 441 340 581 
4	0.0: 1 380 1090 864 280 277 305 230 
7	0.0: 99 254 1053 742 367 344 358 636 
4	0.0: 121 490 873 874 249 306 262 314 
4	0.0: 72 312 819 875 251 651 296 235 
7	0.0: 76 315 845 810 281 1 276 658 
7	0.0: 1 151 994 574 338 510 310 214 
7	0.0: 101 364 941 757 310 167 292 633 
7	0.0: 1 332 794 896 308 213 278 703 
4	0.0: 4 665 961 838 236 334 307 960 
4	0.0: 1 592 878 749 241 265 295 744 
7	0.0: 1 19 964 870 254 277 303 1004 
4	0.0: 102 679 852 736 352 301 317 616 
7	0.0: 43 370 813 685 315 196 288 687 
4	0.0: 79 409 904 877 243 510 308 737 
1	0.0: 178 368 650 802 400 306 291 890 
7	0.0: 25 156 935 880 299 613 284 680 
4	0.0: 13 739 927 717 201 425 268 441 
7	0.0: 140 356 963 707 271 401 290 783 
4	0.0: 38 681 1031 931 312 119 280 497 
7	0.0: 20 460 948 792 206 19 262 459 
7	0.0: 116 434 856 741 327 83 290 447 
4	0.0: 87 607 1030 713 263 4 312 729 
4	0.0: 1 595 909 691 304 228 308 535 
7	0.0: 61 265 884 696 293 62 295 639 
7	0.0: 1 583 896 648 315 175 297 1036 
7	0.0: 1 354 835 703 203 268 338 827 
7	0.0: 122 268 719 749 315 360 316 654 
4	0.0: 1 696 1120 736 231 242 318 913 
7	0.0: 1 171 853 671 244 277 374 715 
4	0.0: 1 604 958 843 360 210 290 383 
4	0.0: 86 777 898 662 252 555 313 500 
7	0.0: 33 420 524 704 250 213 303 470 
4	0.0: 46 666 1097 571 318 314 306 490 
7	0.0: 115 537 1063 572 351 75 300 831 
4	0.0: 179 557 818 724 289 182 332 416 
4	0.0: 29 392 1151 766 281 399 301 447 
4	0.0: 117 760 850 572 336 50 275 596 
4	0.0: 1 689 848 843 275 251 299 454 
7	0.0: 1 293 1048 957 289 205 333 536 
4	0.0: 1 609 863 815 275 227 319 606 
7	0.0: 229 320 1053 777 314 45 317 526 
4	0.0: 133 371 1064 725 255 387 275 706 
7	0.0: 1 418 1006 716 285 350 334 915 
7	0.0: 1 311 1038 770 269 331 340 619 
7	0.0: 133 409 1070 669 405 141 310 1011 
7	0.0: 1 372 1058 623 282 218 319 428 
7	0.0: 73 120 900 785 252 226 280 770 
7	0.0: 138 284 869 882 239 307 278 531 
4	0.0: 247 583 709 820 352 111 290 472 
4	0.0: 1 607 781 821 239 264 283 610 
7	0.0: 127 94 851 746 291 411 333 717 
4	0.0: 96 906 1061 657 237 135 319 432 
7	0.0: 14 470 937 859 212 148 343 787 
7	0.0: 1 442 883 670 328 198 335 502 
4	0.0: 5 488 1122 738 219 303 307 533 
7	0.0: 31 357 875 582 285 49 321 721 
4	0.0: 211 701 1200 836 249 571 281 598 
4	0.0: 19 671 796 692 353 107 321 518 
4	0.0: 97 749 1061 967 317 280 313 640 
4	0.0: 138 457 887 589 328 500 304 418 
4	0.0: 1 768 1068 596 277 297 289 455 
7	0.0: 1 383 967 718 271 226 315 347 
7	0.0: 161 315 1021 734 302 154 324 928 
4	0.0: 60 249 1069 851 174 471 316 544 
4	0.0: 57 433 883 754 310 158 336 298 
7	0.0: 1 463 889 927 319 140 316 771 
7	0.0: 86 166 939 824 279 528 305 739 
4	0.0: 1 443 890 792 279 233 294 337 
4	0.0: 291 495 836 792 240 160 331 671 
4	0.0: 1 465 977 755 300 520 291 498 
4	0.0: 1 637 1167 799 200 277 310 553 
4	0.0: 173 602 867 555 287 385 312 305 
4	0.0: 215 670 938 733 310 65 326 748 
7	0.0: 67 278 1043 799 273 322 318 531 
4	0.0: 1 750 869 838 198 1 298 499 
7	0.0: 51 219 1122 737 253 375 291 759 
4	0.0: 1 391 1139 667 253 562 364 556 
4	0.0: 1 614 845 780 271 405 296 399 
4	0.0: 1 637 1172 861 293 257 281 568 
4	0.0: 1 516 956 771 310 264 313 652 
4	0.0: 67 575 964 872 233 163 327 536 
4	0.0: 154 652 967 744 250 351 304 372 
7	0.0: 1 195 1071 889 221 188 312 466 
4	0.0: 57 789 1043 702 283 50 288 539 
4	0.0: 14 475 1067 701 325 416 311 657 
4	0.0: 33 375 992 930 270 291 301 594 
4	0.0: 89 501 1190 695 260 362 288 777 
4	0.0: 1 617 868 810 200 481 281 651 
4	0.0: 161 478 958 860 251 409 291 538 
7	0.0: 1 320 721 772 320 307 320 400 
7	0.0: 75 493 1123 711 272 233 308 1044 
4	0.0: 172 500 1132 642 235 186 297 683 
4	0.0: 61 482 947 746 349 483 326 673 
7	0.0: 1 356 937 772 327 242 288 177 
7	0.0: 95 121 817 732 258 198 321 483 
7	0.0: 38 315 1014 792 300 218 289 590 
4	0.0: 36 542 1061 724 293 403 327 682 
7	0.0: 13 266 904 812 291 270 271 627 
4	0.0: 118 367 837 692 253 337 301 448 
7	0.0: 43 470 855 647 213 1 319 754 
4	0.0: 168 463 783 905 251 227 312 639 
7	0.0: 56 314 963 656 344 51 309 500 
4	0.0: 1 438 1052 947 261 397 309 465 
4	0.0: 1 717 1018 905 326 147 340 640 
4	0.0: 242 438 1123 597 218 201 336 672 
7	0.0: 99 213 998 692 313 508 325 830 
4	0.0: 77 622 952 756 286 293 312 738 
7	0.0: 57 366 1200 815 384 102 290 801 
7	0.0: 1 225 732 516 232 25 365 114 
7	0.0: 1 361 931 928 259 157 310 920 
4	0.0: 1 806 807 933 272 198 279 775 
7	0.0: 1 431 1154 797 281 129 345 776 
4	0.0: 51 395 829 851 179 331 333 491 
4	0.0: 28 625 886 888 279 271 288 488 
7	0.0: 1 1 896 1029 335 92 312 673 
4	0.0: 93 494 1106 1013 292 1 296 771 
7	0.0: 32 486 922 650 270 134 326 586 
4	0.0: 1 837 916 933 239 461 340 517 
4	0.0: 161 605 905 756 283 227 279 634 
4	0.0: 1 565 933 754 266 385 335 311 
4	0.0: 1 538 889 1026 295 73 309 793 
7	0.0: 94 369 902 794 289 219 310 648 
7	0.0: 123 359 831 892 208 195 355 645 
7	0.0: 64 321 833 692 226 466 340 690 
4	0.0: 137 682 822 857 268 411 307 428 
7	0.0: 1 306 988 534 147 360 298 415 
7	0.0: 1 163 804 615 242 316 318 487 
7	0.0: 95 313 950 742 285 452 269 923 
4	0.0: 39 593 861 785 242 44 288 665 
4	0.0: 1 438 1025 695 157 429 316 570 
7	0.0: 79 454 670 630 231 288 293 512 
4	0.0: 125 490 1125 740 262 333 306 555 
7	0.0: 15 1 877 845 258 161 305 851 
7	0.0: 1 143 781 826 372 218 294 766 
4	0.0: 1 634 1004 760 198 283 328 556 
7	0.0: 1 283 951 741 232 214 318 508 
7	0.0: 43 127 911 766 238 301 334 723 
4	0.0: 136 743 1016 861 286 440 284 671 
4	0.0: 134 407 1010 772 249 364 307 517 
4	0.0: 1 700 619 736 352 341 282 736 
4	0.0: 67 659 859 1055 260 64 297 280 
7	0.0: 32 316 994 738 256 281 311 493 
7	0.0: 1 318 921 691 306 118 290 323 
7	0.0: 83 334 760 848 248 270 293 699 
4	0.0: 1 510 873 841 305 277 320 678 
4	0.0: 270 512 941 906 251 486 296 882 
7	0.0: 17 449 881 916 327 1 296 497 
4	0.0: 206 352 1054 818 244 119 295 503 
7	0.0: 1 358 949 876 245 216 333 403 
4	0.0: 203 434 990 871 221 474 298 324 
4	0.0: 1 709 858 837 268 326 257 425 
7	0.0: 76 418 1187 761 317 1 307 520 
7	0.0: 1 338 1012 995 253 236 341 711 
4	0.0: 214 480 936 708 287 410 345 433 
7	0.0: 101 162 1076 658 255 415 335 444 
4	0.0: 203 692 788 696 330 197 318 491 
4	0.0: 1 327 1242 822 323 374 303 501 
4	0.0: 1 308 684 909 307 434 294 344 
4	0.0: 1 781 865 728 319 339 307 532 
4	0.0: 1 670 1031 1039 289 134 283 665 
7	0.0: 349 395 1013 616 269 1 288 554 
4	0.0: 1 754 1215 792 283 612 291 838 
4	0.0: 1 632 847 773 261 260 312 862 
4	0.0: 45 443 1066 1001 222 154 310 708 
4	0.0: 1 790 1047 721 306 525 310 446 
4	0.0: 73 320 807 900 240 586 284 539 
7	0.0: 1 442 1057 762 216 221 288 632 
4	0.0: 136 367 999 836 246 397 326 773 
4	0.0: 65 537 1004 856 283 285 305 459 
7	0.0: 1 387 1018 751 293 256 317 483 
7	0.0: 152 148 757 903 236 196 322 622 
4	0.0: 110 652 715 547 283 311 283 434 
7	0.0: 30 89 732 926 172 380 287 670 
4	0.0: 1 501 911 892 248 230 296 699 
4	0.0: 1 577 976 777 282 343 306 633 
4	0.0: 255 621 845 795 202 143 289 658 
7	0.0: 1 201 920 796 229 281 315 690 
7	0.0: 61 393 963 625 183 300 333 982 
7	0.0: 1 187 798 841 261 419 324 541 
4	0.0: 147 349 930 903 343 415 300 696 
7	0.0: 1 520 815 656 391 85 268 383 
7	0.0: 1 310 794 631 324 128 318 658 
7	0.0: 1 310 831 689 344 252 303 311 
7	0.0: 1 320 756 709 277 280 293 764 
4	0.0: 1 669 1194 679 300 1 353 602 
7	0.0: 18 503 742 670 302 115 308 471 
7	0.0: 87 265 1033 828 284 67 326 797 
4	0.0: 1 471 1079 824 347 275 292 643 
4	0.0: 50 793 863 1025 356 287 286 812 
7	0.0: 15 373 1040 827 291 217 323 477 
4	0.0: 1 589 1115 760 307 486 298 508 
4	0.0: 1 556 792 1014 316 175 318 810 
7	0.0: 108 126 1125 746 249 554 271 893 
4	0.0: 121 560 959 784 239 190 308 198 
4	0.0: 237 500 1042 814 298 273 296 608 
7	0.0: 1 359 1032 767 294 312 266 706 
4	0.0: 1 680 1175 645 291 483 330 345 
4	0.0: 237 494 1066 862 309 365 290 894 
