6	0.0: 982 138 58 845 1134 564 583 279 
6	0.0: 992 88 1 830 863 651 809 391 
6	0.0: 985 35 165 861 1099 701 385 301 
6	0.0: 967 62 1 828 1050 920 225 286 
6	0.0: 982 42 109 866 1189 884 553 360 
6	0.0: 1002 69 1 830 1096 424 384 383 
6	0.0: 991 1 1 840 764 431 723 323 
6	0.0: 963 1 1 814 1071 857 598 293 
6	0.0: 967 290 1 875 1052 632 327 213 
6	0.0: 972 1 228 807 872 805 248 361 
6	0.0: 1012 1 1 832 949 598 602 283 
6	0.0: 959 22 1 880 809 567 805 262 
6	0.0: 1014 20 1 831 913 825 871 376 
6	0.0: 1009 147 1 830 810 723 699 314 
6	0.0: 984 16 154 816 1175 675 779 345 
6	0.0: 1004 23 28 836 846 619 651 226 
6	0.0: 992 63 246 843 749 692 497 305 
6	0.0: 991 1 116 847 1165 702 815 201 
6	0.0: 1015 101 1 832 894 619 584 362 
6	0.0: 1000 73 1 883 828 716 644 263 
6	0.0: 989 1 22 832 914 732 360 274 
6	0.0: 1010 59 1 842 1015 632 714 316 
6	0.0: 1002 1 22 833 1071 591 428 365 
6	0.0: 990 77 1 869 1156 715 491 413 
6	0.0: 999 1 140 865 971 637 650 360 
6	0.0: 975 218 1 798 1051 692 546 361 
6	0.0: 985 42 91 875 787 678 484 308 
6	0.0: 978 186 1 826 830 398 388 277 
6	0.0: 967 1 1 839 764 651 550 265 
6	0.0: 998 1 146 856 1053 586 407 285 
6	0.0: 1007 1 85 848 1118 481 520 311 
6	0.0: 987 295 81 856 1055 850 512 278 
6	0.0: 985 155 1 858 881 727 398 371 
6	0.0: 980 131 1 873 921 715 648 321 
6	0.0: 966 271 91 803 1094 791 481 327 
6	0.0: 1002 286 109 873 984 869 520 351 
6	0.0: 1012 94 20 855 839 668 238 300 
6	0.0: 1011 21 1 841 1085 675 596 410 
6	0.0: 983 1 1 829 920 709 552 380 
6	0.0: 999 121 1 887 1106 527 977 301 
6	0.0: 958 168 1 828 1146 554 469 237 
6	0.0: 978 14 11 848 819 757 705 150 
6	0.0: 1001 127 37 820 990 662 792 329 
6	0.0: 985 7 1 845 908 473 394 317 
6	0.0: 971 57 1 846 905 775 608 410 
6	0.0: 964 140 1 807 987 819 459 409 
6	0.0: 960 36 1 841 828 677 580 439 
6	0.0: 995 260 43 832 942 649 484 417 
6	0.0: 968 73 112 832 777 632 567 215 
6	0.0: 992 156 1 845 838 761 596 239 
6	0.0: 991 95 1 848 1050 786 616 334 
6	0.0: 967 33 65 821 1041 675 515 321 
6	0.0: 970 105 1 832 929 899 424 345 
6	0.0: 979 1 66 833 1172 604 692 187 
6	0.0: 1015 289 1 836 988 690 642 226 
6	0.0: 988 12 1 812 1020 528 816 349 
6	0.0: 986 19 149 856 759 600 667 252 
6	0.0: 992 17 181 822 954 613 915 388 
6	0.0: 1024 1 1 888 798 878 196 327 
6	0.0: 1003 98 236 842 962 613 453 423 
6	0.0: 994 1 1 867 1001 855 403 374 
6	0.0: 996 91 1 842 975 724 309 256 
6	0.0: 984 1 30 852 1044 809 566 226 
6	0.0: 985 105 243 842 1108 718 380 361 
6	0.0: 979 99 47 882 1090 762 732 346 
6	0.0: 974 1 1 842 1132 591 717 385 
6	0.0: 1022 222 1 806 821 944 684 403 
6	0.0: 981 41 148 825 1106 785 667 350 
6	0.0: 971 1 79 846 1204 745 598 343 
6	0.0: 979 71 318 821 1143 568 299 339 
6	0.0: 978 141 196 837 859 586 495 390 
6	0.0: 1004 1 91 844 964 879 333 297 
6	0.0: 1000 117 233 837 1027 609 426 345 
6	0.0: 951 1 108 852 840 735 718 364 
6	0.0: 1010 59 1 857 936 591 465 343 
6	0.0: 973 19 1 834 997 721 1004 366 
6	0.0: 983 96 1 829 1084 709 265 365 
6	0.0: 1005 235 73 840 816 880 645 386 
6	0.0: 990 169 19 793 959 983 348 334 
6	0.0: 993 1 172 817 871 879 776 296 
6	0.0: 975 149 175 882 1058 1027 624 250 
6	0.0: 955 177 56 834 1157 631 578 270 
6	0.0: 1015 175 1 843 1146 800 552 322 
6	0.0: 979 239 1 838 1192 886 521 234 
6	0.0: 968 9 1 825 928 779 455 258 
6	0.0: 987 117 175 847 776 693 346 210 
6	0.0: 985 1 96 804 1100 605 449 311 
6	0.0: 1004 151 196 831 925 534 462 473 
6	0.0: 979 71 40 846 889 768 653 341 
6	0.0: 1003 93 1 882 959 824 975 389 
6	0.0: 968 1 29 843 821 749 530 336 
6	0.0: 986 1 213 856 984 577 770 230 
6	0.0: 984 106 1 847 929 800 580 360 
6	0.0: 1012 1 1 869 951 669 371 281 
6	0.0: 952 1 1 875 1107 561 625 344 
6	0.0: 1006 1 1 872 1175 704 768 307 
6	0.0: 978 94 60 866 740 730 583 313 
6	0.0: 983 1 1 862 993 728 611 308 
6	0.0: 1011 1 1 824 824 812 713 286 
6	0.0: 978 59 10 833 1146 554 489 294 
6	0.0: 965 27 112 828 752 733 329 382 
6	0.0: 1015 204 1 869 963 656 396 201 
6	0.0: 987 1 1 865 1080 639 55 447 
6	0.0: 1013 33 206 839 1206 676 424 360 
6	0.0: 997 133 1 815 1049 624 427 296 
6	0.0: 967 274 55 843 844 599 711 259 
6	0.0: 1003 52 124 845 993 739 629 350 
6	0.0: 969 99 83 832 1120 690 495 342 
6	0.0: 990 115 2 833 1094 770 598 419 
6	0.0: 997 41 1 875 1069 867 576 270 
6	0.0: 988 152 143 850 1156 627 564 306 
6	0.0: 968 1 1 837 847 466 426 338 
6	0.0: 987 1 73 812 678 791 540 361 
6	0.0: 985 1 108 819 1151 874 605 297 
6	0.0: 983 1 128 853 1043 732 672 298 
6	0.0: 971 1 217 856 882 751 452 287 
6	0.0: 1015 62 25 820 918 781 201 263 
6	0.0: 982 113 1 839 1145 615 803 323 
6	0.0: 1006 48 143 864 1000 691 695 371 
6	0.0: 975 1 1 831 996 554 843 367 
6	0.0: 1006 139 1 848 1000 743 603 311 
6	0.0: 985 122 322 847 923 560 740 376 
6	0.0: 993 87 1 825 846 618 782 228 
6	0.0: 978 115 71 821 994 693 836 325 
6	0.0: 1007 1 15 831 952 638 593 334 
6	0.0: 989 160 29 826 1021 919 582 245 
6	0.0: 1013 1 191 837 959 716 565 325 
6	0.0: 987 1 66 854 894 728 704 284 
6	0.0: 988 12 69 841 1090 447 429 379 
6	0.0: 967 176 1 831 971 554 334 354 
6	0.0: 984 163 1 823 938 560 790 380 
6	0.0: 999 132 1 874 830 529 515 246 
6	0.0: 979 1 1 857 1164 705 634 372 
6	0.0: 1001 163 44 840 865 835 623 374 
6	0.0: 983 195 419 862 768 657 630 324 
6	0.0: 1040 131 70 850 997 525 537 262 
6	0.0: 1008 118 76 839 1111 789 693 350 
6	0.0: 959 19 1 829 946 900 644 316 
6	0.0: 978 170 1 852 852 736 516 347 
6	0.0: 988 21 79 847 1091 645 535 247 
6	0.0: 980 44 162 865 665 638 522 329 
6	0.0: 956 1 88 816 871 803 272 262 
6	0.0: 981 138 1 819 1206 589 494 264 
6	0.0: 965 124 1 856 770 557 669 387 
6	0.0: 1016 20 52 806 897 912 664 412 
6	0.0: 979 51 153 869 935 798 604 280 
6	0.0: 1016 173 1 833 754 741 281 246 
6	0.0: 1045 118 1 830 1029 710 425 352 
6	0.0: 1022 84 247 876 965 794 719 330 
6	0.0: 981 110 117 836 931 666 619 357 
6	0.0: 996 93 1 815 808 793 712 314 
6	0.0: 986 21 113 860 1079 560 541 302 
6	0.0: 971 230 1 859 849 588 357 373 
6	0.0: 1027 126 1 843 975 671 202 448 
6	0.0: 991 1 1 836 943 581 440 273 
6	0.0: 985 320 1 809 1087 759 777 405 
6	0.0: 991 63 1 828 874 638 642 305 
6	0.0: 967 1 38 832 1176 652 754 316 
6	0.0: 1015 115 1 842 1077 631 812 268 
6	0.0: 980 106 111 858 1166 632 722 437 
6	0.0: 992 254 163 876 748 705 548 365 
6	0.0: 969 1 96 838 798 673 429 388 
6	0.0: 1004 1 1 856 940 623 643 341 
6	0.0: 1002 1 90 860 863 786 562 337 
6	0.0: 1009 46 57 839 768 744 267 363 
6	0.0: 994 178 78 847 967 620 914 351 
6	0.0: 1010 43 80 848 747 821 608 292 
6	0.0: 983 157 16 816 957 559 682 270 
6	0.0: 1005 19 218 802 1035 771 446 415 
6	0.0: 1030 65 7 855 849 767 291 298 
6	0.0: 961 195 110 815 1034 579 883 309 
6	0.0: 995 1 1 817 924 596 393 315 
6	0.0: 953 1 131 849 868 716 338 311 
6	0.0: 1003 57 150 835 1113 453 607 324 
6	0.0: 987 206 47 867 1085 545 462 333 
6	0.0: 979 12 18 829 1061 467 772 386 
6	0.0: 961 188 1 850 1218 706 398 212 
6	0.0: 971 56 1 823 1079 620 754 305 
6	0.0: 966 39 169 780 1116 683 767 246 
6	0.0: 973 1 199 833 1048 795 446 254 
6	0.0: 974 1 1 830 1085 430 553 337 
6	0.0: 977 126 1 855 1029 733 452 252 
6	0.0: 986 233 74 863 896 614 725 334 
6	0.0: 976 31 174 831 914 533 840 270 
6	0.0: 995 37 1 866 992 746 505 263 
6	0.0: 981 183 203 863 878 604 406 294 
6	0.0: 978 73 1 810 1264 755 406 256 
6	0.0: 985 100 1 848 1055 732 523 347 
6	0.0: 972 188 72 847 922 554 354 470 
6	0.0: 1008 127 12 849 805 876 770 358 
6	0.0: 980 105 97 866 734 910 450 267 
6	0.0: 990 166 1 857 1087 491 753 307 
6	0.0: 1002 106 1 830 1246 624 760 379 
6	0.0: 1013 38 1 854 754 886 567 262 
6	0.0: 988 85 1 849 868 590 525 352 
6	0.0: 990 167 1 846 959 699 862 279 
6	0.0: 957 1 1 854 807 695 451 349 
6	0.0: 984 98 1 825 1045 657 498 278 
6	0.0: 1020 134 4 827 1048 735 357 362 
6	0.0: 1034 152 1 869 1042 762 762 297 
6	0.0: 999 365 24 830 1126 624 521 453 
6	0.0: 964 183 113 850 873 791 675 367 
6	0.0: 976 1 61 835 1070 647 768 372 
6	0.0: 982 183 52 846 1204 908 801 355 
6	0.0: 941 87 92 817 965 632 301 312 
6	0.0: 1021 21 1 853 1069 679 852 339 
6	0.0: 958 265 75 843 821 679 676 278 
6	0.0: 1024 1 86 817 974 824 646 363 
6	0.0: 987 29 1 864 931 716 762 288 
6	0.0: 994 217 1 828 904 713 607 276 
6	0.0: 1006 123 1 872 948 769 608 306 
6	0.0: 971 112 1 841 976 557 656 260 
6	0.0: 1011 213 1 853 994 688 293 265 
6	0.0: 1002 113 1 806 739 770 815 295 
6	0.0: 987 1 1 842 809 345 372 326 
6	0.0: 993 110 161 844 1106 669 641 286 
6	0.0: 958 1 1 808 1036 1031 623 379 
6	0.0: 993 133 51 815 1051 746 649 268 
6	0.0: 988 1 1 828 1130 690 687 337 
6	0.0: 978 177 1 860 962 732 317 371 
6	0.0: 976 5 124 855 1091 489 617 393 
6	0.0: 1017 1 1 826 1031 824 374 493 
6	0.0: 982 1 1 857 1275 578 560 309 
6	0.0: 1023 134 1 826 1047 782 763 400 
6	0.0: 973 95 13 832 901 707 334 407 
6	0.0: 1004 1 134 817 765 907 255 248 
6	0.0: 993 89 126 818 885 653 894 379 
6	0.0: 966 1 4 828 1138 729 572 289 
6	0.0: 996 35 263 848 876 563 410 275 
6	0.0: 1021 30 237 851 797 427 474 287 
6	0.0: 941 46 18 830 1064 615 351 339 
6	0.0: 985 59 1 819 976 931 724 383 
6	0.0: 1001 2 173 838 995 756 496 302 
6	0.0: 1009 52 285 853 988 625 589 267 
6	0.0: 978 86 39 855 953 809 590 287 
6	0.0: 979 24 1 859 1083 755 500 386 
6	0.0: 1007 25 1 830 831 832 561 362 
6	0.0: 990 194 1 858 900 726 644 338 
6	0.0: 1009 149 78 824 902 585 789 250 
6	0.0: 982 142 153 848 999 771 237 426 
6	0.0: 994 52 297 848 941 758 549 362 
6	0.0: 980 156 1 840 912 641 806 368 
6	0.0: 953 7 101 844 946 729 635 425 
6	0.0: 1019 1 1 817 823 716 110 282 
6	0.0: 985 174 1 857 948 610 674 262 
6	0.0: 967 1 12 827 766 745 696 345 
6	0.0: 1018 232 177 822 836 632 536 309 
6	0.0: 991 57 31 846 859 567 603 285 
6	0.0: 997 61 265 865 684 812 1100 227 
6	0.0: 1003 82 224 837 893 597 875 250 
6	0.0: 1039 41 1 858 922 834 624 241 
6	0.0: 992 1 1 843 951 521 432 310 
6	0.0: 980 120 1 849 933 562 523 325 
6	0.0: 979 315 1 814 1152 749 771 234 
6	0.0: 955 74 1 839 940 783 613 250 
6	0.0: 958 78 1 851 915 850 864 442 
6	0.0: 960 81 1 890 1169 477 632 310 
6	0.0: 991 146 207 819 969 725 712 334 
6	0.0: 1009 1 106 810 918 842 538 260 
6	0.0: 997 157 1 862 1000 543 487 227 
6	0.0: 999 141 118 848 1041 713 397 319 
6	0.0: 996 308 66 838 795 640 827 193 
6	0.0: 979 1 1 835 1189 664 388 298 
6	0.0: 992 1 200 821 1122 635 366 231 
6	0.0: 1024 288 1 859 904 868 690 210 
6	0.0: 1005 1 180 821 825 767 814 271 
6	0.0: 998 94 1 810 1034 755 485 262 
6	0.0: 969 114 20 862 757 578 697 276 
6	0.0: 999 1 181 840 1173 719 650 356 
6	0.0: 1038 81 158 814 930 790 591 248 
6	0.0: 975 61 23 825 1095 690 432 279 
6	0.0: 963 128 72 861 982 796 534 240 
6	0.0: 970 1 237 820 902 502 507 238 
6	0.0: 1018 44 1 810 1037 648 875 199 
6	0.0: 1019 19 1 845 1045 847 346 351 
6	0.0: 957 28 1 791 1029 842 772 366 
6	0.0: 955 123 1 873 900 747 380 362 
6	0.0: 975 230 26 817 810 497 330 233 
6	0.0: 972 122 1 819 804 663 738 226 
6	0.0: 979 176 117 830 915 759 494 293 
6	0.0: 1003 85 14 824 1070 748 569 284 
6	0.0: 957 152 204 859 1019 715 497 240 
6	0.0: 972 1 156 857 962 651 722 366 
6	0.0: 973 1 1 873 937 385 861 238 
6	0.0: 1004 48 58 797 792 720 684 344 
6	0.0: 1010 66 1 837 1050 758 629 292 
6	0.0: 992 233 57 872 975 562 492 361 
6	0.0: 1003 207 1 830 967 587 739 362 
6	0.0: 972 269 1 828 1062 956 393 377 
6	0.0: 988 181 1 868 1083 653 529 342 
6	0.0: 952 161 1 838 821 815 558 325 
6	0.0: 1025 1 6 848 748 687 806 236 
6	0.0: 981 153 1 848 743 715 282 349 
6	0.0: 1005 178 157 847 781 599 816 319 
6	0.0: 971 190 1 830 754 755 719 318 
6	0.0: 1000 172 1 824 1127 723 653 334 
6	0.0: 983 178 1 849 902 648 193 160 
6	0.0: 978 100 1 837 888 516 701 234 
6	0.0: 1027 1 1 820 935 506 363 319 
6	0.0: 986 1 22 842 1210 965 484 266 
6	0.0: 986 4 1 849 894 673 741 310 
6	0.0: 990 276 32 822 754 700 583 271 
6	0.0: 986 19 1 857 1087 575 907 362 
6	0.0: 1001 84 1 852 1003 674 956 244 
6	0.0: 1005 1 116 851 786 661 718 310 
6	0.0: 999 105 1 834 1024 653 684 239 
6	0.0: 1000 36 34 816 821 642 553 384 
6	0.0: 1007 104 182 796 760 809 440 369 
6	0.0: 1011 149 1 857 1019 575 377 211 
6	0.0: 1003 159 4 832 1036 626 884 302 
6	0.0: 997 1 1 844 934 806 303 303 
6	0.0: 973 131 106 846 939 606 429 387 
6	0.0: 971 24 1 837 934 437 771 356 
6	0.0: 1005 1 167 834 943 819 902 317 
6	0.0: 968 139 1 837 877 550 681 347 
6	0.0: 982 55 1 834 920 924 469 263 
6	0.0: 1025 14 211 835 979 652 325 211 
6	0.0: 1002 165 250 878 910 685 633 276 
6	0.0: 986 96 1 832 977 846 598 422 
6	0.0: 1001 312 228 856 866 780 515 289 
6	0.0: 1013 97 1 853 935 619 656 362 
6	0.0: 981 36 1 828 957 597 319 397 
6	0.0: 997 47 68 825 1228 748 549 255 
6	0.0: 1022 88 49 870 972 739 459 299 
6	0.0: 1001 139 39 863 914 410 902 433 
6	0.0: 1005 23 43 852 912 575 777 370 
6	0.0: 1000 1 152 857 987 911 444 341 
6	0.0: 1008 54 1 816 951 823 609 330 
6	0.0: 996 1 1 856 975 497 599 337 
6	0.0: 997 1 1 866 781 692 754 212 
6	0.0: 1020 125 1 849 943 643 657 350 
6	0.0: 1002 1 1 839 887 685 268 279 
6	0.0: 989 30 198 830 952 608 320 361 
6	0.0: 975 42 1 861 972 798 680 324 
6	0.0: 981 31 1 825 909 870 710 298 
6	0.0: 991 69 1 818 950 858 735 204 
6	0.0: 998 57 70 833 915 732 517 294 
6	0.0: 978 1 1 832 1176 879 625 260 
6	0.0: 987 97 250 868 1001 782 367 326 
6	0.0: 974 91 57 818 1247 725 505 319 
6	0.0: 998 46 52 838 960 642 534 295 
6	0.0: 1002 87 57 848 947 688 253 294 
6	0.0: 1006 96 1 845 906 707 251 256 
6	0.0: 976 164 1 851 1009 783 560 367 
6	0.0: 977 1 143 832 1151 734 177 257 
6	0.0: 956 147 58 874 809 560 475 283 
6	0.0: 998 67 125 845 959 637 776 222 
6	0.0: 984 53 1 867 1235 641 267 368 
6	0.0: 984 193 1 838 1122 443 765 349 
6	0.0: 983 53 1 870 1091 627 420 369 
6	0.0: 1033 39 1 854 897 514 262 231 
6	0.0: 983 144 1 844 987 732 481 410 
6	0.0: 998 136 1 851 1061 713 627 288 
6	0.0: 976 128 70 830 837 804 847 466 
6	0.0: 989 1 1 847 803 597 459 376 
6	0.0: 993 1 1 869 985 749 890 315 
6	0.0: 957 1 86 840 778 559 419 249 
6	0.0: 958 1 1 833 959 818 629 331 
6	0.0: 982 52 145 853 864 479 476 370 
6	0.0: 957 179 1 825 1098 790 472 283 
6	0.0: 967 65 12 842 760 917 412 216 
6	0.0: 960 132 1 861 1108 748 310 321 
6	0.0: 1002 1 1 825 1032 661 607 309 
6	0.0: 1027 104 43 844 769 412 678 304 
6	0.0: 994 196 28 863 1315 638 417 395 
6	0.0: 1001 1 264 830 952 657 528 250 
6	0.0: 993 1 119 853 926 557 638 284 
6	0.0: 978 141 43 856 926 699 770 331 
6	0.0: 1022 1 3 830 895 559 678 237 
6	0.0: 987 205 59 864 790 622 786 279 
6	0.0: 994 131 70 855 1107 739 604 293 
6	0.0: 991 195 155 819 686 812 688 224 
6	0.0: 1007 1 158 840 1065 799 506 337 
6	0.0: 995 1 77 869 1219 739 470 329 
6	0.0: 994 171 1 834 823 776 716 326 
6	0.0: 988 225 1 846 1022 882 652 329 
6	0.0: 958 2 206 847 719 886 258 294 
6	0.0: 987 7 1 798 971 554 653 274 
6	0.0: 967 110 127 863 1039 735 735 270 
6	0.0: 997 144 1 839 1013 617 307 309 
6	0.0: 1011 35 52 796 752 658 633 354 
6	0.0: 1007 1 1 808 888 403 698 317 
6	0.0: 990 151 73 822 810 553 638 377 
6	0.0: 986 22 73 837 857 505 608 267 
6	0.0: 1016 291 1 835 965 761 617 279 
6	0.0: 1016 163 1 823 983 728 833 458 
6	0.0: 972 70 93 867 1104 854 772 176 
6	0.0: 1034 223 53 862 827 508 690 297 
6	0.0: 981 175 1 815 754 596 578 295 
6	0.0: 1028 47 186 857 915 660 461 332 
6	0.0: 1011 166 154 847 1242 782 368 309 
6	0.0: 965 33 369 821 943 914 646 284 
6	0.0: 974 159 175 846 1098 691 312 300 
6	0.0: 998 243 207 831 1063 804 568 320 
6	0.0: 1021 49 126 848 987 764 667 239 
6	0.0: 974 106 23 850 925 721 469 367 
6	0.0: 972 106 36 856 941 501 690 346 
6	0.0: 979 1 59 846 1124 633 629 276 
6	0.0: 1005 21 1 862 770 576 750 361 
6	0.0: 1003 183 107 823 861 508 749 365 
6	0.0: 962 1 1 811 1132 921 523 239 
6	0.0: 983 20 1 850 1059 741 459 375 
6	0.0: 998 1 26 862 1055 534 342 293 
6	0.0: 975 87 1 836 986 413 545 269 
6	0.0: 978 114 1 857 905 552 747 349 
6	0.0: 966 50 65 839 937 511 515 346 
6	0.0: 1013 295 1 831 923 608 418 254 
6	0.0: 1005 1 1 848 813 669 561 392 
6	0.0: 995 1 1 851 931 814 528 360 
6	0.0: 970 149 1 825 863 645 697 288 
6	0.0: 969 114 58 816 907 830 423 311 
6	0.0: 960 152 1 861 820 758 515 328 
6	0.0: 958 1 132 872 1040 760 444 320 
6	0.0: 997 85 1 834 1109 480 449 226 
6	0.0: 973 3 90 832 1087 827 534 355 
6	0.0: 970 60 1 887 800 504 615 453 
6	0.0: 963 15 24 828 1043 616 213 220 
6	0.0: 986 62 1 849 932 743 316 293 
6	0.0: 985 9 1 869 732 643 539 329 
6	0.0: 983 123 11 826 997 626 580 333 
6	0.0: 964 1 1 842 850 590 444 313 
6	0.0: 997 360 1 851 964 672 730 305 
6	0.0: 989 100 1 817 875 574 578 276 
6	0.0: 1002 177 1 873 866 655 645 348 
6	0.0: 985 1 1 887 1149 678 507 349 
6	0.0: 969 1 169 842 1016 614 441 325 
6	0.0: 1004 82 1 869 820 1029 622 350 
6	0.0: 990 35 1 835 924 772 579 244 
6	0.0: 967 1 1 834 842 708 683 264 
6	0.0: 1002 187 22 824 990 894 621 377 
6	0.0: 984 116 4 818 1012 531 402 254 
6	0.0: 1029 239 1 828 989 708 548 263 
6	0.0: 1005 17 56 822 835 561 459 428 
6	0.0: 997 138 29 839 722 714 548 371 
6	0.0: 1001 192 159 876 886 530 609 231 
6	0.0: 998 192 1 835 997 821 840 284 
6	0.0: 997 1 1 842 991 457 611 307 
6	0.0: 968 124 93 815 878 642 839 316 
6	0.0: 1029 1 1 855 1172 533 353 345 
6	0.0: 1002 81 15 874 1095 722 520 360 
6	0.0: 1012 201 1 844 727 850 713 302 
6	0.0: 995 64 1 830 1129 521 649 282 
6	0.0: 995 43 108 843 1035 699 600 260 
6	0.0: 998 54 1 839 962 606 483 343 
6	0.0: 985 22 1 820 756 984 488 334 
6	0.0: 984 51 18 842 1172 666 573 257 
6	0.0: 1005 1 1 838 909 657 523 259 
6	0.0: 955 1 71 838 1125 594 504 293 
6	0.0: 1000 66 1 845 926 934 404 306 
6	0.0: 992 52 1 844 755 540 342 339 
6	0.0: 985 183 1 855 734 774 1015 334 
6	0.0: 982 1 1 801 967 504 575 229 
6	0.0: 990 11 1 838 1044 604 489 335 
6	0.0: 969 200 1 827 921 745 745 392 
6	0.0: 957 1 1 835 983 456 234 362 
6	0.0: 964 1 1 846 1380 711 725 299 
6	0.0: 992 1 1 845 1007 765 574 267 
6	0.0: 982 1 1 837 930 708 678 452 
6	0.0: 997 190 36 860 995 675 688 301 
6	0.0: 998 12 1 834 981 618 856 255 
6	0.0: 1008 130 1 870 1098 886 548 242 
6	0.0: 964 156 40 846 1120 650 547 384 
6	0.0: 991 116 1 856 856 879 521 343 
6	0.0: 1005 17 194 795 971 457 573 259 
6	0.0: 986 46 88 826 1173 614 596 377 
6	0.0: 1022 23 1 857 1051 647 412 292 
6	0.0: 964 1 1 817 1302 655 492 304 
6	0.0: 966 1 1 833 1045 663 563 296 
6	0.0: 1025 188 1 847 728 818 638 291 
6	0.0: 958 1 51 815 830 805 906 344 
6	0.0: 1028 5 189 833 1054 906 392 377 
6	0.0: 982 1 104 850 774 612 148 289 
6	0.0: 986 74 1 853 1018 783 786 265 
6	0.0: 1013 49 120 838 1005 884 430 404 
6	0.0: 989 46 193 812 907 792 793 235 
6	0.0: 1006 26 355 837 1060 676 942 214 
6	0.0: 1004 1 24 850 1270 943 894 432 
6	0.0: 1017 1 1 852 1260 700 546 363 
6	0.0: 967 83 58 836 1055 641 328 357 
6	0.0: 977 104 55 854 1079 1116 584 301 
6	0.0: 973 1 1 842 1132 892 506 229 
6	0.0: 978 1 54 841 1150 457 543 356 
6	0.0: 999 1 1 824 852 816 383 259 
6	0.0: 984 1 239 851 1054 441 366 253 
6	0.0: 977 267 10 865 1015 748 368 356 
6	0.0: 983 60 1 856 916 836 725 369 
6	0.0: 971 1 1 823 1135 613 601 319 
6	0.0: 996 1 1 858 979 435 428 295 
6	0.0: 980 153 20 862 1011 519 640 324 
6	0.0: 944 54 1 825 806 822 724 349 
6	0.0: 986 1 1 809 803 771 577 243 
6	0.0: 979 1 1 849 1060 830 496 344 
6	0.0: 1032 293 353 835 1012 726 675 362 
6	0.0: 948 115 1 851 730 858 877 233 
6	0.0: 953 1 35 872 1056 845 466 284 
6	0.0: 958 66 230 865 1045 731 678 303 
6	0.0: 991 125 1 845 1047 825 887 415 
6	0.0: 1042 37 1 815 837 805 559 315 
6	0.0: 987 1 200 820 1266 872 435 356 
6	0.0: 991 255 143 852 986 986 811 247 
6	0.0: 1023 1 360 823 910 698 825 237 
6	0.0: 996 120 1 832 1120 556 618 334 
6	0.0: 985 211 1 873 934 551 656 272 
6	0.0: 973 82 262 857 920 763 847 225 
6	0.0: 973 1 1 854 1041 873 767 353 
6	0.0: 960 80 1 824 998 645 713 183 
6	0.0: 1011 49 164 838 922 799 395 356 
6	0.0: 983 212 45 831 830 734 708 352 
6	0.0: 989 42 1 831 1014 885 686 327 
6	0.0: 1024 20 18 822 1062 747 685 230 
6	0.0: 1003 225 1 839 962 512 631 283 
6	0.0: 971 1 1 836 889 679 517 221 
6	0.0: 982 1 134 856 897 626 402 213 
6	0.0: 1013 1 128 851 1004 831 293 284 
6	0.0: 969 38 1 823 1220 492 407 321 
6	0.0: 1001 41 1 856 894 697 425 363 
6	0.0: 988 1 1 825 1013 739 703 309 
6	0.0: 1015 198 1 828 606 618 786 378 
6	0.0: 989 200 129 857 901 807 844 377 
6	0.0: 969 244 1 798 1147 948 285 355 
6	0.0: 988 1 21 808 1044 830 445 366 
6	0.0: 973 57 147 851 802 896 489 289 
6	0.0: 984 155 1 849 1201 435 676 280 
6	0.0: 971 1 1 818 718 715 396 345 
6	0.0: 995 186 71 803 825 861 407 268 
6	0.0: 994 78 301 832 587 888 168 328 
6	0.0: 972 105 1 858 727 694 626 304 
6	0.0: 1007 202 1 846 748 641 704 355 
6	0.0: 972 31 1 828 926 695 691 344 
6	0.0: 1002 129 269 829 1014 762 795 470 
6	0.0: 994 55 1 842 879 430 544 382 
6	0.0: 991 35 1 856 1006 726 706 288 
6	0.0: 958 114 25 862 1090 496 378 379 
6	0.0: 1006 1 1 871 1137 668 719 310 
6	0.0: 987 81 1 793 947 650 518 254 
6	0.0: 983 1 136 883 756 747 969 300 
6	0.0: 1001 1 1 844 1255 776 657 309 
6	0.0: 993 19 1 846 1149 792 676 333 
6	0.0: 970 218 94 827 758 829 717 283 
6	0.0: 974 1 1 812 984 639 580 366 
6	0.0: 987 118 1 866 923 850 258 297 
6	0.0: 1026 86 1 806 982 842 337 424 
6	0.0: 964 76 1 810 989 578 1018 316 
6	0.0: 1037 1 1 816 1066 551 475 333 
6	0.0: 976 10 232 827 842 995 641 326 
6	0.0: 1044 113 330 852 1016 784 777 257 
6	0.0: 977 77 149 804 849 550 993 279 
6	0.0: 978 351 157 831 922 812 717 301 
6	0.0: 1032 127 280 798 1026 689 793 355 
6	0.0: 926 1 1 849 1070 868 580 309 
6	0.0: 967 1 3 841 1043 574 512 322 
6	0.0: 1000 325 1 833 940 648 614 312 
6	0.0: 984 1 142 814 1137 586 794 315 
6	0.0: 957 89 194 818 841 926 476 287 
6	0.0: 1014 18 1 855 805 608 524 220 
6	0.0: 977 238 1 817 961 770 519 403 
6	0.0: 989 87 1 802 1073 833 832 346 
6	0.0: 1014 130 1 824 1096 709 266 379 
6	0.0: 959 189 1 838 964 557 608 373 
6	0.0: 954 108 1 837 758 572 507 282 
6	0.0: 1000 120 144 832 994 540 221 288 
6	0.0: 1013 108 150 854 1120 601 579 385 
6	0.0: 970 62 1 854 984 771 651 333 
6	0.0: 975 51 1 886 1106 540 632 381 
6	0.0: 957 177 80 842 847 728 444 302 
6	0.0: 975 156 1 848 903 682 575 340 
6	0.0: 990 118 47 866 873 806 818 401 
6	0.0: 972 14 1 849 996 723 310 356 
6	0.0: 1000 1 202 815 1030 514 546 228 
6	0.0: 985 1 1 829 819 806 177 241 
6	0.0: 969 1 65 825 716 704 276 288 
6	0.0: 967 261 55 839 1099 831 558 278 
6	0.0: 973 1 11 850 994 774 545 278 
6	0.0: 1009 1 1 835 741 807 541 187 
6	0.0: 995 74 96 856 812 883 632 359 
6	0.0: 1020 185 117 877 793 444 441 252 
6	0.0: 1009 1 1 830 1056 816 477 409 
6	0.0: 1003 1 1 828 1116 634 398 256 
6	0.0: 1000 210 1 845 1134 721 259 385 
6	0.0: 1014 64 42 850 830 764 700 329 
6	0.0: 993 1 282 824 937 627 942 198 
6	0.0: 990 1 17 859 892 796 634 323 
6	0.0: 1005 33 1 868 957 732 757 380 
6	0.0: 971 46 149 858 1046 760 636 350 
6	0.0: 995 259 1 848 1018 752 285 374 
6	0.0: 971 101 18 815 967 873 628 305 
6	0.0: 994 79 222 811 877 720 391 505 
6	0.0: 995 65 1 823 936 718 666 147 
6	0.0: 979 240 1 858 960 718 495 311 
6	0.0: 1007 135 56 815 1046 470 791 322 
6	0.0: 1010 265 31 833 850 750 420 418 
6	0.0: 996 1 263 854 1107 549 617 253 
6	0.0: 987 172 87 849 527 609 754 295 
6	0.0: 983 120 1 819 711 613 498 337 
6	0.0: 961 1 1 854 977 523 829 333 
6	0.0: 984 177 88 835 974 648 435 265 
6	0.0: 1024 81 33 828 1052 780 855 289 
6	0.0: 993 18 1 824 890 659 566 288 
6	0.0: 990 111 264 835 929 715 522 437 
6	0.0: 987 202 304 844 1119 594 553 332 
6	0.0: 962 1 1 860 727 555 648 419 
6	0.0: 973 25 1 846 855 593 716 225 
6	0.0: 944 50 124 828 972 775 401 264 
6	0.0: 968 123 168 839 940 661 1240 349 
6	0.0: 975 4 1 844 1055 539 734 334 
6	0.0: 955 30 1 846 999 672 573 413 
6	0.0: 972 27 1 858 1218 401 474 354 
6	0.0: 962 29 127 867 1080 691 841 392 
6	0.0: 1018 28 1 842 929 888 456 357 
6	0.0: 986 1 1 810 992 480 503 380 
6	0.0: 986 206 1 838 776 437 695 275 
6	0.0: 999 207 1 819 1021 712 564 266 
6	0.0: 961 55 94 814 1055 585 685 200 
6	0.0: 1007 68 1 827 1028 667 695 381 
6	0.0: 1029 1 53 827 1069 696 360 327 
6	0.0: 1018 20 110 810 921 759 447 324 
6	0.0: 989 12 1 827 1061 374 700 285 
6	0.0: 986 98 1 838 783 633 587 360 
6	0.0: 962 1 39 851 826 926 528 354 
6	0.0: 990 1 1 848 1258 638 521 308 
6	0.0: 1026 1 1 871 813 665 475 312 
6	0.0: 1006 145 62 855 955 699 633 374 
6	0.0: 971 126 1 852 800 631 555 422 
6	0.0: 1032 1 1 841 988 774 357 424 
6	0.0: 978 55 55 821 972 620 560 395 
6	0.0: 970 121 148 852 800 668 322 194 
6	0.0: 999 156 127 856 1102 756 458 349 
6	0.0: 946 156 1 837 887 744 731 383 
6	0.0: 970 1 1 826 890 597 728 352 
6	0.0: 991 185 1 837 795 706 551 404 
6	0.0: 986 151 313 825 957 693 720 364 
6	0.0: 996 231 1 837 878 457 528 355 
6	0.0: 965 132 1 837 1036 579 551 319 
6	0.0: 965 20 291 838 884 626 742 331 
6	0.0: 1001 1 1 826 971 702 213 278 
6	0.0: 981 223 96 840 812 609 864 400 
6	0.0: 976 76 98 862 1096 433 546 301 
6	0.0: 972 95 1 893 899 646 664 266 
6	0.0: 968 86 95 851 783 614 332 302 
6	0.0: 989 1 1 816 839 458 502 334 
6	0.0: 988 1 1 811 985 775 614 387 
6	0.0: 983 33 1 817 922 660 367 310 
6	0.0: 982 1 1 845 880 536 322 305 
6	0.0: 984 61 204 859 1018 748 746 241 
6	0.0: 968 7 32 852 780 522 568 356 
6	0.0: 938 1 207 847 912 665 607 304 
6	0.0: 983 191 1 853 1146 768 471 298 
6	0.0: 976 115 2 826 877 526 770 269 
6	0.0: 975 113 35 805 997 515 773 254 
6	0.0: 996 91 1 856 951 745 124 249 
6	0.0: 993 135 24 816 928 563 511 288 
6	0.0: 979 261 1 836 1089 710 611 306 
6	0.0: 997 1 165 854 962 690 764 220 
6	0.0: 971 43 1 857 1140 536 567 293 
6	0.0: 1009 284 1 878 1044 645 900 268 
6	0.0: 991 1 103 869 1175 525 846 334 
6	0.0: 1001 62 26 875 807 740 734 284 
6	0.0: 965 158 1 845 1021 651 640 294 
6	0.0: 998 82 1 842 1099 921 490 372 
6	0.0: 995 1 239 855 1033 714 795 283 
6	0.0: 963 111 1 869 961 935 158 295 
6	0.0: 976 260 1 802 915 661 488 256 
6	0.0: 971 56 1 843 910 402 460 235 
6	0.0: 1002 184 1 881 623 680 949 153 
6	0.0: 977 23 43 849 986 528 386 433 
6	0.0: 969 206 1 828 1061 841 775 337 
6	0.0: 990 1 89 827 1141 816 540 400 
6	0.0: 988 101 25 790 1017 478 587 387 
6	0.0: 984 143 6 860 957 757 257 316 
6	0.0: 958 216 1 874 1005 515 666 359 
6	0.0: 1016 254 1 864 932 749 973 252 
6	0.0: 1011 1 1 827 1107 797 559 299 
6	0.0: 987 6 1 825 883 642 702 265 
6	0.0: 969 1 115 788 991 647 579 325 
6	0.0: 991 3 1 859 1000 647 458 252 
6	0.0: 983 130 70 833 887 842 642 255 
6	0.0: 974 1 163 876 1213 669 641 335 
6	0.0: 1006 1 55 837 993 703 489 333 
6	0.0: 1010 6 37 874 1122 616 679 349 
6	0.0: 998 55 80 830 976 403 701 301 
6	0.0: 994 1 1 826 1118 502 737 374 
6	0.0: 997 1 81 836 935 684 430 421 
6	0.0: 970 128 1 849 1068 784 684 281 
6	0.0: 998 20 1 826 908 791 528 345 
6	0.0: 993 7 1 833 1016 616 698 524 
6	0.0: 1001 1 248 848 1174 787 449 422 
6	0.0: 1006 163 1 850 748 692 551 316 
6	0.0: 940 42 147 847 962 635 589 309 
6	0.0: 994 17 1 824 878 817 617 295 
6	0.0: 995 1 8 817 811 572 354 278 
6	0.0: 993 22 1 811 953 574 400 247 
6	0.0: 1002 1 80 810 1055 507 954 290 
6	0.0: 998 249 182 853 906 671 502 247 
6	0.0: 1009 161 1 833 1007 823 692 396 
6	0.0: 952 63 1 880 1038 812 811 278 
6	0.0: 998 114 73 836 1050 901 743 347 
6	0.0: 992 101 1 843 966 403 749 288 
6	0.0: 978 298 42 818 850 782 638 241 
6	0.0: 972 1 40 824 1262 600 552 335 
6	0.0: 1029 1 1 843 917 721 519 266 
6	0.0: 994 166 1 843 885 802 507 288 
6	0.0: 955 101 1 846 918 673 881 335 
6	0.0: 1007 52 132 844 837 761 626 380 
6	0.0: 992 52 1 847 1026 898 689 372 
6	0.0: 996 58 118 808 928 845 572 230 
6	0.0: 974 215 75 838 1064 540 579 325 
6	0.0: 983 140 64 854 1026 657 492 360 
6	0.0: 990 74 167 857 983 769 574 389 
6	0.0: 972 149 1 813 1045 703 483 325 
6	0.0: 968 1 1 809 1022 812 836 411 
6	0.0: 979 271 1 846 927 725 629 352 
6	0.0: 918 180 1 873 873 656 428 228 
6	0.0: 999 193 1 827 940 814 315 252 
6	0.0: 963 1 194 854 1030 664 608 356 
6	0.0: 1002 1 1 824 911 836 715 282 
6	0.0: 981 155 1 824 976 645 744 363 
6	0.0: 996 86 201 821 828 874 706 286 
6	0.0: 1031 144 1 828 946 804 622 390 
6	0.0: 984 234 1 847 1005 597 441 326 
6	0.0: 992 182 112 809 879 821 473 240 
6	0.0: 968 150 63 844 1183 739 282 382 
6	0.0: 985 1 1 845 874 640 551 250 
6	0.0: 993 110 1 830 1028 786 482 259 
6	0.0: 1010 1 97 826 880 568 434 371 
6	0.0: 1015 66 1 813 946 770 383 335 
6	0.0: 1008 162 90 822 769 692 636 230 
6	0.0: 1006 178 68 823 1149 857 914 283 
6	0.0: 959 194 9 832 928 789 603 332 
6	0.0: 956 59 102 831 1123 707 601 427 
6	0.0: 997 199 123 885 1114 628 587 324 
6	0.0: 989 24 41 833 968 531 685 320 
6	0.0: 985 91 1 797 894 762 591 386 
6	0.0: 996 126 193 833 1155 632 329 389 
6	0.0: 978 68 1 826 874 715 446 317 
6	0.0: 981 25 1 842 868 661 590 269 
6	0.0: 1028 71 1 837 1018 508 529 397 
6	0.0: 969 284 33 804 954 562 681 201 
6	0.0: 990 219 262 787 834 759 786 249 
6	0.0: 1017 44 1 826 790 545 753 310 
6	0.0: 1000 144 1 865 1004 853 565 339 
6	0.0: 1022 123 1 831 787 854 379 234 
6	0.0: 985 1 1 853 1036 713 400 314 
6	0.0: 999 1 1 841 1079 961 632 343 
6	0.0: 989 1 38 886 669 825 505 233 
6	0.0: 1032 33 1 841 999 622 756 366 
6	0.0: 994 152 24 837 886 659 558 271 
6	0.0: 1002 74 1 857 962 852 311 186 
6	0.0: 994 158 1 835 1138 901 322 400 
6	0.0: 996 1 1 841 989 446 647 338 
6	0.0: 1000 36 21 852 808 547 337 335 
6	0.0: 998 156 1 843 1092 634 423 380 
6	0.0: 1024 183 1 853 962 837 553 293 
6	0.0: 1004 1 46 852 907 621 434 299 
6	0.0: 975 80 58 822 936 569 736 249 
6	0.0: 982 38 1 840 840 761 336 346 
6	0.0: 985 282 1 846 865 836 460 375 
6	0.0: 978 72 285 850 1196 615 724 451 
6	0.0: 998 1 1 863 1004 728 591 330 
6	0.0: 987 142 1 836 811 700 399 319 
6	0.0: 971 63 4 821 1015 614 538 438 
6	0.0: 1002 175 1 824 899 599 109 417 
6	0.0: 990 1 255 827 835 838 725 288 
6	0.0: 1014 1 1 847 859 617 621 364 
6	0.0: 933 1 14 807 954 642 540 390 
6	0.0: 992 4 1 817 1005 773 735 277 
6	0.0: 1002 108 1 839 1016 886 703 316 
6	0.0: 1010 173 12 814 762 444 380 249 
6	0.0: 985 223 108 835 890 584 417 361 
6	0.0: 1016 1 1 842 902 830 875 257 
6	0.0: 1014 53 1 839 1118 585 839 284 
6	0.0: 968 221 1 841 1115 601 493 358 
6	0.0: 1001 1 1 857 865 741 590 228 
6	0.0: 997 1 1 827 958 961 562 327 
6	0.0: 986 1 104 837 871 630 736 173 
6	0.0: 990 2 1 856 844 783 718 337 
6	0.0: 1036 8 209 863 1126 819 485 309 
6	0.0: 1002 191 8 854 924 570 471 268 
6	0.0: 994 156 1 857 995 688 541 420 
6	0.0: 983 300 39 870 984 736 451 206 
6	0.0: 974 1 1 834 789 718 435 403 
6	0.0: 989 1 37 823 873 544 406 212 
6	0.0: 991 44 1 811 1162 713 626 236 
6	0.0: 1014 73 95 842 1019 647 497 322 
6	0.0: 971 101 195 825 1035 698 794 387 
6	0.0: 1003 1 1 839 1027 634 513 247 
6	0.0: 993 54 129 832 915 827 871 382 
6	0.0: 1006 275 217 856 960 949 462 291 
6	0.0: 993 24 1 854 886 769 902 368 
6	0.0: 964 222 1 824 764 612 656 329 
6	0.0: 978 263 12 891 738 530 305 319 
6	0.0: 1004 201 108 844 951 904 587 296 
6	0.0: 991 51 1 824 1047 721 437 446 
6	0.0: 987 58 1 827 962 748 615 338 
6	0.0: 1009 1 185 827 987 597 112 314 
6	0.0: 997 56 188 834 889 844 678 306 
6	0.0: 994 266 330 829 790 354 559 292 
6	0.0: 965 1 1 851 849 938 953 244 
6	0.0: 969 53 52 859 1167 780 546 358 
6	0.0: 1024 182 1 847 1032 740 859 162 
6	0.0: 1016 24 54 855 1009 766 510 320 
6	0.0: 977 106 230 839 862 868 208 298 
6	0.0: 972 80 1 832 1134 712 674 296 
6	0.0: 991 66 114 879 731 766 607 279 
6	0.0: 985 71 1 815 1050 690 622 222 
6	0.0: 967 117 1 837 949 772 674 364 
6	0.0: 977 99 1 849 1072 651 399 370 
6	0.0: 978 167 1 850 1032 790 565 252 
6	0.0: 985 243 1 842 861 679 663 296 
6	0.0: 998 122 123 854 781 812 539 289 
6	0.0: 947 1 1 832 1072 735 300 297 
6	0.0: 998 230 1 868 929 713 415 440 
6	0.0: 1009 1 1 846 878 768 587 382 
6	0.0: 977 171 1 815 1326 585 605 360 
6	0.0: 997 1 1 833 766 652 591 270 
6	0.0: 989 106 127 858 875 840 601 259 
6	0.0: 987 144 1 842 992 676 463 260 
6	0.0: 985 1 453 850 911 577 679 281 
6	0.0: 1005 1 31 853 1100 603 269 210 
6	0.0: 978 111 1 806 922 606 753 266 
6	0.0: 977 21 1 823 1048 682 761 372 
6	0.0: 988 50 104 837 886 729 1098 374 
6	0.0: 991 1 162 814 1046 763 412 291 
6	0.0: 994 1 193 827 1041 576 410 339 
6	0.0: 985 62 1 835 913 740 345 145 
6	0.0: 982 125 202 859 897 953 640 344 
6	0.0: 1010 1 77 839 713 884 440 278 
6	0.0: 979 1 1 828 885 711 381 347 
6	0.0: 990 1 136 820 1045 591 673 302 
6	0.0: 986 260 1 849 1025 813 378 378 
6	0.0: 999 42 1 843 1387 607 340 408 
6	0.0: 1008 1 1 844 862 928 476 239 
6	0.0: 969 1 1 845 775 547 605 326 
6	0.0: 997 69 17 810 1040 660 536 380 
6	0.0: 980 26 58 868 920 625 277 400 
6	0.0: 979 231 69 873 1078 704 740 321 
6	0.0: 964 127 1 852 1107 749 464 386 
6	0.0: 978 1 1 845 979 621 587 332 
6	0.0: 998 339 41 836 963 880 574 297 
6	0.0: 1009 164 93 840 926 820 363 278 
6	0.0: 1003 359 218 822 908 815 553 332 
6	0.0: 1017 27 1 851 1045 849 60 235 
6	0.0: 988 7 42 840 1114 807 466 395 
6	0.0: 1021 1 1 838 1111 720 577 271 
6	0.0: 959 166 1 815 1026 641 592 372 
6	0.0: 963 43 187 845 761 743 407 181 
6	0.0: 999 79 1 828 869 555 528 408 
6	0.0: 1018 199 1 848 701 625 563 283 
6	0.0: 1018 17 1 849 1261 739 510 351 
6	0.0: 981 44 1 854 917 678 673 244 
6	0.0: 991 1 1 816 681 636 594 237 
6	0.0: 970 1 130 872 837 852 662 294 
6	0.0: 987 155 1 851 1076 939 689 386 
6	0.0: 1004 129 1 820 910 904 499 250 
6	0.0: 999 64 64 829 981 794 524 269 
6	0.0: 1004 62 1 826 1177 769 500 336 
6	0.0: 969 235 81 851 843 579 693 390 
6	0.0: 998 1 46 842 727 657 532 360 
6	0.0: 990 114 1 833 1017 374 809 244 
6	0.0: 1017 107 97 858 937 736 854 174 
6	0.0: 983 152 1 825 879 853 363 311 
6	0.0: 986 21 119 842 835 729 490 252 
6	0.0: 985 151 1 841 1000 631 798 270 
6	0.0: 994 1 203 827 1050 686 437 345 
6	0.0: 952 1 149 822 1240 540 356 326 
6	0.0: 976 158 1 860 964 801 612 310 
6	0.0: 997 1 125 837 1054 782 708 261 
6	0.0: 1002 234 60 835 1052 595 868 336 
6	0.0: 979 109 61 817 899 657 680 242 
6	0.0: 1006 217 1 853 983 740 650 404 
6	0.0: 1003 149 12 820 1067 625 929 311 
6	0.0: 1002 48 1 852 1001 605 691 409 
6	0.0: 1015 1 76 834 988 818 752 341 
6	0.0: 985 9 1 814 1230 620 514 362 
6	0.0: 964 94 1 843 1138 653 728 404 
6	0.0: 963 168 1 828 871 777 571 347 
6	0.0: 950 32 190 805 995 726 694 267 
6	0.0: 1007 276 138 802 839 770 605 294 
6	0.0: 964 54 1 830 912 662 652 216 
6	0.0: 1017 99 316 849 753 700 443 330 
6	0.0: 976 25 1 818 1003 665 410 292 
6	0.0: 977 95 201 820 942 668 806 407 
6	0.0: 960 62 1 840 955 817 341 230 
6	0.0: 1015 66 1 860 756 644 510 327 
6	0.0: 998 48 1 860 720 657 711 221 
6	0.0: 995 181 49 839 914 850 371 348 
6	0.0: 981 1 6 838 1000 794 800 337 
6	0.0: 987 130 10 824 891 611 736 363 
6	0.0: 961 103 197 885 872 727 400 349 
6	0.0: 1005 111 361 826 989 801 661 282 
6	0.0: 1008 149 48 805 910 570 534 387 
6	0.0: 1021 99 208 859 918 796 817 427 
6	0.0: 956 111 278 838 1060 477 477 329 
6	0.0: 982 1 1 826 1067 673 611 235 
6	0.0: 1001 61 1 823 689 448 554 175 
6	0.0: 994 14 1 841 940 715 544 332 
6	0.0: 1007 52 1 841 1097 526 493 192 
6	0.0: 1003 196 1 813 767 531 434 233 
6	0.0: 995 1 286 836 779 769 648 221 
6	0.0: 985 1 1 855 1156 711 675 333 
6	0.0: 975 62 1 862 971 592 212 226 
6	0.0: 985 171 93 812 1292 761 665 302 
6	0.0: 979 119 1 840 817 834 671 342 
6	0.0: 1031 137 1 853 1020 664 700 327 
6	0.0: 984 1 1 838 919 661 760 286 
6	0.0: 999 146 1 850 1065 768 998 278 
6	0.0: 992 15 52 825 878 796 715 291 
6	0.0: 979 1 1 866 1118 721 447 288 
6	0.0: 982 6 247 834 1012 533 593 400 
6	0.0: 976 210 131 839 1151 842 1027 276 
6	0.0: 993 1 226 846 1122 775 730 279 
6	0.0: 963 267 1 836 895 375 471 335 
6	0.0: 995 190 29 828 1242 619 710 418 
6	0.0: 964 20 68 847 1108 573 411 305 
6	0.0: 976 129 61 858 1077 586 574 316 
6	0.0: 978 12 202 831 980 622 585 288 
6	0.0: 1011 1 1 832 1232 672 536 362 
6	0.0: 988 1 219 878 914 722 609 330 
6	0.0: 1015 86 49 841 1103 632 499 337 
6	0.0: 1003 178 1 830 1188 714 807 400 
6	0.0: 992 36 1 817 1105 614 750 321 
6	0.0: 966 206 64 854 1005 810 374 437 
6	0.0: 1022 1 19 840 1091 603 168 370 
6	0.0: 988 73 1 835 781 831 752 218 
6	0.0: 1041 199 153 835 822 771 637 369 
6	0.0: 1006 23 121 843 1113 674 339 415 
6	0.0: 993 1 1 854 1124 781 866 362 
6	0.0: 1020 68 144 806 1126 485 715 390 
6	0.0: 970 49 52 816 850 628 385 286 
6	0.0: 971 1 1 867 1033 655 641 319 
6	0.0: 985 45 67 862 1165 791 362 334 
6	0.0: 992 1 1 859 927 691 545 340 
6	0.0: 1000 48 102 829 851 769 509 359 
6	0.0: 990 179 1 841 737 487 875 396 
6	0.0: 965 150 1 872 900 644 522 264 
6	0.0: 1002 1 1 847 859 603 341 291 
6	0.0: 977 168 1 863 738 712 431 300 
6	0.0: 959 1 103 851 1094 591 413 345 
6	0.0: 1042 273 145 816 519 709 489 363 
6	0.0: 979 202 1 858 1053 904 725 307 
6	0.0: 964 162 11 843 974 811 622 376 
6	0.0: 994 35 1 868 922 655 238 424 
6	0.0: 978 1 48 851 990 758 863 337 
6	0.0: 979 17 18 845 839 468 601 272 
6	0.0: 978 244 1 848 994 651 639 397 
6	0.0: 1025 242 95 847 743 778 485 292 
6	0.0: 978 92 142 833 894 598 823 211 
6	0.0: 989 136 1 826 853 437 781 265 
6	0.0: 998 1 1 842 912 851 571 268 
6	0.0: 1043 89 215 852 745 670 897 365 
6	0.0: 992 1 214 857 1223 680 397 324 
6	0.0: 978 103 166 829 1079 705 585 283 
6	0.0: 975 1 46 855 1047 496 756 341 
6	0.0: 1006 86 195 832 837 729 570 271 
6	0.0: 1025 164 4 830 1001 803 759 351 
6	0.0: 994 1 1 805 1122 518 241 452 
6	0.0: 981 65 1 837 1075 623 568 348 
6	0.0: 968 9 1 881 803 799 331 265 
6	0.0: 996 26 1 828 907 961 273 261 
6	0.0: 983 182 1 830 979 599 658 415 
6	0.0: 988 90 1 839 1237 487 1 373 
6	0.0: 969 7 1 857 1128 681 257 266 
6	0.0: 996 1 115 860 891 736 198 196 
6	0.0: 1004 151 159 828 913 773 599 350 
6	0.0: 975 309 322 823 1140 605 587 377 
6	0.0: 1005 147 12 851 1032 753 580 296 
6	0.0: 979 201 232 821 964 327 404 378 
6	0.0: 988 210 29 848 755 568 763 354 
6	0.0: 977 75 1 837 935 671 648 350 
6	0.0: 997 76 1 825 1082 617 492 380 
6	0.0: 1002 158 1 831 1139 775 527 354 
6	0.0: 977 135 1 854 966 818 419 311 
6	0.0: 1009 144 1 896 957 772 643 375 
6	0.0: 974 14 232 847 1113 721 634 289 
6	0.0: 1024 13 1 837 1149 607 549 341 
6	0.0: 1006 110 113 789 840 713 544 300 
6	0.0: 982 245 1 848 899 689 604 247 
6	0.0: 999 1 1 850 897 693 691 393 
6	0.0: 970 127 1 837 943 758 699 286 
6	0.0: 970 1 29 841 1119 721 902 339 
6	0.0: 983 1 1 818 1201 612 602 244 
6	0.0: 983 68 198 859 1050 718 806 380 
6	0.0: 995 222 1 866 1003 496 531 428 
6	0.0: 984 90 130 800 839 486 498 398 
6	0.0: 981 291 1 839 1061 715 584 262 
6	0.0: 993 75 1 833 935 922 286 322 
6	0.0: 999 25 1 825 860 878 788 398 
6	0.0: 955 267 221 847 897 701 490 371 
6	0.0: 1000 181 1 813 810 905 825 233 
6	0.0: 1007 9 1 845 995 350 550 340 
6	0.0: 1003 225 1 850 849 574 433 307 
6	0.0: 990 52 190 831 982 1145 518 296 
6	0.0: 968 51 1 827 904 659 594 378 
6	0.0: 974 1 1 814 1004 568 474 369 
6	0.0: 974 1 2 818 875 712 493 348 
6	0.0: 998 148 51 851 737 669 477 378 
6	0.0: 996 69 47 800 1112 805 627 309 
6	0.0: 1031 106 297 830 845 630 295 337 
6	0.0: 981 1 1 867 985 644 435 340 
6	0.0: 957 130 178 853 791 901 666 317 
6	0.0: 986 72 130 843 1015 741 763 348 
