2	0.0: 539 729 916 855 115 936 565 533 
2	0.0: 574 744 1001 745 53 925 605 531 
4	0.0: 587 751 1003 920 1 931 279 384 
2	0.0: 578 749 963 883 48 904 610 346 
2	0.0: 503 866 976 1157 1 912 601 436 
2	0.0: 606 737 949 1082 1 910 589 427 
2	0.0: 542 799 997 1125 1 959 563 447 
2	0.0: 553 632 971 1122 1 944 636 471 
2	0.0: 567 912 937 985 74 918 550 482 
2	0.0: 508 395 970 1157 262 939 687 479 
2	0.0: 605 800 1010 746 42 898 697 396 
2	0.0: 554 686 928 782 1 925 693 360 
2	0.0: 581 904 848 762 9 918 920 549 
2	0.0: 538 604 946 751 107 945 735 257 
4	0.0: 550 690 910 933 154 929 327 714 
2	0.0: 545 907 925 959 1 944 575 752 
2	0.0: 601 683 931 784 64 932 666 361 
2	0.0: 511 600 939 796 1 921 724 670 
2	0.0: 565 880 894 811 1 921 553 418 
2	0.0: 578 919 919 972 1 948 554 642 
2	0.0: 532 820 948 733 12 936 648 585 
2	0.0: 581 352 883 955 1 930 665 640 
2	0.0: 527 835 846 784 1 926 715 631 
2	0.0: 513 684 958 915 150 921 623 375 
2	0.0: 596 834 966 829 106 916 640 395 
2	0.0: 519 681 973 956 21 928 845 211 
2	0.0: 590 647 950 902 142 922 721 657 
2	0.0: 559 454 993 937 7 955 552 561 
2	0.0: 531 948 995 796 118 936 751 615 
2	0.0: 525 670 945 1233 7 962 634 244 
2	0.0: 537 810 959 985 1 912 615 716 
2	0.0: 513 440 993 998 1 937 603 131 
2	0.0: 540 679 975 967 182 945 603 325 
2	0.0: 544 865 991 881 19 911 699 361 
2	0.0: 564 624 957 739 48 902 666 216 
2	0.0: 512 798 926 753 1 957 684 426 
2	0.0: 508 735 926 976 1 940 573 477 
2	0.0: 565 638 1048 846 4 925 640 473 
2	0.0: 487 525 939 850 100 916 664 532 
2	0.0: 567 452 912 983 1 901 601 423 
2	0.0: 562 608 893 1103 68 932 657 427 
2	0.0: 450 663 1016 858 22 916 469 333 
2	0.0: 594 604 964 880 1 910 599 453 
2	0.0: 527 492 974 923 67 926 782 731 
2	0.0: 521 713 985 795 186 921 697 497 
2	0.0: 500 601 953 860 1 908 472 389 
2	0.0: 590 578 981 625 1 918 694 119 
5	0.0: 558 711 931 961 20 954 465 849 
2	0.0: 512 435 918 752 385 898 536 326 
2	0.0: 590 514 947 866 160 918 766 340 
2	0.0: 584 712 925 748 53 943 627 629 
2	0.0: 581 317 970 922 1 962 614 585 
2	0.0: 534 723 864 771 63 888 626 392 
2	0.0: 515 445 894 839 1 938 630 619 
2	0.0: 433 770 924 1012 24 931 670 295 
2	0.0: 560 776 1018 805 69 915 545 487 
2	0.0: 624 812 951 846 1 936 477 360 
2	0.0: 538 954 1030 871 1 931 707 748 
2	0.0: 553 326 924 1085 34 954 610 528 
2	0.0: 525 637 905 751 19 955 517 496 
2	0.0: 532 854 969 641 1 920 736 601 
5	0.0: 559 567 870 1097 88 913 574 605 
2	0.0: 495 909 961 804 1 934 504 519 
2	0.0: 604 130 975 807 1 927 745 421 
2	0.0: 480 572 961 976 148 934 603 359 
2	0.0: 525 668 1007 808 137 936 540 488 
2	0.0: 569 591 972 1074 6 901 679 509 
4	0.0: 552 634 900 1029 83 920 461 462 
2	0.0: 658 714 936 1027 1 945 511 636 
2	0.0: 543 543 959 906 30 911 611 628 
2	0.0: 585 487 943 855 140 923 419 506 
2	0.0: 550 522 1008 986 21 948 637 649 
2	0.0: 623 985 1046 990 1 929 632 469 
2	0.0: 590 691 959 1126 1 946 593 753 
2	0.0: 524 616 967 962 11 920 446 415 
2	0.0: 538 978 1049 731 1 943 752 526 
4	0.0: 584 798 1015 1175 144 924 566 544 
2	0.0: 506 477 981 858 85 899 606 388 
2	0.0: 523 846 975 797 19 936 620 533 
2	0.0: 542 758 955 760 1 944 633 664 
2	0.0: 606 699 1018 1002 1 940 550 291 
2	0.0: 566 786 908 596 62 927 728 661 
2	0.0: 540 711 905 951 65 914 580 682 
2	0.0: 556 646 902 695 1 937 653 519 
5	0.0: 518 727 796 1053 60 933 526 783 
2	0.0: 528 717 1019 665 1 909 699 636 
4	0.0: 527 614 930 818 151 918 397 701 
2	0.0: 530 649 928 930 62 954 453 545 
2	0.0: 474 570 931 1329 170 916 780 394 
2	0.0: 528 570 939 802 41 942 767 635 
2	0.0: 605 942 944 860 17 920 494 526 
2	0.0: 614 761 948 936 53 968 590 586 
2	0.0: 512 778 989 922 198 945 521 558 
5	0.0: 554 373 918 961 232 933 648 735 
2	0.0: 531 376 908 1210 1 937 671 520 
2	0.0: 516 789 950 953 1 961 603 579 
2	0.0: 556 748 891 868 1 931 597 561 
2	0.0: 531 444 965 775 1 956 573 241 
2	0.0: 494 613 962 927 35 930 701 650 
2	0.0: 574 478 958 1041 69 933 720 279 
2	0.0: 548 836 972 1057 116 949 717 487 
2	0.0: 602 492 973 1044 75 911 620 458 
2	0.0: 526 730 1006 554 205 956 752 496 
2	0.0: 542 694 941 740 57 946 488 799 
2	0.0: 533 390 964 1002 81 909 644 338 
2	0.0: 615 591 1023 838 177 911 598 665 
2	0.0: 562 829 887 955 210 921 806 580 
2	0.0: 533 726 964 813 23 954 550 536 
2	0.0: 529 701 963 1031 72 921 470 239 
2	0.0: 595 636 1010 1118 1 943 670 531 
2	0.0: 575 552 986 725 10 914 525 337 
2	0.0: 503 968 910 846 4 974 545 585 
2	0.0: 546 345 976 992 16 932 492 357 
2	0.0: 576 575 979 860 104 913 712 556 
2	0.0: 534 924 953 619 1 976 521 493 
2	0.0: 600 818 938 1110 77 939 720 635 
2	0.0: 630 697 958 945 123 894 679 260 
2	0.0: 582 484 1036 879 42 935 621 378 
2	0.0: 545 776 981 821 113 887 705 474 
5	0.0: 524 834 892 1186 54 958 555 605 
2	0.0: 525 811 915 1025 1 946 654 369 
2	0.0: 619 556 1006 721 1 935 803 261 
2	0.0: 586 579 974 890 238 942 391 360 
2	0.0: 559 1109 1009 1002 254 938 536 339 
2	0.0: 530 598 957 1097 1 934 545 443 
2	0.0: 554 584 888 864 88 900 456 156 
2	0.0: 541 679 942 990 1 949 662 121 
2	0.0: 606 959 871 902 1 905 533 534 
5	0.0: 543 760 848 930 125 937 436 753 
2	0.0: 505 1061 1003 888 1 910 749 188 
2	0.0: 475 741 915 922 124 932 553 363 
2	0.0: 556 910 940 767 120 922 738 495 
2	0.0: 549 729 953 861 1 895 744 367 
2	0.0: 570 450 998 995 1 924 733 439 
2	0.0: 581 1008 1026 932 228 938 621 234 
2	0.0: 500 719 1002 792 1 926 840 416 
2	0.0: 533 748 879 893 1 914 685 631 
2	0.0: 557 858 994 694 80 960 718 281 
2	0.0: 595 676 937 1022 1 914 492 343 
2	0.0: 552 572 944 1016 1 943 608 587 
2	0.0: 589 896 923 931 42 938 659 594 
2	0.0: 600 757 974 968 1 906 720 492 
2	0.0: 523 654 966 782 1 914 633 531 
2	0.0: 566 858 889 1047 30 924 606 490 
2	0.0: 531 691 897 880 23 922 631 506 
4	0.0: 549 403 995 1146 66 931 509 574 
2	0.0: 498 727 928 1067 1 927 649 780 
2	0.0: 546 1140 986 1047 1 912 550 749 
2	0.0: 534 756 928 903 1 939 635 457 
2	0.0: 499 666 1012 850 67 937 449 414 
2	0.0: 546 577 973 838 89 910 512 544 
2	0.0: 534 732 933 749 148 902 651 134 
2	0.0: 530 577 910 821 1 866 681 754 
2	0.0: 543 496 971 805 40 939 703 347 
5	0.0: 538 394 947 1122 119 910 756 770 
2	0.0: 534 669 913 816 1 917 583 294 
2	0.0: 583 377 983 842 1 926 443 493 
2	0.0: 468 662 891 679 68 955 695 429 
2	0.0: 593 873 871 1136 64 930 524 356 
2	0.0: 541 708 992 810 1 948 570 366 
2	0.0: 553 677 954 781 1 956 665 218 
2	0.0: 547 493 902 1130 1 932 681 225 
2	0.0: 510 737 979 825 63 917 702 410 
2	0.0: 500 536 959 1008 1 899 762 547 
2	0.0: 554 617 975 807 128 959 677 609 
5	0.0: 600 667 840 880 198 945 585 717 
2	0.0: 559 935 1076 964 93 898 835 186 
4	0.0: 523 594 941 1109 135 926 475 601 
2	0.0: 571 680 1039 849 72 914 385 214 
2	0.0: 556 576 985 815 1 942 648 436 
2	0.0: 540 412 957 778 1 928 672 276 
2	0.0: 573 915 1076 1030 177 945 753 566 
2	0.0: 542 679 1003 688 1 914 548 625 
2	0.0: 496 698 985 963 184 939 762 110 
2	0.0: 572 865 974 866 105 941 436 448 
2	0.0: 540 937 929 984 67 911 649 437 
2	0.0: 529 888 967 647 131 909 504 619 
2	0.0: 527 753 962 877 1 900 776 314 
2	0.0: 507 767 930 825 50 930 822 354 
2	0.0: 511 930 945 1168 1 902 950 502 
2	0.0: 496 461 1012 875 1 924 486 483 
2	0.0: 536 606 1049 836 49 927 531 373 
5	0.0: 533 687 900 1095 72 943 695 671 
2	0.0: 517 523 953 886 115 955 560 448 
2	0.0: 547 525 928 839 1 928 866 690 
2	0.0: 634 760 916 729 1 909 586 460 
2	0.0: 534 760 929 1080 1 888 715 723 
2	0.0: 541 680 995 1152 1 947 838 617 
2	0.0: 550 493 1022 489 1 949 689 660 
2	0.0: 610 694 1012 981 83 930 475 615 
2	0.0: 533 746 919 892 60 938 462 625 
2	0.0: 592 293 861 814 1 927 765 620 
2	0.0: 480 816 949 946 1 922 489 443 
2	0.0: 534 666 969 973 1 903 604 635 
2	0.0: 572 917 934 798 119 932 671 590 
2	0.0: 546 647 1028 822 12 902 616 361 
2	0.0: 555 444 1002 961 90 935 479 423 
2	0.0: 517 763 969 854 1 937 510 340 
2	0.0: 520 635 880 891 35 931 416 361 
2	0.0: 565 1111 952 802 68 902 544 356 
2	0.0: 522 487 976 752 1 943 549 461 
2	0.0: 586 708 996 784 116 935 736 724 
4	0.0: 488 587 946 1124 150 955 514 576 
2	0.0: 518 421 941 963 112 900 529 187 
4	0.0: 481 768 1021 885 151 944 478 548 
2	0.0: 528 820 991 1006 109 934 821 664 
2	0.0: 556 676 983 1034 1 925 605 324 
2	0.0: 546 697 873 901 77 951 614 728 
2	0.0: 562 572 1015 866 43 929 652 246 
2	0.0: 577 858 956 703 1 925 563 548 
2	0.0: 527 721 988 711 1 939 671 322 
2	0.0: 516 702 984 981 1 924 663 510 
2	0.0: 575 716 971 755 1 947 754 523 
2	0.0: 610 453 977 812 1 935 767 675 
2	0.0: 504 804 1064 1161 1 925 636 294 
5	0.0: 569 829 976 1085 231 925 580 702 
2	0.0: 559 809 907 787 1 909 629 403 
2	0.0: 515 609 1003 819 1 929 550 556 
2	0.0: 562 701 900 645 39 925 827 331 
2	0.0: 529 646 984 945 178 920 614 503 
2	0.0: 582 565 1000 892 161 922 487 632 
2	0.0: 547 590 994 756 1 950 526 229 
2	0.0: 520 722 970 1014 59 923 673 211 
2	0.0: 556 984 919 726 1 967 559 462 
2	0.0: 580 744 956 616 270 937 697 636 
2	0.0: 599 900 939 768 5 930 717 561 
2	0.0: 534 642 947 933 1 921 669 499 
2	0.0: 507 305 968 957 1 941 638 388 
2	0.0: 507 693 965 805 68 929 603 572 
2	0.0: 539 755 938 699 1 902 419 459 
2	0.0: 585 678 888 967 1 898 659 347 
2	0.0: 573 600 1024 846 128 900 623 522 
2	0.0: 587 619 868 1128 1 939 436 437 
2	0.0: 538 546 983 1098 1 911 698 447 
2	0.0: 631 719 859 973 1 908 745 481 
2	0.0: 540 916 987 825 39 925 637 423 
4	0.0: 528 630 958 1062 1 922 369 368 
2	0.0: 533 694 956 787 1 931 641 451 
2	0.0: 631 869 923 814 1 934 635 427 
2	0.0: 526 788 1016 837 99 900 689 510 
2	0.0: 583 674 984 839 1 953 728 562 
2	0.0: 567 438 983 928 9 957 700 442 
2	0.0: 539 743 927 1102 1 926 756 434 
4	0.0: 555 477 1007 1133 1 901 356 198 
2	0.0: 507 589 992 968 1 913 523 682 
2	0.0: 558 663 979 770 1 983 654 786 
5	0.0: 540 521 930 966 184 920 533 654 
2	0.0: 528 856 935 783 1 951 451 504 
5	0.0: 536 622 815 925 208 923 430 515 
2	0.0: 574 989 1013 809 1 941 684 613 
2	0.0: 517 682 917 1156 1 940 629 570 
2	0.0: 565 833 867 1061 1 922 518 360 
2	0.0: 571 676 965 844 177 955 721 383 
2	0.0: 613 435 1084 994 2 924 662 625 
2	0.0: 530 771 953 948 1 959 672 595 
2	0.0: 501 805 1102 717 45 948 609 480 
2	0.0: 509 882 1025 841 136 949 551 574 
4	0.0: 501 472 922 1131 98 925 502 368 
2	0.0: 527 653 1044 906 29 900 684 556 
2	0.0: 592 523 985 1245 94 900 837 338 
4	0.0: 496 784 911 1028 1 931 440 428 
2	0.0: 519 575 1043 1028 21 913 686 431 
2	0.0: 572 582 947 864 110 970 846 488 
2	0.0: 473 701 919 811 1 914 844 563 
2	0.0: 531 1233 940 893 55 955 612 507 
2	0.0: 575 647 961 963 88 922 574 267 
2	0.0: 536 648 1061 1128 1 914 564 433 
2	0.0: 553 673 910 491 1 897 635 393 
2	0.0: 517 623 980 715 1 914 566 654 
2	0.0: 576 818 981 1134 166 946 643 370 
2	0.0: 601 524 957 1086 55 966 686 439 
2	0.0: 561 897 955 1123 56 927 577 544 
2	0.0: 527 697 1018 1168 1 917 803 397 
2	0.0: 618 536 1011 939 1 893 649 539 
2	0.0: 601 644 989 960 3 920 575 826 
2	0.0: 504 874 864 749 10 901 581 629 
2	0.0: 581 861 987 583 1 962 813 398 
2	0.0: 605 607 963 1050 1 936 372 323 
2	0.0: 521 651 986 781 161 911 567 366 
4	0.0: 563 599 937 1063 26 927 441 494 
2	0.0: 557 700 944 920 187 934 488 374 
2	0.0: 522 973 936 912 80 922 660 525 
2	0.0: 581 781 932 854 30 898 563 599 
2	0.0: 542 1241 912 944 1 913 576 452 
4	0.0: 508 894 914 809 12 926 320 721 
4	0.0: 567 1006 908 1140 37 915 277 422 
2	0.0: 567 982 938 1062 15 932 703 665 
2	0.0: 574 588 949 958 1 929 507 315 
2	0.0: 577 479 980 1112 1 902 651 531 
2	0.0: 585 768 859 963 115 887 743 421 
2	0.0: 469 841 926 974 1 931 765 346 
2	0.0: 489 691 1013 741 46 903 617 274 
2	0.0: 535 676 943 991 12 933 929 507 
2	0.0: 524 228 976 1158 81 938 667 553 
2	0.0: 569 1014 950 840 254 924 497 292 
2	0.0: 560 791 882 1031 68 948 672 482 
2	0.0: 656 553 992 998 25 920 493 451 
2	0.0: 597 404 918 989 12 913 552 331 
2	0.0: 529 525 989 1057 109 941 496 223 
2	0.0: 534 604 1044 1025 84 939 689 589 
2	0.0: 550 579 987 834 181 957 761 665 
2	0.0: 518 749 914 1159 107 947 745 592 
5	0.0: 502 1125 957 1287 161 941 689 672 
2	0.0: 597 586 1018 1083 1 904 520 499 
2	0.0: 646 347 1044 963 13 952 571 546 
2	0.0: 551 570 1005 947 5 966 451 456 
2	0.0: 542 637 951 910 1 909 642 607 
2	0.0: 572 693 925 984 19 956 517 623 
2	0.0: 560 763 855 1075 1 960 581 529 
2	0.0: 581 881 940 982 1 921 489 470 
2	0.0: 528 581 815 1110 27 936 690 221 
2	0.0: 574 680 951 926 1 960 752 586 
2	0.0: 565 444 939 818 68 925 504 576 
2	0.0: 586 573 868 834 2 953 505 421 
2	0.0: 537 484 930 654 52 971 603 380 
2	0.0: 502 503 987 814 134 925 604 468 
2	0.0: 455 631 990 872 34 939 761 673 
2	0.0: 574 718 898 1025 1 953 584 252 
2	0.0: 544 873 936 785 117 969 677 478 
2	0.0: 605 717 904 892 35 922 589 375 
2	0.0: 512 939 937 992 92 946 762 203 
2	0.0: 472 942 1056 995 43 931 808 518 
2	0.0: 635 425 907 998 1 903 494 340 
2	0.0: 571 620 1017 961 30 938 529 453 
2	0.0: 528 389 936 737 62 933 441 207 
2	0.0: 572 623 946 1051 1 911 834 431 
2	0.0: 571 501 996 753 1 941 617 250 
2	0.0: 592 851 976 787 150 926 613 572 
2	0.0: 560 597 1079 990 28 938 504 683 
2	0.0: 585 604 1055 1031 1 939 513 515 
2	0.0: 564 1247 935 933 1 929 737 315 
2	0.0: 502 929 1001 773 1 900 488 649 
2	0.0: 525 491 918 666 125 966 473 507 
2	0.0: 568 985 996 711 1 938 640 492 
2	0.0: 518 572 829 931 1 942 649 501 
2	0.0: 528 868 924 808 1 933 552 461 
2	0.0: 529 938 996 1208 1 939 602 377 
2	0.0: 624 715 927 1190 19 932 567 499 
2	0.0: 596 735 943 705 1 938 632 443 
2	0.0: 521 912 1099 948 63 948 750 672 
2	0.0: 569 692 943 723 1 912 647 660 
2	0.0: 566 617 910 916 121 941 536 258 
2	0.0: 545 312 954 842 53 944 463 809 
2	0.0: 629 869 1050 843 1 928 470 261 
2	0.0: 510 926 897 1040 5 927 730 435 
2	0.0: 611 933 881 875 1 914 760 412 
2	0.0: 534 541 967 1020 1 961 696 319 
2	0.0: 580 314 991 934 171 954 651 319 
2	0.0: 524 408 959 1103 1 918 590 601 
2	0.0: 552 704 963 690 1 918 552 282 
2	0.0: 536 664 964 961 18 932 582 419 
2	0.0: 553 702 951 699 43 918 480 121 
2	0.0: 541 462 982 968 26 939 603 430 
2	0.0: 560 1135 1073 737 1 909 714 614 
2	0.0: 500 616 923 1001 1 932 504 504 
2	0.0: 569 662 974 802 43 914 628 596 
2	0.0: 509 1032 923 1045 1 909 696 598 
2	0.0: 559 858 961 762 1 970 656 323 
2	0.0: 631 580 925 994 1 915 678 753 
2	0.0: 493 405 923 911 1 916 539 196 
2	0.0: 565 621 949 1110 71 971 915 411 
2	0.0: 553 726 941 796 1 912 370 612 
2	0.0: 559 735 983 1092 1 870 695 549 
4	0.0: 514 502 919 1186 27 930 523 410 
2	0.0: 582 556 910 1034 1 890 593 498 
2	0.0: 524 615 906 871 4 899 727 477 
2	0.0: 568 764 963 865 1 922 636 565 
2	0.0: 482 469 990 778 29 914 452 404 
2	0.0: 604 484 996 960 23 941 619 506 
2	0.0: 525 758 940 1028 1 952 586 733 
4	0.0: 508 776 1048 938 163 937 462 618 
2	0.0: 568 819 952 939 90 931 823 558 
2	0.0: 538 491 981 921 108 934 762 479 
2	0.0: 538 704 986 839 1 948 725 321 
2	0.0: 561 972 914 1088 20 923 690 655 
2	0.0: 550 930 922 693 106 899 454 483 
4	0.0: 579 773 1006 1067 119 916 480 422 
2	0.0: 488 579 1064 850 61 931 688 407 
2	0.0: 543 899 964 706 1 939 502 617 
2	0.0: 553 588 888 813 91 925 540 523 
2	0.0: 583 673 1001 878 81 913 685 515 
2	0.0: 507 1060 995 695 76 906 659 543 
2	0.0: 621 885 897 993 1 934 487 375 
2	0.0: 536 545 982 797 161 886 445 413 
2	0.0: 505 802 957 813 28 921 692 525 
2	0.0: 531 872 950 795 139 927 655 779 
2	0.0: 628 597 968 763 28 899 611 598 
2	0.0: 537 466 1018 849 1 925 675 580 
4	0.0: 506 662 1016 1296 1 918 630 644 
2	0.0: 513 884 937 820 151 947 627 642 
2	0.0: 536 662 966 794 1 925 705 305 
2	0.0: 611 792 966 860 45 926 644 178 
2	0.0: 532 804 954 900 139 966 704 535 
2	0.0: 590 662 870 1006 1 949 691 370 
2	0.0: 554 702 950 950 114 940 540 552 
2	0.0: 553 382 888 945 1 920 565 480 
2	0.0: 564 850 870 693 176 932 494 417 
2	0.0: 552 587 985 835 1 947 557 450 
2	0.0: 536 882 947 888 1 942 373 491 
2	0.0: 538 571 981 784 14 913 532 596 
2	0.0: 525 638 950 885 148 927 510 178 
2	0.0: 642 817 967 955 110 953 846 470 
2	0.0: 556 559 1066 1078 1 958 563 514 
2	0.0: 535 464 836 836 96 953 570 588 
4	0.0: 597 914 941 952 61 924 351 736 
2	0.0: 589 502 915 1150 1 920 784 673 
2	0.0: 564 671 960 1084 1 925 837 395 
2	0.0: 556 1069 1029 1031 1 921 593 604 
2	0.0: 522 716 988 979 149 935 695 768 
2	0.0: 588 751 1079 825 39 936 644 485 
2	0.0: 586 498 959 724 92 897 643 364 
2	0.0: 540 605 975 1118 76 958 595 430 
2	0.0: 546 585 1014 1121 1 914 560 301 
2	0.0: 572 798 958 943 1 918 740 369 
2	0.0: 511 977 960 1020 1 946 674 566 
2	0.0: 498 825 926 637 80 923 718 510 
2	0.0: 535 319 1035 815 1 955 470 724 
2	0.0: 560 702 909 954 1 942 757 371 
2	0.0: 557 624 993 696 1 940 764 487 
2	0.0: 520 769 963 729 40 917 941 553 
2	0.0: 488 755 1028 1124 21 920 721 393 
2	0.0: 551 686 827 904 1 926 691 423 
4	0.0: 521 702 956 1135 109 927 474 461 
2	0.0: 586 721 1025 639 67 955 641 617 
2	0.0: 533 725 968 955 97 939 824 391 
2	0.0: 550 815 932 935 1 931 507 294 
2	0.0: 583 762 955 987 91 934 624 775 
4	0.0: 473 491 923 891 51 915 452 679 
2	0.0: 617 523 980 783 52 923 710 555 
2	0.0: 564 573 961 767 98 932 775 344 
2	0.0: 549 518 946 1134 1 931 554 430 
2	0.0: 511 785 984 631 195 912 651 358 
2	0.0: 547 768 974 776 74 937 591 595 
2	0.0: 554 941 1010 832 1 921 626 519 
2	0.0: 552 666 946 659 1 897 593 511 
2	0.0: 497 500 947 889 7 951 666 560 
2	0.0: 498 418 1001 807 101 933 629 291 
2	0.0: 559 874 974 954 1 950 763 516 
2	0.0: 602 816 997 1223 1 933 664 558 
2	0.0: 430 866 1002 883 30 914 680 656 
2	0.0: 528 989 939 797 110 924 790 649 
2	0.0: 474 628 1004 1094 50 932 622 418 
2	0.0: 530 570 963 476 1 954 663 548 
2	0.0: 519 703 1018 603 1 959 706 336 
2	0.0: 570 1023 965 1037 72 910 687 507 
4	0.0: 462 586 1000 933 158 948 455 362 
2	0.0: 537 789 941 909 1 946 672 633 
2	0.0: 548 734 886 875 1 897 582 319 
2	0.0: 532 823 993 886 1 909 957 436 
4	0.0: 611 711 1008 1265 1 928 533 785 
2	0.0: 577 793 973 584 6 934 773 454 
4	0.0: 565 739 980 1205 1 942 452 492 
4	0.0: 513 463 1020 1121 35 902 481 565 
2	0.0: 510 843 875 765 1 967 790 509 
5	0.0: 570 927 908 1336 122 886 648 621 
2	0.0: 533 636 979 767 1 945 447 558 
2	0.0: 629 389 995 746 344 905 681 333 
2	0.0: 564 431 898 703 1 942 696 456 
2	0.0: 579 902 926 646 1 928 492 635 
2	0.0: 522 487 979 676 1 902 650 374 
2	0.0: 524 875 902 942 1 921 598 405 
2	0.0: 491 539 890 716 201 980 505 296 
2	0.0: 551 775 938 507 1 908 644 283 
4	0.0: 594 819 977 1342 1 925 580 550 
2	0.0: 494 619 954 1087 48 920 619 255 
2	0.0: 547 823 949 913 1 917 639 595 
2	0.0: 480 723 888 796 42 960 487 564 
2	0.0: 583 749 955 727 1 899 619 374 
2	0.0: 524 752 1051 973 1 912 658 379 
2	0.0: 510 163 934 1040 1 943 591 183 
2	0.0: 501 353 896 1220 1 926 706 590 
2	0.0: 527 731 937 875 123 951 608 488 
2	0.0: 574 570 932 1004 1 932 587 385 
2	0.0: 589 803 949 816 1 943 554 678 
2	0.0: 566 461 1008 808 89 912 708 393 
2	0.0: 568 633 957 890 1 941 544 443 
2	0.0: 601 610 934 1057 1 962 744 470 
2	0.0: 563 825 922 885 119 919 893 469 
2	0.0: 560 581 1074 772 1 970 584 554 
2	0.0: 560 581 956 870 25 936 523 492 
2	0.0: 488 713 961 806 106 889 596 449 
2	0.0: 531 847 993 745 66 948 538 707 
2	0.0: 522 894 845 1119 1 934 547 552 
2	0.0: 522 705 993 726 47 945 614 650 
2	0.0: 585 854 904 977 1 931 441 477 
2	0.0: 564 917 993 1037 1 905 659 692 
2	0.0: 562 545 900 873 1 935 608 532 
2	0.0: 497 356 920 1070 1 948 772 569 
2	0.0: 626 796 955 884 73 939 515 491 
5	0.0: 515 607 929 1095 91 903 638 815 
2	0.0: 546 805 980 873 157 887 632 389 
2	0.0: 501 708 954 927 110 937 626 664 
2	0.0: 562 637 972 1099 79 914 650 528 
2	0.0: 607 904 951 813 1 927 503 184 
2	0.0: 526 803 930 1049 1 963 616 583 
2	0.0: 597 881 937 761 85 934 613 322 
2	0.0: 571 479 1049 888 1 960 722 410 
2	0.0: 568 721 875 965 1 958 500 434 
2	0.0: 593 815 935 863 69 929 459 624 
2	0.0: 520 903 977 849 1 894 510 638 
2	0.0: 557 863 887 916 40 945 813 400 
2	0.0: 552 762 1031 732 1 935 526 504 
2	0.0: 580 560 829 900 84 959 564 304 
2	0.0: 541 471 1002 920 158 937 780 715 
2	0.0: 555 720 1022 827 38 934 655 663 
2	0.0: 591 763 1000 1008 1 896 560 351 
2	0.0: 586 586 994 968 76 956 614 600 
2	0.0: 527 678 939 836 112 926 656 620 
2	0.0: 498 640 957 815 1 933 608 337 
2	0.0: 534 722 890 796 9 931 658 492 
2	0.0: 583 479 914 719 15 938 396 399 
2	0.0: 486 864 977 727 66 919 713 384 
2	0.0: 495 781 1033 863 155 934 602 491 
2	0.0: 606 827 897 775 194 922 587 441 
2	0.0: 562 733 923 971 1 941 569 290 
2	0.0: 587 520 977 805 83 901 574 464 
2	0.0: 618 723 909 1067 48 940 629 670 
2	0.0: 599 759 1034 736 98 887 665 460 
4	0.0: 577 719 1081 1048 161 915 483 614 
2	0.0: 547 864 958 998 1 936 640 649 
2	0.0: 590 494 1051 785 174 917 721 489 
5	0.0: 547 665 897 848 209 928 515 720 
2	0.0: 569 542 971 1184 1 911 606 381 
2	0.0: 562 814 983 1110 96 918 515 437 
2	0.0: 482 918 1010 880 249 948 818 703 
2	0.0: 491 682 892 992 1 933 578 380 
2	0.0: 603 813 988 1032 5 954 488 526 
2	0.0: 459 990 924 1152 1 942 652 454 
2	0.0: 598 650 928 791 1 935 837 572 
2	0.0: 513 646 947 1067 1 908 704 443 
2	0.0: 548 815 1004 1024 187 923 577 579 
2	0.0: 463 693 907 886 199 944 738 526 
2	0.0: 597 887 919 998 1 947 477 375 
5	0.0: 492 683 893 900 146 919 573 661 
2	0.0: 487 848 1029 802 71 913 767 387 
2	0.0: 595 675 923 818 1 936 551 303 
2	0.0: 575 822 963 876 1 947 633 815 
2	0.0: 550 660 924 775 1 927 585 592 
2	0.0: 516 664 934 1115 4 908 746 456 
2	0.0: 588 624 959 742 150 958 697 360 
2	0.0: 506 730 967 635 1 962 581 391 
2	0.0: 494 1078 993 943 31 907 462 355 
2	0.0: 530 850 997 953 1 943 812 614 
2	0.0: 572 856 898 856 1 929 560 544 
2	0.0: 597 545 950 932 60 938 749 501 
4	0.0: 550 471 1024 1418 40 930 494 276 
2	0.0: 570 587 945 956 1 890 622 548 
2	0.0: 622 672 931 1037 124 926 483 592 
2	0.0: 547 697 951 855 1 912 549 314 
2	0.0: 562 710 927 855 283 960 589 555 
2	0.0: 558 511 904 962 25 934 527 544 
2	0.0: 511 847 1010 759 1 928 473 564 
2	0.0: 567 574 973 828 71 948 926 409 
2	0.0: 565 629 984 946 69 924 657 425 
2	0.0: 559 668 957 1133 1 918 665 446 
2	0.0: 576 665 942 769 38 906 644 373 
2	0.0: 537 698 937 846 21 942 574 367 
2	0.0: 569 696 1025 1019 18 942 799 398 
2	0.0: 552 746 923 790 1 917 736 578 
2	0.0: 540 688 985 807 27 910 570 610 
2	0.0: 561 795 887 903 101 908 700 585 
2	0.0: 547 949 979 862 1 951 709 579 
2	0.0: 566 838 992 998 1 885 858 403 
2	0.0: 511 761 936 1066 16 961 601 357 
2	0.0: 493 659 937 880 197 942 615 527 
2	0.0: 575 704 943 1084 55 927 723 524 
2	0.0: 526 751 999 736 213 905 632 759 
2	0.0: 575 774 942 829 280 934 581 515 
2	0.0: 543 790 946 923 221 918 661 321 
2	0.0: 557 642 1014 826 1 953 669 664 
2	0.0: 560 660 1009 975 31 925 508 511 
2	0.0: 566 656 959 877 1 977 759 458 
2	0.0: 550 733 968 840 15 911 653 519 
2	0.0: 458 757 918 949 1 927 457 377 
2	0.0: 539 374 947 975 1 935 686 324 
2	0.0: 542 764 960 922 109 905 635 452 
2	0.0: 561 780 799 673 19 939 461 414 
2	0.0: 582 1109 908 818 29 943 608 408 
2	0.0: 634 828 940 1092 109 926 698 568 
2	0.0: 505 960 912 1119 1 911 551 373 
2	0.0: 477 843 941 1063 1 932 521 374 
2	0.0: 558 713 913 963 1 920 606 800 
2	0.0: 567 859 950 798 1 951 676 393 
2	0.0: 522 788 955 812 1 959 708 354 
2	0.0: 507 448 967 893 87 962 513 634 
2	0.0: 563 778 952 731 53 903 568 492 
2	0.0: 525 980 884 946 1 942 681 700 
2	0.0: 523 913 993 780 1 957 665 541 
2	0.0: 543 319 945 870 1 922 632 335 
4	0.0: 574 749 941 1221 47 937 452 295 
2	0.0: 583 777 1040 768 1 925 556 441 
5	0.0: 526 882 972 1070 108 934 543 731 
2	0.0: 548 520 1033 930 138 936 591 597 
2	0.0: 640 601 902 886 51 942 841 577 
2	0.0: 596 763 973 923 115 911 600 641 
2	0.0: 497 746 1062 659 73 924 588 658 
2	0.0: 511 656 904 872 112 922 648 419 
4	0.0: 496 564 1001 1276 1 920 617 285 
2	0.0: 467 901 959 950 127 983 725 291 
4	0.0: 592 972 941 1243 1 944 475 525 
2	0.0: 519 612 880 1021 1 913 601 426 
2	0.0: 564 701 961 854 133 948 599 558 
2	0.0: 477 586 981 790 1 950 873 612 
2	0.0: 546 836 972 776 1 922 487 355 
2	0.0: 524 867 956 715 151 935 415 478 
2	0.0: 542 744 880 749 137 958 625 445 
2	0.0: 549 626 847 938 1 963 764 574 
2	0.0: 590 723 965 800 73 929 487 538 
2	0.0: 551 781 947 842 43 909 628 389 
2	0.0: 588 642 939 1127 53 913 586 455 
4	0.0: 539 563 1021 965 30 926 390 770 
2	0.0: 582 686 873 917 1 944 473 283 
2	0.0: 501 716 946 801 72 930 611 641 
2	0.0: 579 847 867 820 1 910 496 458 
2	0.0: 597 763 909 818 1 910 702 607 
2	0.0: 521 558 1060 1012 1 927 673 582 
2	0.0: 534 899 1015 445 213 955 545 534 
2	0.0: 550 815 916 862 55 929 805 256 
2	0.0: 532 623 1009 713 19 951 610 626 
2	0.0: 487 613 937 816 218 918 698 631 
2	0.0: 472 433 931 793 11 970 738 658 
2	0.0: 620 741 895 737 1 932 491 526 
2	0.0: 546 701 1018 855 91 912 635 476 
2	0.0: 498 128 976 819 1 954 530 635 
2	0.0: 507 951 1011 790 98 955 462 237 
2	0.0: 545 385 895 890 1 946 757 481 
2	0.0: 541 623 903 870 58 913 644 652 
2	0.0: 568 447 932 897 1 963 594 582 
2	0.0: 518 782 965 955 1 911 471 450 
2	0.0: 535 1036 840 1059 1 917 698 596 
2	0.0: 557 292 950 638 120 940 622 450 
2	0.0: 543 745 959 875 1 915 711 483 
2	0.0: 473 621 1031 954 1 934 511 437 
2	0.0: 569 782 944 1276 1 921 659 533 
2	0.0: 525 785 969 730 1 905 716 476 
2	0.0: 540 869 983 936 159 919 618 566 
2	0.0: 545 728 1002 914 1 925 751 497 
5	0.0: 518 549 935 974 123 944 523 685 
2	0.0: 514 561 953 850 1 949 679 397 
2	0.0: 554 681 897 740 103 891 668 329 
2	0.0: 562 772 981 1009 172 935 571 315 
2	0.0: 602 568 916 808 83 915 685 520 
2	0.0: 615 536 931 1031 24 897 635 544 
2	0.0: 545 830 970 1059 36 947 515 617 
2	0.0: 535 934 952 674 27 930 617 486 
2	0.0: 548 661 931 714 1 954 789 418 
2	0.0: 555 595 977 1012 1 928 650 420 
2	0.0: 515 614 1018 954 1 913 652 477 
2	0.0: 584 800 965 1065 100 897 647 649 
2	0.0: 546 632 931 982 1 951 485 730 
2	0.0: 539 688 1018 779 79 927 442 680 
2	0.0: 493 698 1015 926 399 907 667 423 
2	0.0: 496 966 903 960 1 944 678 445 
4	0.0: 523 771 973 979 1 920 374 429 
2	0.0: 569 740 983 1126 1 942 646 645 
2	0.0: 573 740 958 649 87 922 641 342 
2	0.0: 559 375 928 817 1 922 591 630 
2	0.0: 522 521 1030 925 25 928 637 597 
2	0.0: 482 429 865 808 1 940 577 201 
2	0.0: 599 489 1032 938 1 931 547 781 
2	0.0: 552 872 942 1015 54 920 657 515 
2	0.0: 608 661 1019 1016 1 934 663 654 
2	0.0: 510 588 868 1117 1 925 674 344 
2	0.0: 554 783 923 753 93 948 544 455 
2	0.0: 526 1231 955 958 173 931 765 371 
2	0.0: 607 748 947 1173 162 915 867 434 
4	0.0: 483 552 913 1020 33 925 423 461 
2	0.0: 549 619 929 653 110 940 706 420 
2	0.0: 610 616 938 695 67 951 670 572 
2	0.0: 556 903 989 748 1 935 590 387 
2	0.0: 593 729 1016 856 1 943 730 680 
2	0.0: 478 947 926 1102 1 902 697 474 
2	0.0: 563 633 1037 883 1 908 635 430 
2	0.0: 618 1010 974 1044 131 933 505 395 
2	0.0: 576 734 939 950 1 904 550 421 
2	0.0: 525 846 1004 796 85 942 628 496 
2	0.0: 544 970 984 1204 59 907 777 337 
2	0.0: 547 698 1057 810 1 919 596 188 
2	0.0: 510 693 959 1103 9 916 803 259 
2	0.0: 522 629 896 803 1 970 519 606 
2	0.0: 557 681 979 1068 1 893 608 780 
2	0.0: 538 656 931 799 1 945 422 247 
2	0.0: 572 719 1031 903 1 898 586 494 
2	0.0: 562 807 908 596 234 951 795 212 
2	0.0: 498 758 973 1043 121 982 654 451 
2	0.0: 586 804 887 729 138 901 610 586 
2	0.0: 559 586 1027 1148 98 940 746 370 
2	0.0: 535 626 893 1035 79 932 711 257 
2	0.0: 523 691 915 764 1 961 629 339 
2	0.0: 601 660 1043 913 117 914 616 469 
2	0.0: 475 664 970 1040 99 911 543 328 
2	0.0: 520 676 973 724 205 931 774 484 
2	0.0: 608 583 986 891 77 911 513 549 
2	0.0: 606 776 964 699 33 913 578 423 
2	0.0: 538 702 922 663 76 909 759 404 
2	0.0: 514 481 893 1029 1 934 766 729 
2	0.0: 492 760 1032 750 1 924 868 534 
2	0.0: 586 783 928 1055 26 937 763 553 
2	0.0: 572 784 1002 937 12 944 641 398 
2	0.0: 561 276 946 844 121 947 899 912 
2	0.0: 580 566 880 1010 1 960 553 352 
2	0.0: 564 800 941 800 1 938 594 571 
2	0.0: 586 612 955 838 7 931 694 343 
2	0.0: 496 613 890 933 1 911 706 452 
2	0.0: 567 882 925 852 38 904 615 514 
2	0.0: 600 606 962 1064 67 898 652 434 
2	0.0: 528 820 968 794 15 913 609 702 
2	0.0: 594 520 867 813 1 922 823 547 
2	0.0: 541 538 896 962 285 898 634 401 
2	0.0: 552 320 981 899 289 917 682 537 
2	0.0: 520 937 1031 740 186 959 525 98 
2	0.0: 559 645 935 917 1 949 798 520 
2	0.0: 561 865 888 810 83 923 615 34 
2	0.0: 530 536 895 897 1 955 602 437 
2	0.0: 625 665 941 999 1 919 642 450 
2	0.0: 543 720 986 590 235 903 608 267 
2	0.0: 550 794 1082 889 1 922 589 505 
4	0.0: 500 672 936 830 157 926 357 289 
2	0.0: 548 930 842 981 1 928 378 379 
2	0.0: 536 608 1040 869 1 929 766 154 
2	0.0: 552 883 981 1001 90 955 583 510 
2	0.0: 501 917 943 785 97 929 721 373 
2	0.0: 569 792 991 831 1 938 441 442 
2	0.0: 576 669 976 1008 97 924 693 526 
2	0.0: 524 554 886 933 1 939 586 407 
2	0.0: 564 820 960 882 68 895 664 596 
2	0.0: 513 495 1030 716 1 914 752 643 
2	0.0: 515 441 976 1064 1 952 620 602 
2	0.0: 482 560 975 696 58 960 695 391 
2	0.0: 527 613 937 1079 1 945 523 542 
2	0.0: 593 460 869 860 1 936 733 655 
4	0.0: 504 501 1013 1069 41 927 460 460 
2	0.0: 543 810 954 823 18 934 546 524 
2	0.0: 525 866 971 782 95 928 665 663 
2	0.0: 585 897 979 993 1 953 782 278 
2	0.0: 536 512 868 859 1 933 614 190 
2	0.0: 509 851 1000 893 58 918 687 335 
2	0.0: 554 544 859 703 25 953 550 321 
2	0.0: 560 882 1021 1051 59 942 732 612 
2	0.0: 550 558 932 1212 6 927 772 439 
2	0.0: 560 748 971 968 147 952 621 506 
2	0.0: 551 538 928 1257 27 924 592 340 
2	0.0: 569 577 907 921 1 912 584 504 
2	0.0: 494 663 925 1011 180 939 645 220 
2	0.0: 534 695 921 762 10 895 667 373 
2	0.0: 570 794 908 1002 82 937 708 655 
2	0.0: 484 490 987 702 50 948 773 665 
2	0.0: 564 1063 998 764 1 915 842 663 
2	0.0: 547 704 943 1259 1 951 672 594 
2	0.0: 519 995 910 759 1 955 554 474 
2	0.0: 557 724 883 873 1 921 587 474 
2	0.0: 572 592 931 1149 1 911 671 554 
2	0.0: 535 587 904 1078 1 921 841 453 
2	0.0: 569 746 1001 973 102 931 940 386 
2	0.0: 539 881 907 753 1 934 420 444 
2	0.0: 504 771 992 979 1 948 855 416 
2	0.0: 586 591 1005 851 59 878 612 398 
2	0.0: 523 515 1029 806 1 920 716 403 
2	0.0: 552 511 934 1046 1 953 666 408 
2	0.0: 575 599 1000 702 18 897 719 826 
2	0.0: 578 812 899 766 34 925 660 583 
2	0.0: 550 755 907 835 45 930 599 430 
2	0.0: 616 689 915 996 1 935 735 412 
2	0.0: 535 814 949 829 43 954 568 493 
5	0.0: 473 1029 875 1120 244 937 431 639 
2	0.0: 488 918 952 758 1 916 744 471 
4	0.0: 508 529 1050 1120 143 970 465 464 
2	0.0: 560 562 908 948 1 919 676 590 
2	0.0: 524 742 975 976 1 941 477 671 
2	0.0: 564 937 922 841 1 940 752 209 
2	0.0: 598 993 991 924 1 921 656 550 
2	0.0: 553 763 992 1098 316 927 660 487 
2	0.0: 569 584 925 552 1 943 537 219 
2	0.0: 550 655 858 1008 66 923 742 557 
2	0.0: 553 695 934 926 5 951 874 424 
2	0.0: 617 581 988 848 130 916 772 761 
2	0.0: 555 691 980 914 148 922 603 473 
2	0.0: 566 733 968 981 1 921 836 545 
2	0.0: 585 692 944 998 1 895 551 433 
2	0.0: 555 822 1044 990 1 919 546 608 
2	0.0: 433 481 982 963 1 919 714 407 
2	0.0: 515 924 905 894 1 938 601 393 
4	0.0: 537 568 964 1164 4 894 590 610 
2	0.0: 581 688 979 1005 1 961 660 444 
2	0.0: 597 1006 936 886 1 935 529 546 
2	0.0: 622 708 924 816 1 921 689 492 
4	0.0: 534 434 1034 990 147 962 446 385 
2	0.0: 632 551 982 1064 16 902 721 222 
2	0.0: 569 689 1033 1037 196 901 689 368 
2	0.0: 545 679 1058 874 107 939 791 527 
2	0.0: 475 606 1028 822 1 957 499 672 
2	0.0: 572 706 985 835 1 912 546 829 
4	0.0: 544 698 933 1154 194 894 590 490 
2	0.0: 543 696 997 1098 1 902 545 337 
2	0.0: 546 639 894 787 139 940 716 726 
2	0.0: 576 486 998 788 1 921 895 403 
2	0.0: 522 733 892 696 134 912 491 639 
2	0.0: 511 887 908 825 1 955 565 245 
2	0.0: 593 935 969 1080 1 958 730 286 
2	0.0: 507 1046 1079 841 95 907 424 266 
2	0.0: 594 956 1009 999 1 947 557 717 
2	0.0: 594 724 953 677 40 917 488 693 
4	0.0: 533 711 965 1084 133 940 546 643 
2	0.0: 518 856 974 717 1 947 655 590 
4	0.0: 530 653 1016 1186 1 924 438 181 
4	0.0: 475 679 1015 936 229 925 488 462 
2	0.0: 535 682 914 929 58 915 642 251 
2	0.0: 595 640 861 801 1 922 822 537 
2	0.0: 498 967 1015 1118 1 951 729 399 
2	0.0: 556 760 980 936 146 920 642 493 
2	0.0: 566 716 991 982 1 916 711 546 
5	0.0: 531 561 952 1307 1 941 780 747 
2	0.0: 504 877 989 1176 28 921 675 487 
2	0.0: 616 744 988 734 1 913 580 563 
2	0.0: 498 477 959 773 1 949 657 535 
2	0.0: 566 968 899 957 83 944 638 375 
2	0.0: 597 560 916 824 178 925 613 334 
2	0.0: 581 729 975 852 48 918 535 556 
2	0.0: 536 795 891 820 22 938 575 368 
2	0.0: 489 1039 963 1088 80 945 875 316 
2	0.0: 520 471 832 695 7 929 540 430 
4	0.0: 536 535 895 1328 1 954 560 545 
2	0.0: 522 728 928 826 167 887 707 501 
2	0.0: 576 546 1034 862 185 947 574 401 
2	0.0: 636 1029 885 786 1 909 870 693 
5	0.0: 579 618 921 1034 116 914 700 767 
2	0.0: 529 887 944 846 1 933 654 157 
2	0.0: 507 593 900 792 50 918 587 595 
2	0.0: 562 665 894 792 120 939 762 361 
4	0.0: 479 772 1024 1038 5 937 429 558 
2	0.0: 573 848 877 978 1 938 736 644 
2	0.0: 585 605 991 1093 1 930 704 539 
2	0.0: 539 764 1022 860 211 941 431 305 
2	0.0: 533 688 957 987 1 953 696 533 
2	0.0: 618 407 947 676 1 906 364 469 
2	0.0: 505 862 930 978 1 952 620 628 
2	0.0: 592 801 866 902 1 916 565 397 
2	0.0: 475 615 961 824 1 948 590 204 
2	0.0: 574 654 964 960 3 952 622 302 
2	0.0: 536 401 965 815 94 908 656 738 
2	0.0: 567 791 1043 1066 59 933 603 395 
4	0.0: 591 882 982 1302 30 966 471 475 
2	0.0: 583 760 904 799 1 929 671 535 
2	0.0: 555 792 962 836 56 926 510 488 
2	0.0: 565 783 1024 705 21 928 488 467 
2	0.0: 518 624 1007 844 4 946 474 695 
2	0.0: 519 854 929 989 110 907 552 457 
4	0.0: 542 470 943 1183 1 930 550 640 
2	0.0: 540 790 932 909 163 914 681 514 
2	0.0: 533 750 941 1047 1 946 527 422 
2	0.0: 553 844 889 858 18 921 660 656 
2	0.0: 563 538 912 834 19 927 576 453 
2	0.0: 491 774 902 794 63 895 677 398 
2	0.0: 551 662 980 980 113 948 615 596 
2	0.0: 550 704 937 681 99 927 767 462 
2	0.0: 628 585 954 923 1 926 671 406 
2	0.0: 583 718 919 781 116 928 805 467 
2	0.0: 567 939 977 699 69 910 540 538 
2	0.0: 550 603 910 1027 1 914 581 235 
2	0.0: 532 914 909 984 87 947 651 296 
2	0.0: 594 488 991 903 1 930 510 563 
2	0.0: 546 844 1037 876 1 913 895 393 
5	0.0: 513 555 886 910 171 919 482 621 
2	0.0: 576 831 979 907 31 940 688 361 
2	0.0: 543 1000 968 779 5 962 683 491 
2	0.0: 555 543 984 892 71 937 732 512 
2	0.0: 552 886 980 1259 162 948 736 402 
2	0.0: 517 774 1015 910 1 946 543 475 
5	0.0: 557 894 870 1048 173 916 803 686 
2	0.0: 602 726 962 1059 1 934 662 604 
2	0.0: 567 685 871 931 1 941 721 232 
2	0.0: 604 402 899 1076 1 946 561 384 
2	0.0: 548 751 911 743 1 939 864 329 
2	0.0: 552 529 1004 722 204 928 533 523 
2	0.0: 593 559 1011 875 130 940 620 373 
2	0.0: 621 663 981 1092 217 922 526 537 
4	0.0: 524 753 908 1308 19 929 415 213 
2	0.0: 553 688 940 761 7 869 630 447 
2	0.0: 526 654 965 874 178 963 588 739 
2	0.0: 535 547 940 828 36 904 678 758 
2	0.0: 591 543 921 1170 30 927 648 415 
2	0.0: 590 544 964 889 64 945 618 223 
2	0.0: 566 624 887 919 249 928 835 501 
2	0.0: 538 590 936 955 1 947 617 303 
4	0.0: 522 936 983 969 1 918 432 629 
4	0.0: 562 716 957 993 1 934 372 459 
2	0.0: 556 799 1014 710 60 911 425 270 
2	0.0: 518 524 965 971 128 935 536 646 
2	0.0: 490 894 967 751 1 907 496 454 
2	0.0: 557 805 939 688 1 951 673 609 
2	0.0: 581 670 983 943 151 919 608 494 
2	0.0: 558 457 888 627 49 950 619 438 
2	0.0: 588 910 953 881 1 900 747 673 
2	0.0: 482 427 982 982 81 918 597 389 
2	0.0: 544 473 908 858 1 923 644 530 
2	0.0: 587 543 960 944 1 913 690 327 
2	0.0: 560 867 969 1080 79 914 672 154 
2	0.0: 539 613 929 1167 1 980 485 287 
2	0.0: 581 424 964 999 1 908 586 503 
2	0.0: 554 720 876 755 21 921 557 557 
2	0.0: 548 741 913 933 21 944 685 466 
2	0.0: 581 807 930 641 1 934 468 424 
2	0.0: 561 521 940 873 30 915 656 362 
2	0.0: 551 742 913 1026 21 959 454 543 
2	0.0: 589 877 1015 806 1 957 684 400 
2	0.0: 489 729 920 1014 1 930 570 345 
2	0.0: 555 652 818 846 91 932 640 551 
2	0.0: 562 201 992 589 1 968 647 600 
2	0.0: 584 529 868 1084 9 939 806 412 
2	0.0: 606 698 900 1169 1 950 581 504 
2	0.0: 527 748 965 984 174 939 680 266 
2	0.0: 562 620 965 981 110 930 679 732 
4	0.0: 530 864 1065 1205 167 945 616 533 
2	0.0: 584 577 994 1019 45 919 705 414 
2	0.0: 513 567 915 525 213 916 542 114 
2	0.0: 584 679 949 711 1 926 439 620 
2	0.0: 558 774 944 735 83 959 828 550 
2	0.0: 503 901 901 1128 117 934 559 396 
5	0.0: 572 571 897 905 149 966 540 850 
2	0.0: 561 568 951 661 55 923 687 338 
2	0.0: 547 677 1009 990 103 935 682 610 
2	0.0: 535 789 912 883 22 958 613 462 
2	0.0: 567 896 976 943 235 917 618 434 
2	0.0: 577 794 890 804 76 916 621 433 
2	0.0: 560 748 1001 741 197 921 703 466 
2	0.0: 515 766 966 767 1 929 618 720 
2	0.0: 582 398 901 716 1 947 676 463 
2	0.0: 517 825 967 1071 47 971 530 468 
2	0.0: 545 567 956 1014 42 947 678 354 
2	0.0: 558 1003 999 953 54 919 585 486 
4	0.0: 552 566 924 930 172 916 347 653 
2	0.0: 566 452 874 860 1 929 617 164 
2	0.0: 539 563 917 834 1 937 740 369 
2	0.0: 596 524 957 946 143 915 709 577 
2	0.0: 555 862 888 1015 57 942 688 478 
2	0.0: 491 736 902 816 127 948 613 512 
2	0.0: 574 595 922 889 151 936 601 372 
2	0.0: 566 882 1009 1287 19 947 796 409 
2	0.0: 590 783 891 780 1 959 498 460 
2	0.0: 564 1076 924 824 67 906 406 425 
2	0.0: 519 882 987 1008 46 917 494 515 
2	0.0: 526 792 941 1007 1 951 807 450 
2	0.0: 554 746 943 888 61 928 770 456 
2	0.0: 574 583 1038 855 148 895 677 437 
2	0.0: 557 632 964 906 1 929 682 283 
2	0.0: 458 410 1034 498 1 924 657 424 
2	0.0: 498 523 921 892 190 950 537 461 
2	0.0: 501 546 963 1025 1 931 650 622 
2	0.0: 603 686 918 924 11 909 567 451 
2	0.0: 519 393 1016 1090 1 950 615 473 
2	0.0: 617 964 916 735 1 936 881 375 
2	0.0: 617 634 975 607 1 879 675 675 
2	0.0: 590 755 937 675 1 947 621 211 
2	0.0: 558 700 996 1019 1 907 600 443 
4	0.0: 581 453 909 1082 213 911 378 355 
2	0.0: 534 895 849 707 107 934 560 364 
2	0.0: 561 806 958 916 1 936 610 537 
2	0.0: 579 729 977 788 1 935 672 426 
2	0.0: 612 916 959 1178 225 890 788 526 
2	0.0: 604 1047 884 568 235 948 594 272 
2	0.0: 554 675 851 755 58 919 611 426 
2	0.0: 520 897 991 641 1 928 770 533 
2	0.0: 535 817 985 916 1 914 637 611 
2	0.0: 606 337 964 1071 1 931 540 641 
2	0.0: 573 613 908 816 1 945 738 560 
2	0.0: 573 763 1016 823 155 936 443 649 
2	0.0: 522 590 947 901 40 918 507 567 
2	0.0: 599 575 896 921 1 945 538 385 
2	0.0: 599 466 917 942 231 933 595 439 
2	0.0: 563 797 1032 969 233 940 645 448 
2	0.0: 488 814 939 840 153 939 567 643 
2	0.0: 595 617 867 805 1 898 696 468 
2	0.0: 504 646 975 910 1 944 582 627 
2	0.0: 538 707 1033 940 1 961 742 328 
2	0.0: 609 524 938 706 1 914 666 577 
2	0.0: 605 675 1034 1063 1 948 599 335 
4	0.0: 463 918 950 1170 38 919 544 333 
2	0.0: 569 442 902 917 122 945 489 451 
2	0.0: 521 543 915 870 1 931 678 338 
2	0.0: 599 658 865 882 71 936 687 442 
2	0.0: 536 559 947 1112 92 928 741 609 
2	0.0: 570 971 902 1019 1 927 689 656 
2	0.0: 459 917 992 860 1 943 616 640 
2	0.0: 505 452 992 1061 54 941 659 649 
2	0.0: 580 709 954 945 13 921 617 517 
4	0.0: 561 345 963 1066 31 923 459 519 
2	0.0: 591 816 891 651 1 931 567 259 
2	0.0: 595 687 927 1143 59 928 688 387 
2	0.0: 570 489 912 916 154 898 684 638 
2	0.0: 531 682 903 813 70 900 564 509 
2	0.0: 535 491 959 903 21 936 837 621 
2	0.0: 461 376 1001 714 1 897 602 433 
2	0.0: 553 615 930 822 1 929 581 612 
2	0.0: 542 653 990 799 17 919 707 624 
2	0.0: 552 754 1022 918 124 935 564 629 
2	0.0: 493 793 860 859 19 912 732 658 
2	0.0: 602 567 944 828 1 937 503 493 
2	0.0: 612 557 964 914 1 932 627 800 
2	0.0: 516 761 947 683 1 933 681 468 
2	0.0: 532 588 932 1108 4 954 784 424 
