5	0.0: 339 608 471 679 24 890 853 471 
5	0.0: 349 745 472 926 644 1055 853 558 
5	0.0: 343 725 641 869 772 896 852 535 
2	0.0: 346 567 699 504 215 851 856 509 
5	0.0: 368 336 633 732 602 925 852 501 
5	0.0: 353 648 445 564 455 789 856 537 
5	0.0: 352 401 542 770 576 932 854 464 
5	0.0: 352 738 586 710 695 845 852 497 
5	0.0: 359 526 250 792 337 817 853 509 
5	0.0: 341 509 600 618 234 911 852 446 
5	0.0: 349 674 555 668 719 926 853 469 
5	0.0: 348 598 399 807 288 1012 851 533 
5	0.0: 346 544 376 914 186 957 851 498 
5	0.0: 357 462 307 590 621 888 849 550 
5	0.0: 355 503 639 589 466 768 854 546 
2	0.0: 358 404 676 678 11 1003 852 529 
5	0.0: 352 479 424 810 51 871 853 525 
5	0.0: 340 594 632 846 734 829 854 442 
5	0.0: 350 619 657 686 194 823 853 548 
5	0.0: 364 712 603 839 202 837 848 505 
5	0.0: 331 783 626 583 274 854 854 545 
5	0.0: 359 322 407 766 229 900 852 449 
5	0.0: 351 415 445 784 319 782 853 434 
5	0.0: 347 606 333 547 206 725 853 433 
5	0.0: 330 576 713 677 782 903 852 511 
5	0.0: 351 435 453 865 458 883 852 527 
5	0.0: 361 642 327 726 60 910 858 522 
5	0.0: 363 660 289 844 389 890 851 491 
5	0.0: 340 502 614 639 427 744 851 462 
5	0.0: 349 675 347 763 186 870 853 484 
5	0.0: 340 644 504 790 623 947 850 540 
5	0.0: 358 636 804 880 541 775 854 557 
5	0.0: 346 665 738 821 380 966 856 450 
5	0.0: 347 700 577 793 614 852 858 529 
5	0.0: 345 566 610 730 332 889 851 456 
5	0.0: 357 645 437 883 227 942 853 476 
5	0.0: 348 741 477 840 359 869 850 478 
5	0.0: 368 584 694 773 347 958 853 470 
5	0.0: 360 489 583 763 351 850 851 542 
5	0.0: 356 454 352 690 110 820 856 437 
5	0.0: 351 588 389 903 477 839 850 515 
5	0.0: 356 564 522 718 507 1022 854 503 
5	0.0: 351 596 472 1003 272 891 852 505 
5	0.0: 341 803 535 599 277 911 855 487 
5	0.0: 351 332 310 811 378 935 853 449 
5	0.0: 348 698 280 633 303 919 854 451 
5	0.0: 346 457 632 862 675 842 855 544 
5	0.0: 349 664 651 958 687 909 854 539 
5	0.0: 348 593 168 647 220 787 852 515 
5	0.0: 352 687 491 640 612 1010 853 562 
5	0.0: 344 743 300 635 619 898 845 528 
5	0.0: 346 425 586 955 346 1021 852 486 
5	0.0: 346 565 283 930 332 1049 850 532 
5	0.0: 350 423 585 948 574 1011 853 498 
5	0.0: 348 528 619 726 603 889 855 542 
5	0.0: 349 675 209 617 409 905 850 567 
5	0.0: 334 478 396 885 411 870 855 421 
5	0.0: 344 635 484 770 621 910 856 527 
5	0.0: 337 502 334 771 595 882 858 486 
5	0.0: 359 422 585 761 121 937 852 515 
5	0.0: 345 723 515 599 147 851 856 482 
5	0.0: 342 437 605 798 319 738 854 498 
5	0.0: 348 653 478 830 287 876 851 519 
5	0.0: 351 459 393 734 120 826 852 568 
5	0.0: 334 600 321 818 225 757 856 523 
5	0.0: 353 403 303 651 57 937 852 508 
5	0.0: 343 652 336 605 435 838 854 458 
5	0.0: 352 295 608 839 530 815 855 468 
5	0.0: 357 576 505 708 567 806 853 526 
5	0.0: 352 704 422 962 586 859 854 448 
5	0.0: 334 553 384 774 300 956 853 468 
5	0.0: 352 605 658 636 396 949 853 467 
5	0.0: 344 651 293 766 716 961 848 509 
5	0.0: 360 492 532 702 696 867 849 524 
5	0.0: 347 526 302 646 426 1079 854 446 
5	0.0: 359 390 734 748 629 984 853 462 
5	0.0: 362 711 288 762 241 850 853 525 
5	0.0: 346 457 632 873 1 893 852 552 
5	0.0: 355 483 615 894 673 921 853 474 
5	0.0: 341 503 578 824 259 751 851 493 
5	0.0: 362 555 405 861 805 815 854 468 
5	0.0: 333 361 635 744 445 851 848 514 
5	0.0: 363 757 407 657 665 785 851 493 
5	0.0: 355 612 490 636 476 983 851 474 
5	0.0: 359 376 385 918 532 924 847 477 
5	0.0: 357 696 188 624 276 1020 853 443 
5	0.0: 352 729 389 932 217 1036 855 473 
5	0.0: 357 400 530 664 458 873 853 501 
5	0.0: 347 671 660 645 244 888 853 437 
5	0.0: 341 607 505 721 585 1002 853 551 
5	0.0: 358 642 664 830 373 759 851 518 
5	0.0: 345 481 522 391 550 928 852 505 
5	0.0: 345 349 447 739 483 949 849 481 
5	0.0: 346 593 372 644 691 884 848 566 
2	0.0: 347 442 852 597 157 978 855 559 
5	0.0: 358 648 267 839 681 848 855 530 
5	0.0: 335 414 616 565 641 793 853 483 
5	0.0: 336 585 360 616 369 950 850 468 
5	0.0: 342 428 366 713 97 792 851 478 
5	0.0: 356 432 740 874 475 944 855 480 
5	0.0: 337 333 478 645 642 868 854 535 
2	0.0: 351 825 699 610 132 1041 852 543 
5	0.0: 346 729 336 778 540 870 857 483 
5	0.0: 348 516 558 814 190 887 852 437 
5	0.0: 345 549 357 724 280 984 851 540 
5	0.0: 345 494 243 870 600 827 853 507 
5	0.0: 339 622 469 742 497 915 853 437 
5	0.0: 355 640 460 602 116 783 855 549 
5	0.0: 350 345 419 689 203 842 848 562 
5	0.0: 345 546 193 829 375 945 850 547 
5	0.0: 358 700 616 846 522 857 854 472 
5	0.0: 354 755 637 789 331 953 850 529 
5	0.0: 359 408 524 744 421 885 853 513 
5	0.0: 339 375 539 880 208 910 854 530 
5	0.0: 350 654 275 757 569 914 858 448 
5	0.0: 347 805 426 917 146 870 851 490 
5	0.0: 346 905 529 644 373 801 853 455 
5	0.0: 347 522 658 693 716 899 853 519 
5	0.0: 337 637 380 672 591 836 853 524 
5	0.0: 346 607 679 688 707 862 849 458 
5	0.0: 349 748 542 745 171 718 853 495 
5	0.0: 350 374 614 821 446 944 851 460 
5	0.0: 348 437 267 583 274 839 851 522 
5	0.0: 355 535 548 699 714 833 854 522 
5	0.0: 354 643 587 829 213 1035 851 482 
5	0.0: 357 497 578 839 735 931 850 495 
5	0.0: 342 507 303 837 154 989 850 600 
5	0.0: 353 864 458 636 190 822 848 497 
5	0.0: 347 542 435 597 595 911 851 526 
5	0.0: 356 503 389 850 358 808 856 523 
5	0.0: 344 647 702 795 577 763 851 440 
5	0.0: 353 659 637 771 94 978 849 520 
5	0.0: 359 752 443 806 208 819 853 457 
5	0.0: 363 650 717 814 402 956 853 569 
5	0.0: 356 839 378 799 440 847 853 501 
5	0.0: 342 595 419 680 575 850 854 560 
5	0.0: 353 515 496 647 245 804 858 501 
5	0.0: 343 637 494 823 419 813 852 522 
5	0.0: 356 748 312 601 221 815 853 518 
5	0.0: 350 583 612 857 262 939 848 439 
5	0.0: 341 645 516 712 400 997 855 453 
5	0.0: 355 487 558 611 667 923 853 508 
5	0.0: 348 391 447 732 99 977 856 528 
5	0.0: 342 425 572 873 367 842 851 455 
5	0.0: 348 473 336 809 266 984 856 457 
5	0.0: 341 555 395 860 252 873 852 459 
5	0.0: 350 462 212 599 456 811 852 449 
2	0.0: 353 536 806 452 411 917 853 536 
5	0.0: 339 431 495 759 446 882 853 477 
5	0.0: 344 561 253 829 1 885 852 495 
5	0.0: 346 552 623 907 597 740 855 526 
5	0.0: 347 609 476 545 633 957 853 619 
5	0.0: 344 575 351 775 358 799 853 473 
5	0.0: 348 512 350 573 585 923 854 550 
5	0.0: 349 523 404 690 442 903 849 458 
5	0.0: 346 592 509 769 347 885 855 512 
5	0.0: 354 549 662 694 711 986 848 489 
2	0.0: 339 558 694 687 181 845 852 449 
5	0.0: 346 684 438 1001 266 839 852 576 
5	0.0: 365 826 443 620 190 893 850 472 
5	0.0: 347 609 470 647 397 742 852 465 
5	0.0: 338 597 140 994 88 775 856 429 
5	0.0: 357 462 466 683 576 869 854 473 
5	0.0: 366 716 239 779 182 973 852 451 
2	0.0: 355 530 749 677 123 706 853 556 
5	0.0: 339 783 578 846 150 883 854 534 
5	0.0: 347 814 347 721 158 822 856 510 
5	0.0: 353 986 474 759 344 950 854 516 
5	0.0: 344 649 785 798 325 792 854 526 
5	0.0: 362 706 458 564 500 905 853 443 
5	0.0: 350 481 410 828 579 1043 852 492 
5	0.0: 355 425 427 690 716 864 854 496 
5	0.0: 347 349 363 764 531 747 853 551 
5	0.0: 342 432 659 629 451 871 852 506 
5	0.0: 356 535 511 693 317 944 854 519 
5	0.0: 347 613 480 620 382 911 854 516 
5	0.0: 353 590 550 732 483 871 855 520 
5	0.0: 351 581 245 894 526 884 853 513 
5	0.0: 353 509 562 561 177 895 851 488 
5	0.0: 350 793 476 752 780 795 855 486 
5	0.0: 357 611 596 715 456 892 852 532 
5	0.0: 347 718 478 594 346 1004 851 459 
5	0.0: 355 464 773 810 512 819 857 461 
5	0.0: 352 676 359 908 450 820 852 540 
5	0.0: 344 603 375 891 433 918 850 519 
5	0.0: 338 715 428 723 127 860 850 565 
5	0.0: 337 770 247 689 83 897 853 540 
5	0.0: 343 624 439 679 268 848 850 455 
5	0.0: 347 498 368 596 486 888 852 439 
5	0.0: 343 751 438 676 363 886 854 574 
5	0.0: 342 414 713 883 168 951 854 612 
5	0.0: 338 552 596 607 547 831 854 576 
5	0.0: 345 503 642 759 260 857 856 544 
5	0.0: 363 341 705 719 512 922 852 406 
5	0.0: 339 581 464 758 500 789 852 469 
5	0.0: 351 418 688 691 422 857 854 471 
5	0.0: 345 604 527 631 404 956 852 423 
5	0.0: 349 536 528 728 423 748 860 483 
5	0.0: 345 534 477 603 464 1007 851 480 
5	0.0: 350 469 618 915 106 909 851 495 
5	0.0: 350 421 550 677 363 974 855 503 
5	0.0: 346 600 603 623 433 912 850 479 
5	0.0: 352 495 463 773 99 802 852 452 
5	0.0: 348 785 377 465 480 970 856 551 
5	0.0: 341 513 395 680 264 955 854 534 
5	0.0: 363 233 360 732 218 874 852 512 
5	0.0: 345 576 618 620 301 890 852 484 
5	0.0: 341 345 311 776 367 892 852 512 
5	0.0: 346 306 416 422 460 844 852 453 
5	0.0: 358 567 304 920 793 909 852 524 
5	0.0: 358 492 593 1190 362 889 848 472 
5	0.0: 349 547 526 666 224 1017 853 525 
5	0.0: 344 468 472 633 273 859 853 546 
5	0.0: 345 511 422 584 474 853 854 539 
2	0.0: 347 680 898 531 348 788 854 451 
5	0.0: 357 602 608 871 315 793 856 562 
5	0.0: 361 417 341 884 291 796 853 560 
5	0.0: 351 529 354 713 405 943 851 396 
5	0.0: 351 423 379 802 297 947 854 495 
5	0.0: 347 658 329 510 529 965 854 476 
5	0.0: 352 633 378 716 473 998 853 524 
5	0.0: 350 338 563 812 368 788 847 463 
5	0.0: 352 448 550 743 679 935 851 489 
5	0.0: 336 614 417 715 489 799 855 554 
5	0.0: 351 417 403 739 317 808 853 504 
5	0.0: 348 525 334 706 465 893 857 557 
5	0.0: 350 479 471 790 217 887 856 530 
5	0.0: 357 552 511 748 5 789 854 471 
5	0.0: 352 770 295 755 685 870 853 505 
5	0.0: 351 563 563 804 361 951 851 548 
5	0.0: 347 601 418 626 1 982 853 469 
5	0.0: 355 391 582 760 169 799 854 478 
5	0.0: 351 471 373 673 178 997 853 426 
5	0.0: 349 726 513 657 629 896 856 531 
5	0.0: 339 617 311 781 205 947 851 486 
5	0.0: 345 487 461 815 400 757 849 521 
5	0.0: 358 530 514 850 506 928 854 551 
5	0.0: 353 666 388 948 510 842 856 490 
5	0.0: 363 390 571 905 434 969 853 465 
5	0.0: 351 673 520 868 680 808 851 520 
5	0.0: 340 542 597 733 548 933 856 489 
5	0.0: 354 510 116 667 447 892 850 486 
5	0.0: 349 423 264 811 227 823 853 461 
5	0.0: 352 445 318 941 269 802 852 507 
5	0.0: 362 538 582 740 610 876 852 502 
5	0.0: 341 495 697 924 178 871 850 496 
5	0.0: 341 657 431 726 671 829 857 533 
5	0.0: 344 579 562 706 204 840 856 504 
5	0.0: 361 590 259 713 278 970 856 468 
5	0.0: 349 601 227 807 561 980 853 528 
5	0.0: 355 488 356 746 159 977 853 459 
2	0.0: 364 543 612 619 1 914 851 460 
5	0.0: 353 484 225 789 349 897 850 486 
5	0.0: 347 738 288 801 739 839 854 477 
5	0.0: 347 673 403 722 66 804 852 501 
5	0.0: 337 520 448 784 230 1000 854 482 
5	0.0: 341 615 408 571 369 903 851 476 
5	0.0: 346 495 102 699 320 855 857 597 
5	0.0: 351 651 274 496 519 859 855 460 
5	0.0: 341 372 493 644 495 889 854 503 
5	0.0: 356 608 776 797 504 813 855 523 
6	0.0: 347 370 189 670 647 753 855 495 
5	0.0: 350 457 498 669 719 886 853 482 
5	0.0: 346 467 425 697 430 929 853 462 
2	0.0: 354 699 680 765 141 770 853 448 
5	0.0: 355 535 485 770 1 872 854 530 
5	0.0: 340 650 520 632 532 899 854 519 
5	0.0: 354 646 723 800 246 897 855 501 
5	0.0: 349 627 629 765 91 835 850 482 
5	0.0: 355 814 582 779 75 726 855 525 
5	0.0: 344 541 554 691 383 910 853 514 
5	0.0: 349 549 629 683 189 850 854 558 
5	0.0: 352 393 620 740 227 868 853 464 
5	0.0: 354 492 592 826 1 791 851 538 
5	0.0: 339 681 604 643 399 902 849 533 
5	0.0: 347 617 565 675 193 970 852 450 
5	0.0: 351 564 467 670 281 868 851 490 
5	0.0: 359 554 422 700 784 886 852 485 
5	0.0: 361 394 396 757 263 872 856 475 
5	0.0: 340 454 630 900 727 724 851 518 
5	0.0: 348 674 474 772 531 1011 850 478 
5	0.0: 347 447 518 842 297 818 853 470 
5	0.0: 361 684 367 1053 403 993 852 435 
5	0.0: 351 356 451 819 411 910 854 511 
5	0.0: 350 634 463 887 316 956 849 491 
5	0.0: 348 622 245 665 229 797 857 513 
5	0.0: 350 509 391 716 665 907 854 491 
5	0.0: 354 530 555 874 564 783 856 496 
5	0.0: 357 504 556 669 473 958 853 478 
5	0.0: 366 564 377 862 388 828 853 487 
5	0.0: 357 763 403 832 668 896 855 507 
5	0.0: 364 414 511 520 440 985 854 578 
5	0.0: 359 563 465 751 738 904 852 502 
5	0.0: 358 549 736 847 640 743 852 506 
5	0.0: 339 624 307 684 279 798 852 458 
5	0.0: 362 603 708 879 206 886 852 460 
5	0.0: 358 452 461 711 419 1003 854 511 
5	0.0: 345 537 555 623 452 898 856 486 
1	0.0: 345 327 519 823 767 757 856 562 
5	0.0: 334 523 427 824 408 917 855 530 
5	0.0: 339 533 566 656 599 867 854 494 
5	0.0: 355 425 442 696 635 955 855 513 
5	0.0: 361 601 309 727 550 895 853 469 
5	0.0: 345 435 445 755 1 820 859 517 
5	0.0: 346 715 403 892 183 929 855 484 
5	0.0: 350 519 725 592 512 884 850 528 
5	0.0: 365 563 222 558 508 895 853 480 
5	0.0: 354 701 158 695 433 812 854 490 
5	0.0: 348 607 451 626 354 923 851 474 
5	0.0: 344 481 516 887 242 918 849 495 
5	0.0: 356 586 556 610 398 975 849 528 
5	0.0: 350 629 361 771 370 816 853 605 
5	0.0: 336 746 355 527 147 809 854 510 
5	0.0: 341 658 519 745 871 849 848 482 
5	0.0: 350 426 564 825 383 775 849 469 
5	0.0: 342 596 273 962 498 706 853 505 
5	0.0: 354 636 280 832 587 942 854 492 
5	0.0: 355 763 636 864 696 862 854 465 
5	0.0: 337 484 428 780 399 818 858 565 
5	0.0: 353 505 609 758 597 925 861 526 
5	0.0: 356 521 449 787 450 884 850 477 
5	0.0: 351 531 713 741 425 962 852 517 
5	0.0: 361 563 351 648 251 990 850 443 
5	0.0: 355 764 487 934 629 948 858 471 
5	0.0: 364 557 502 770 449 826 855 580 
5	0.0: 349 565 555 808 262 892 854 431 
5	0.0: 357 713 505 552 340 825 852 488 
5	0.0: 349 772 243 734 397 797 855 439 
5	0.0: 348 482 424 684 291 851 852 487 
5	0.0: 336 429 390 775 297 913 854 467 
5	0.0: 352 659 445 804 654 843 852 467 
5	0.0: 345 560 636 812 572 869 855 525 
5	0.0: 349 349 537 775 834 981 854 595 
5	0.0: 352 474 458 876 449 950 855 542 
5	0.0: 340 558 297 560 175 909 853 479 
5	0.0: 345 479 484 724 284 865 851 530 
5	0.0: 351 683 552 723 203 897 851 499 
5	0.0: 346 550 329 633 508 866 849 551 
5	0.0: 350 548 676 963 349 924 855 476 
5	0.0: 359 552 585 806 265 788 851 484 
5	0.0: 339 530 662 657 808 867 855 582 
2	0.0: 340 672 592 657 59 986 853 493 
2	0.0: 348 668 709 574 276 743 849 512 
5	0.0: 346 588 399 648 527 891 850 451 
5	0.0: 350 254 724 861 247 836 851 505 
5	0.0: 364 708 478 769 437 897 850 542 
5	0.0: 343 528 546 894 146 846 854 480 
5	0.0: 348 351 629 741 241 770 853 520 
5	0.0: 349 638 508 796 297 947 853 557 
2	0.0: 355 297 774 704 200 809 851 547 
5	0.0: 350 786 392 902 1 790 852 533 
5	0.0: 339 314 467 831 169 875 849 559 
5	0.0: 345 451 485 749 295 925 853 572 
5	0.0: 351 519 440 857 163 789 849 563 
5	0.0: 339 530 396 935 406 932 852 489 
5	0.0: 345 535 501 638 349 903 850 558 
5	0.0: 351 795 606 714 536 836 855 477 
5	0.0: 350 350 566 813 646 923 852 494 
5	0.0: 341 623 510 868 159 897 857 457 
5	0.0: 355 580 602 619 222 893 852 467 
5	0.0: 352 390 187 681 183 867 854 472 
5	0.0: 342 496 360 898 201 895 851 575 
5	0.0: 350 669 722 840 309 900 852 573 
5	0.0: 345 919 396 659 353 872 860 520 
5	0.0: 363 558 731 698 393 931 852 476 
5	0.0: 355 459 869 796 414 861 857 535 
5	0.0: 342 677 437 485 163 894 854 505 
5	0.0: 349 408 731 753 336 1014 847 513 
5	0.0: 354 595 720 648 291 896 859 462 
5	0.0: 346 734 738 676 718 961 858 492 
5	0.0: 375 678 289 781 453 920 851 455 
5	0.0: 345 344 623 747 598 942 855 473 
5	0.0: 353 538 514 671 399 935 854 550 
5	0.0: 334 449 332 675 225 912 851 571 
5	0.0: 341 487 424 829 238 961 855 536 
5	0.0: 351 661 519 858 682 842 854 513 
5	0.0: 350 533 189 763 541 980 855 508 
5	0.0: 344 620 399 746 586 964 854 498 
5	0.0: 340 527 283 554 632 672 854 511 
5	0.0: 352 547 513 790 606 812 854 531 
5	0.0: 342 538 620 874 178 885 851 507 
5	0.0: 350 579 367 713 541 869 851 482 
5	0.0: 344 708 655 712 168 969 854 590 
5	0.0: 353 602 511 681 421 981 850 508 
5	0.0: 336 593 472 714 188 826 854 491 
5	0.0: 338 500 316 777 346 879 850 529 
5	0.0: 346 659 645 550 574 968 854 466 
5	0.0: 342 381 475 629 471 877 853 511 
5	0.0: 342 504 691 778 270 900 857 474 
5	0.0: 345 503 344 571 458 855 853 474 
5	0.0: 344 645 598 648 226 830 855 524 
5	0.0: 354 520 586 777 488 797 851 505 
5	0.0: 353 428 378 592 340 904 850 538 
5	0.0: 355 548 349 831 593 954 858 490 
5	0.0: 336 478 385 788 583 1136 855 576 
5	0.0: 345 467 519 785 604 1093 853 517 
5	0.0: 344 825 221 355 141 795 852 508 
5	0.0: 356 611 445 830 412 834 854 522 
5	0.0: 353 663 489 837 642 816 852 533 
5	0.0: 342 500 733 966 445 792 855 498 
5	0.0: 351 536 427 871 278 703 851 502 
5	0.0: 354 519 553 933 346 790 853 463 
5	0.0: 354 441 596 550 483 987 854 444 
5	0.0: 349 451 483 717 416 941 853 471 
2	0.0: 349 543 871 762 159 992 853 460 
5	0.0: 344 322 356 681 536 811 853 490 
5	0.0: 353 786 414 805 520 884 855 450 
5	0.0: 362 510 429 707 388 795 851 476 
5	0.0: 357 443 483 817 234 892 851 473 
5	0.0: 359 465 491 683 416 944 851 554 
5	0.0: 355 542 701 840 251 864 849 634 
5	0.0: 346 569 497 825 342 728 851 497 
5	0.0: 360 890 421 531 504 781 851 468 
5	0.0: 362 170 438 783 1 835 850 471 
5	0.0: 350 326 470 966 426 997 854 459 
5	0.0: 354 549 350 657 96 950 856 533 
5	0.0: 346 722 572 713 70 817 850 559 
5	0.0: 350 365 501 1019 476 940 855 505 
5	0.0: 351 491 491 836 416 906 853 544 
5	0.0: 348 787 654 760 625 945 855 469 
5	0.0: 362 620 364 757 397 906 853 480 
5	0.0: 346 680 589 651 581 857 853 524 
5	0.0: 338 627 339 744 91 856 852 460 
5	0.0: 351 690 598 655 466 934 853 493 
5	0.0: 343 674 701 569 546 798 848 513 
5	0.0: 344 624 513 542 571 704 856 567 
5	0.0: 336 633 595 837 512 837 857 500 
5	0.0: 362 484 597 647 727 1013 850 533 
5	0.0: 357 483 594 784 364 866 852 483 
5	0.0: 339 589 521 646 234 978 852 504 
5	0.0: 349 532 395 820 380 996 853 464 
5	0.0: 349 555 425 715 349 769 850 467 
5	0.0: 355 778 742 863 116 875 854 548 
5	0.0: 353 474 616 714 637 748 854 476 
5	0.0: 341 400 534 621 552 944 853 493 
5	0.0: 352 599 478 813 611 998 854 498 
5	0.0: 349 829 399 790 655 758 856 542 
5	0.0: 345 697 830 698 544 835 856 531 
5	0.0: 342 518 235 726 642 865 854 520 
5	0.0: 347 635 274 678 330 945 856 537 
2	0.0: 345 681 815 621 197 815 853 445 
5	0.0: 343 399 425 885 1 956 852 534 
5	0.0: 350 602 357 592 412 969 855 388 
5	0.0: 345 780 369 759 644 926 854 474 
5	0.0: 347 457 748 619 520 860 852 503 
5	0.0: 347 489 563 751 622 942 855 435 
5	0.0: 349 642 398 708 459 859 851 431 
5	0.0: 349 461 577 847 521 855 855 498 
5	0.0: 349 555 497 702 609 909 852 484 
5	0.0: 352 375 274 724 213 963 852 520 
5	0.0: 354 517 583 605 814 786 853 533 
5	0.0: 359 469 624 696 179 899 855 510 
5	0.0: 342 518 279 576 686 953 851 456 
5	0.0: 349 885 578 728 182 663 856 478 
2	0.0: 357 588 671 697 1 925 859 552 
5	0.0: 338 469 326 689 372 847 856 526 
5	0.0: 351 577 301 864 520 894 852 450 
5	0.0: 343 513 656 654 318 987 849 562 
5	0.0: 357 613 351 686 517 814 856 456 
5	0.0: 340 343 335 782 587 872 855 573 
5	0.0: 355 585 327 693 505 1002 852 466 
5	0.0: 343 522 533 702 271 1070 854 489 
5	0.0: 337 588 337 587 368 766 855 536 
5	0.0: 353 465 480 859 452 945 850 454 
5	0.0: 345 765 549 665 148 854 847 519 
5	0.0: 357 434 531 682 298 884 854 500 
5	0.0: 352 429 480 695 356 971 856 498 
5	0.0: 357 595 529 580 186 1054 852 552 
2	0.0: 355 385 827 741 91 876 851 486 
5	0.0: 353 657 652 834 558 1020 855 507 
5	0.0: 333 668 524 828 271 895 851 507 
5	0.0: 348 462 508 881 329 913 855 524 
2	0.0: 353 431 658 633 1 843 851 524 
5	0.0: 357 664 446 629 674 897 855 506 
5	0.0: 341 604 378 897 321 915 851 446 
5	0.0: 354 519 574 577 298 947 854 500 
5	0.0: 338 504 486 771 141 893 858 479 
5	0.0: 354 564 443 708 535 809 851 432 
5	0.0: 338 823 260 642 484 790 850 497 
5	0.0: 361 542 634 852 305 992 852 499 
5	0.0: 339 579 468 868 500 898 855 513 
5	0.0: 354 377 515 729 398 895 853 455 
5	0.0: 359 713 336 673 9 774 854 495 
5	0.0: 360 409 426 858 510 849 853 426 
5	0.0: 347 499 635 848 536 823 853 518 
5	0.0: 358 531 540 937 501 929 853 431 
5	0.0: 353 331 490 713 320 883 851 496 
5	0.0: 344 504 556 830 496 836 855 502 
5	0.0: 360 620 530 691 756 875 854 531 
5	0.0: 352 551 526 928 650 724 851 504 
5	0.0: 340 687 682 710 544 910 855 496 
5	0.0: 356 609 395 568 543 870 858 419 
5	0.0: 355 718 456 729 728 904 850 532 
5	0.0: 362 532 627 759 527 941 852 496 
5	0.0: 345 632 558 642 290 896 851 449 
5	0.0: 347 679 527 927 191 835 856 483 
5	0.0: 355 573 693 693 563 905 852 452 
5	0.0: 357 579 399 859 368 955 850 466 
5	0.0: 355 475 595 935 205 893 855 459 
5	0.0: 339 658 434 678 749 830 854 499 
5	0.0: 355 725 637 635 417 982 850 423 
5	0.0: 355 602 613 704 300 933 854 561 
5	0.0: 347 557 433 678 250 931 850 499 
5	0.0: 350 711 542 825 641 907 856 448 
5	0.0: 350 355 265 669 520 784 856 468 
5	0.0: 357 473 590 724 576 949 851 494 
5	0.0: 361 431 513 842 151 972 854 537 
5	0.0: 351 707 302 607 458 898 851 493 
5	0.0: 347 657 470 749 524 914 855 465 
5	0.0: 349 391 580 787 772 918 852 557 
5	0.0: 346 693 466 769 406 891 857 560 
5	0.0: 353 367 358 657 1 886 853 484 
5	0.0: 354 416 451 660 387 854 857 462 
5	0.0: 360 764 517 664 222 1022 855 555 
5	0.0: 353 528 263 671 249 850 852 541 
5	0.0: 338 406 579 680 445 922 849 504 
5	0.0: 353 804 756 761 420 819 852 594 
5	0.0: 355 506 489 711 473 773 856 454 
5	0.0: 343 815 475 703 483 920 856 462 
5	0.0: 348 412 353 596 151 902 853 448 
5	0.0: 355 707 548 747 560 862 851 546 
5	0.0: 338 470 395 527 476 772 854 506 
5	0.0: 349 607 417 651 29 819 855 496 
5	0.0: 352 616 629 811 247 777 850 511 
5	0.0: 347 792 568 679 447 897 857 474 
5	0.0: 341 477 481 821 743 954 856 485 
5	0.0: 346 536 571 578 289 839 856 498 
5	0.0: 345 727 450 712 1 721 851 514 
6	0.0: 345 416 230 610 896 706 858 488 
5	0.0: 353 568 537 677 450 948 852 543 
5	0.0: 344 498 561 608 335 859 853 437 
5	0.0: 343 652 423 696 664 782 852 461 
5	0.0: 354 517 544 765 579 914 852 433 
5	0.0: 329 649 416 840 302 981 857 544 
5	0.0: 351 463 572 822 411 750 854 521 
2	0.0: 348 397 760 695 257 1003 855 442 
5	0.0: 351 473 402 652 473 893 857 493 
5	0.0: 366 426 643 741 626 824 854 498 
5	0.0: 354 777 397 427 13 745 854 538 
5	0.0: 344 428 572 516 333 991 855 480 
5	0.0: 353 448 466 720 391 922 855 520 
5	0.0: 353 383 348 710 522 993 856 456 
5	0.0: 349 477 552 603 334 890 853 443 
5	0.0: 344 414 568 508 548 683 855 545 
5	0.0: 343 328 465 891 338 850 852 540 
5	0.0: 340 659 383 826 401 849 854 565 
5	0.0: 346 734 494 862 69 936 857 516 
5	0.0: 347 650 825 661 508 782 855 502 
5	0.0: 350 582 455 661 183 888 856 549 
5	0.0: 349 633 418 808 79 897 852 493 
5	0.0: 338 773 381 814 441 891 852 531 
2	0.0: 341 670 658 725 14 901 853 551 
5	0.0: 342 488 393 749 316 933 855 497 
5	0.0: 348 449 685 875 377 871 851 535 
5	0.0: 347 760 528 674 216 953 854 579 
5	0.0: 344 388 715 933 181 920 853 509 
5	0.0: 346 569 333 1002 557 891 851 517 
5	0.0: 350 679 437 926 366 1059 853 458 
5	0.0: 354 716 583 712 456 1013 852 575 
5	0.0: 340 607 516 740 335 1063 851 505 
5	0.0: 352 555 528 622 484 722 855 452 
5	0.0: 350 463 289 607 469 857 852 514 
5	0.0: 344 724 663 752 290 950 854 564 
5	0.0: 355 449 427 922 241 974 854 456 
5	0.0: 354 512 629 489 462 1002 851 532 
5	0.0: 331 370 728 780 348 924 853 538 
5	0.0: 346 430 561 715 606 893 852 507 
5	0.0: 345 613 654 671 355 849 850 470 
5	0.0: 345 477 452 718 172 918 853 471 
5	0.0: 354 546 618 738 611 913 847 558 
5	0.0: 333 589 398 644 209 888 853 487 
5	0.0: 340 547 327 897 509 884 856 463 
5	0.0: 339 513 612 537 232 829 856 483 
5	0.0: 353 595 458 693 232 942 856 597 
2	0.0: 347 502 657 573 167 907 857 515 
5	0.0: 352 547 325 747 393 931 856 483 
5	0.0: 359 608 241 635 506 934 848 449 
5	0.0: 357 518 555 656 327 998 855 487 
5	0.0: 355 530 362 652 403 893 852 486 
5	0.0: 341 618 433 544 425 931 851 491 
5	0.0: 348 681 449 800 429 1010 858 515 
5	0.0: 356 536 471 584 357 777 852 444 
5	0.0: 341 416 682 855 801 700 854 395 
5	0.0: 342 548 669 874 220 863 854 544 
5	0.0: 339 520 452 704 287 814 855 493 
5	0.0: 356 589 755 878 473 837 859 497 
5	0.0: 346 454 485 727 620 791 854 559 
5	0.0: 348 797 395 710 685 896 850 528 
5	0.0: 357 630 699 607 351 891 854 448 
5	0.0: 341 555 346 520 443 895 855 543 
5	0.0: 343 557 396 625 785 891 857 456 
5	0.0: 351 484 449 677 411 764 858 471 
5	0.0: 341 617 491 888 494 846 853 499 
5	0.0: 349 483 630 610 405 958 851 474 
5	0.0: 348 557 476 562 882 741 850 491 
5	0.0: 342 524 545 655 305 952 854 536 
5	0.0: 355 537 257 796 437 889 852 457 
5	0.0: 353 457 429 737 327 917 857 491 
5	0.0: 350 455 582 752 539 940 852 520 
5	0.0: 345 509 168 824 304 753 852 513 
5	0.0: 336 681 613 827 301 777 856 482 
5	0.0: 353 568 416 699 266 767 853 534 
5	0.0: 361 548 616 600 410 945 855 536 
5	0.0: 335 553 310 756 207 1054 856 458 
5	0.0: 344 623 396 715 279 883 853 498 
5	0.0: 348 690 275 765 386 890 853 555 
5	0.0: 353 473 783 835 392 713 855 473 
5	0.0: 335 712 294 909 386 962 851 582 
5	0.0: 343 583 386 892 407 773 848 458 
5	0.0: 363 602 611 877 507 974 852 502 
5	0.0: 354 637 476 747 292 901 854 513 
5	0.0: 355 589 399 546 460 1024 857 502 
5	0.0: 351 577 393 793 1 881 852 467 
5	0.0: 349 473 380 692 431 821 856 527 
5	0.0: 358 443 536 667 596 907 847 480 
5	0.0: 343 853 490 693 75 935 851 505 
5	0.0: 354 630 369 625 208 950 851 470 
5	0.0: 348 755 355 839 361 907 856 412 
5	0.0: 345 559 552 893 324 805 851 519 
5	0.0: 341 471 398 786 707 934 858 525 
5	0.0: 346 602 470 455 478 891 852 517 
5	0.0: 351 554 530 909 90 1004 855 555 
5	0.0: 356 562 553 818 239 929 851 433 
5	0.0: 347 498 458 824 634 942 853 440 
5	0.0: 349 454 482 695 272 905 854 475 
5	0.0: 358 618 668 877 377 802 848 495 
5	0.0: 355 595 446 700 45 785 856 501 
5	0.0: 351 617 382 904 596 816 849 483 
5	0.0: 340 552 445 575 710 717 851 546 
5	0.0: 355 388 496 716 187 915 851 489 
5	0.0: 341 369 624 757 315 827 855 511 
5	0.0: 346 726 747 807 700 857 857 511 
2	0.0: 341 645 711 779 115 851 853 488 
5	0.0: 350 503 528 922 456 831 852 515 
2	0.0: 350 643 547 517 96 787 852 461 
5	0.0: 342 628 770 838 394 781 856 479 
5	0.0: 341 624 487 903 711 917 857 491 
5	0.0: 347 516 601 588 229 829 858 517 
5	0.0: 328 625 462 827 384 856 851 493 
5	0.0: 347 710 454 667 48 919 858 446 
5	0.0: 360 470 504 786 420 860 853 458 
5	0.0: 348 468 373 709 543 1045 853 499 
5	0.0: 345 503 518 644 331 742 852 465 
5	0.0: 350 540 450 679 322 704 856 540 
5	0.0: 344 689 640 839 113 753 851 524 
5	0.0: 348 572 316 591 298 960 852 523 
5	0.0: 353 476 579 755 173 892 852 484 
5	0.0: 350 578 449 741 597 960 854 500 
5	0.0: 349 316 323 823 173 1117 851 500 
5	0.0: 351 514 398 785 495 902 851 496 
5	0.0: 346 329 759 821 401 803 854 469 
5	0.0: 354 441 513 551 438 828 857 559 
5	0.0: 341 549 414 762 444 955 850 531 
5	0.0: 342 574 559 920 264 965 852 518 
5	0.0: 342 714 464 591 587 965 858 526 
5	0.0: 337 563 527 840 302 632 853 477 
5	0.0: 345 338 401 848 490 888 854 539 
5	0.0: 352 606 568 771 339 946 852 487 
5	0.0: 359 569 427 971 392 828 850 537 
5	0.0: 343 566 325 734 577 857 850 506 
5	0.0: 360 655 527 869 584 849 850 455 
5	0.0: 355 559 313 591 223 929 852 435 
5	0.0: 352 661 417 813 584 844 853 505 
5	0.0: 352 631 507 720 413 850 855 504 
5	0.0: 360 642 488 931 249 797 855 508 
5	0.0: 350 508 565 687 248 817 858 460 
5	0.0: 332 513 516 639 471 877 856 450 
6	0.0: 359 455 499 834 959 850 856 551 
5	0.0: 346 578 207 820 8 921 853 445 
5	0.0: 350 557 404 670 502 802 855 393 
5	0.0: 353 390 493 686 627 914 853 555 
5	0.0: 354 507 603 828 169 965 851 487 
5	0.0: 345 557 296 702 210 838 854 481 
2	0.0: 353 406 700 712 31 943 855 485 
5	0.0: 359 715 377 533 492 886 855 470 
5	0.0: 348 425 457 633 582 759 851 516 
5	0.0: 357 635 748 711 603 907 854 537 
5	0.0: 349 474 533 739 327 884 852 411 
5	0.0: 355 839 598 838 659 910 852 523 
5	0.0: 355 590 508 801 737 832 854 507 
5	0.0: 350 616 658 836 384 979 852 544 
5	0.0: 343 444 479 839 341 854 860 506 
5	0.0: 336 465 641 602 267 743 858 468 
5	0.0: 354 661 252 758 257 958 852 556 
5	0.0: 349 385 528 654 231 938 852 503 
5	0.0: 356 560 299 700 165 841 850 514 
5	0.0: 345 595 637 596 467 1026 856 508 
5	0.0: 338 790 462 776 282 926 858 484 
5	0.0: 343 575 459 735 253 880 854 519 
5	0.0: 350 624 568 540 318 985 853 516 
5	0.0: 348 550 286 919 193 859 851 537 
5	0.0: 351 750 621 677 239 879 858 450 
5	0.0: 350 699 350 724 465 826 853 525 
5	0.0: 346 576 570 593 361 983 855 461 
2	0.0: 345 554 547 660 1 889 854 456 
5	0.0: 358 547 478 714 314 811 853 577 
5	0.0: 353 526 594 815 294 851 856 523 
5	0.0: 349 493 573 799 576 900 856 443 
5	0.0: 356 479 317 850 442 843 855 473 
5	0.0: 349 197 442 866 326 880 855 549 
5	0.0: 346 760 443 770 760 884 852 505 
5	0.0: 350 517 774 812 747 867 853 517 
5	0.0: 349 668 482 707 1 911 852 490 
5	0.0: 342 729 522 914 204 874 854 488 
5	0.0: 355 375 526 917 197 1043 853 576 
5	0.0: 357 677 563 831 189 834 856 458 
5	0.0: 355 626 743 783 294 905 850 587 
5	0.0: 346 706 685 672 427 817 852 448 
5	0.0: 354 590 396 799 324 948 852 510 
5	0.0: 348 427 712 747 588 928 852 544 
5	0.0: 356 715 623 841 172 965 855 479 
5	0.0: 344 676 335 606 799 876 853 533 
5	0.0: 345 571 465 677 311 769 849 546 
5	0.0: 360 376 525 639 152 960 854 498 
5	0.0: 353 686 839 774 527 722 852 512 
5	0.0: 344 516 493 713 501 978 855 515 
5	0.0: 342 643 590 809 295 872 854 474 
5	0.0: 358 682 339 881 463 948 851 528 
5	0.0: 346 691 666 689 373 927 851 476 
5	0.0: 355 833 335 638 292 804 858 494 
5	0.0: 343 511 443 902 388 883 849 513 
5	0.0: 351 613 549 839 498 978 851 517 
5	0.0: 349 654 332 783 631 864 852 560 
5	0.0: 351 720 456 626 589 838 853 561 
5	0.0: 351 780 408 682 278 811 851 454 
2	0.0: 350 584 890 843 172 863 854 510 
5	0.0: 353 683 421 777 92 888 853 478 
5	0.0: 342 520 435 571 559 902 856 471 
5	0.0: 343 318 585 915 397 820 854 494 
5	0.0: 349 318 744 749 475 828 855 557 
5	0.0: 364 431 334 668 1 858 854 559 
5	0.0: 352 664 473 879 394 898 852 446 
5	0.0: 349 531 648 466 533 907 857 450 
5	0.0: 350 628 458 748 243 974 854 519 
5	0.0: 350 564 492 568 524 924 855 498 
5	0.0: 348 476 643 736 508 860 853 569 
5	0.0: 351 414 273 879 442 790 858 443 
5	0.0: 348 486 390 733 390 1029 852 537 
5	0.0: 357 282 505 869 566 979 848 496 
5	0.0: 354 598 274 726 251 888 856 551 
5	0.0: 355 437 681 582 738 883 853 502 
5	0.0: 359 574 450 815 544 810 852 576 
5	0.0: 351 539 375 950 396 906 850 532 
5	0.0: 355 513 377 779 612 837 856 516 
5	0.0: 360 717 442 504 230 995 854 507 
5	0.0: 350 572 696 836 688 855 848 526 
5	0.0: 354 480 767 732 522 919 856 516 
5	0.0: 363 559 518 555 302 880 854 520 
5	0.0: 347 682 527 552 452 858 850 427 
5	0.0: 365 508 319 876 185 870 855 503 
5	0.0: 352 564 627 637 264 947 849 518 
5	0.0: 358 678 805 638 513 977 856 526 
5	0.0: 343 536 716 809 210 934 854 522 
5	0.0: 352 529 432 779 328 910 856 499 
5	0.0: 346 688 498 771 727 941 853 490 
5	0.0: 343 607 600 812 297 942 854 479 
5	0.0: 348 657 596 995 343 880 854 483 
5	0.0: 358 737 639 582 295 857 858 490 
5	0.0: 345 573 775 799 389 890 853 542 
5	0.0: 353 710 420 725 523 895 853 522 
5	0.0: 351 837 455 503 658 926 854 517 
5	0.0: 344 484 498 628 513 816 853 574 
5	0.0: 358 638 729 672 248 954 855 516 
5	0.0: 361 576 384 718 556 916 852 450 
5	0.0: 342 500 608 735 293 934 852 526 
5	0.0: 359 499 441 791 315 1008 856 519 
5	0.0: 350 572 514 770 377 874 852 567 
5	0.0: 347 826 370 701 461 904 855 475 
5	0.0: 335 717 639 774 469 965 853 510 
5	0.0: 336 536 237 511 283 861 856 457 
5	0.0: 367 610 419 594 397 994 849 468 
5	0.0: 353 525 287 813 470 774 856 528 
5	0.0: 345 752 516 731 694 907 854 539 
5	0.0: 342 646 444 683 267 981 854 453 
5	0.0: 354 605 313 776 817 893 850 417 
5	0.0: 349 639 574 885 134 869 854 517 
2	0.0: 345 320 663 662 114 904 851 531 
5	0.0: 355 533 399 945 1 994 854 450 
5	0.0: 352 825 472 662 202 816 851 436 
2	0.0: 350 473 687 668 10 780 854 530 
5	0.0: 351 475 493 633 447 800 856 511 
5	0.0: 368 626 712 980 461 873 850 529 
5	0.0: 352 811 343 501 471 950 854 548 
5	0.0: 346 782 535 770 455 1055 851 451 
5	0.0: 349 437 463 752 112 815 860 543 
5	0.0: 338 469 589 715 356 797 852 529 
5	0.0: 353 505 252 673 1 760 855 507 
5	0.0: 336 572 473 996 190 858 850 516 
5	0.0: 355 432 272 879 370 965 857 488 
5	0.0: 344 655 460 891 186 885 853 540 
5	0.0: 344 419 437 691 547 977 855 482 
5	0.0: 359 460 518 723 498 805 852 525 
5	0.0: 339 555 355 819 460 927 853 491 
5	0.0: 343 580 585 923 710 940 857 540 
5	0.0: 336 475 286 717 496 812 854 465 
5	0.0: 333 508 721 731 631 895 853 453 
5	0.0: 342 363 390 703 218 922 852 493 
5	0.0: 335 540 628 674 277 935 857 508 
5	0.0: 354 582 667 718 604 951 856 519 
5	0.0: 348 506 405 900 622 889 849 530 
5	0.0: 357 426 419 630 1 1035 857 483 
5	0.0: 352 435 572 729 356 967 853 474 
5	0.0: 358 424 456 653 388 897 855 489 
5	0.0: 360 692 516 764 341 833 852 469 
5	0.0: 346 330 584 786 215 829 850 538 
5	0.0: 340 553 274 660 335 1015 855 506 
5	0.0: 339 921 400 619 568 933 859 468 
5	0.0: 347 837 519 810 628 917 854 493 
5	0.0: 337 714 473 746 376 766 853 458 
5	0.0: 341 532 641 636 645 888 854 496 
2	0.0: 357 862 721 458 178 1045 852 511 
5	0.0: 337 371 435 715 309 879 859 496 
5	0.0: 354 499 625 845 546 902 850 524 
5	0.0: 343 672 340 544 362 895 852 528 
5	0.0: 369 859 550 634 246 838 854 467 
5	0.0: 351 799 628 935 587 733 854 535 
5	0.0: 345 740 405 695 136 806 848 501 
5	0.0: 355 589 545 629 518 716 852 493 
5	0.0: 333 644 311 719 635 841 855 542 
5	0.0: 364 429 661 686 392 873 854 427 
5	0.0: 341 462 447 804 449 996 853 544 
2	0.0: 349 458 686 482 289 846 850 511 
5	0.0: 364 362 446 536 287 909 853 418 
5	0.0: 339 631 363 686 291 981 854 451 
5	0.0: 338 733 357 864 410 778 853 456 
5	0.0: 367 692 467 863 397 811 853 533 
5	0.0: 360 681 352 496 231 891 853 440 
5	0.0: 355 488 496 584 420 1005 852 515 
5	0.0: 340 684 621 716 400 996 849 467 
2	0.0: 347 617 636 591 125 857 851 495 
5	0.0: 357 733 370 798 658 970 855 468 
5	0.0: 353 557 601 585 662 757 859 515 
5	0.0: 354 780 809 688 393 1001 856 487 
5	0.0: 356 336 258 634 260 867 854 515 
5	0.0: 356 738 529 880 1 907 853 427 
5	0.0: 346 557 575 952 333 833 854 549 
5	0.0: 341 701 426 830 443 890 854 435 
5	0.0: 344 501 547 770 400 911 859 476 
5	0.0: 359 526 490 691 1 911 852 478 
5	0.0: 334 565 680 780 687 935 854 536 
5	0.0: 351 401 384 667 559 758 852 476 
5	0.0: 335 661 620 786 552 856 853 533 
5	0.0: 355 645 419 796 114 731 853 504 
5	0.0: 343 348 542 837 350 947 860 471 
5	0.0: 349 405 603 777 588 887 852 412 
5	0.0: 339 570 549 819 960 881 852 409 
5	0.0: 351 552 477 807 138 913 853 508 
5	0.0: 347 822 766 1017 496 801 852 447 
5	0.0: 347 564 334 708 185 868 857 515 
5	0.0: 354 694 305 661 316 884 857 483 
2	0.0: 342 542 564 453 132 870 853 442 
5	0.0: 349 638 551 715 551 852 852 527 
5	0.0: 340 674 530 540 291 745 851 493 
5	0.0: 346 431 280 743 376 914 849 532 
5	0.0: 350 501 726 617 532 788 855 440 
5	0.0: 345 661 589 626 583 841 852 465 
5	0.0: 354 885 464 454 199 1014 853 537 
5	0.0: 352 567 654 921 345 786 853 546 
5	0.0: 354 829 666 698 407 990 856 506 
5	0.0: 350 324 657 746 408 887 850 516 
5	0.0: 342 704 599 702 392 946 855 513 
5	0.0: 367 557 567 562 293 1030 855 565 
5	0.0: 352 673 547 580 474 994 853 482 
5	0.0: 359 706 482 665 306 862 853 489 
5	0.0: 349 583 424 708 267 983 851 480 
5	0.0: 352 745 501 541 412 874 851 524 
5	0.0: 349 477 507 752 796 1040 853 541 
5	0.0: 345 463 464 762 559 970 855 452 
5	0.0: 345 474 583 932 107 926 845 455 
5	0.0: 356 685 375 816 520 849 853 486 
5	0.0: 348 429 618 732 537 855 858 508 
5	0.0: 345 526 611 848 338 779 851 552 
5	0.0: 352 491 468 763 301 906 853 550 
5	0.0: 354 553 457 797 577 945 854 460 
5	0.0: 356 462 432 638 349 884 854 540 
5	0.0: 361 502 183 799 348 885 854 566 
5	0.0: 338 698 389 544 431 933 855 556 
5	0.0: 347 521 568 686 407 869 854 500 
5	0.0: 345 598 537 753 835 881 853 527 
5	0.0: 346 611 614 875 571 940 853 496 
5	0.0: 354 655 626 711 204 867 857 539 
5	0.0: 350 595 549 555 410 1003 852 456 
5	0.0: 360 456 474 496 211 870 855 507 
5	0.0: 349 550 420 828 76 813 859 520 
5	0.0: 350 542 300 758 266 828 849 468 
5	0.0: 355 511 496 821 149 935 851 568 
5	0.0: 348 399 472 751 724 975 854 444 
5	0.0: 337 455 262 766 365 921 848 544 
5	0.0: 355 506 332 687 229 726 856 493 
5	0.0: 355 610 490 853 666 757 851 486 
5	0.0: 356 635 578 736 535 913 853 494 
5	0.0: 349 720 553 633 573 882 855 549 
2	0.0: 352 677 699 738 1 940 857 553 
5	0.0: 348 555 338 724 510 879 857 501 
5	0.0: 354 445 202 713 249 910 853 549 
5	0.0: 347 387 501 666 451 873 851 526 
5	0.0: 350 673 219 712 105 768 857 575 
5	0.0: 344 691 501 622 372 878 854 464 
5	0.0: 346 601 519 573 355 1064 853 455 
5	0.0: 345 680 520 817 83 885 852 529 
2	0.0: 342 576 630 457 254 870 853 484 
5	0.0: 351 518 541 899 413 956 857 463 
6	0.0: 347 511 238 829 811 980 848 535 
5	0.0: 338 474 580 1109 530 865 856 496 
5	0.0: 344 611 477 792 291 928 853 496 
2	0.0: 354 584 792 650 63 917 852 490 
5	0.0: 349 419 295 870 304 941 852 533 
5	0.0: 350 777 716 561 555 893 859 506 
5	0.0: 339 680 361 767 485 905 855 470 
5	0.0: 358 700 488 646 661 819 853 501 
5	0.0: 344 656 285 902 687 934 851 496 
5	0.0: 345 367 463 619 149 908 854 509 
5	0.0: 361 737 686 727 461 894 855 510 
5	0.0: 347 449 447 758 523 730 853 522 
5	0.0: 349 655 783 806 388 982 848 524 
5	0.0: 359 542 538 669 438 834 854 506 
5	0.0: 357 663 438 795 570 767 854 518 
6	0.0: 350 476 508 664 998 881 852 507 
5	0.0: 361 768 811 825 556 812 856 470 
5	0.0: 348 393 439 748 94 859 851 444 
5	0.0: 360 760 405 545 480 917 854 442 
5	0.0: 337 563 731 932 269 834 856 507 
5	0.0: 359 573 381 658 522 944 853 463 
5	0.0: 336 583 390 812 472 830 852 488 
5	0.0: 352 563 380 682 470 846 850 509 
5	0.0: 338 562 521 787 361 889 856 549 
5	0.0: 354 523 510 721 151 845 855 478 
5	0.0: 359 676 448 702 269 823 851 514 
5	0.0: 350 485 577 718 459 842 852 473 
5	0.0: 349 516 445 717 211 838 851 435 
5	0.0: 351 635 508 918 214 906 853 504 
5	0.0: 355 604 410 732 326 766 855 509 
5	0.0: 349 649 352 669 496 877 854 475 
5	0.0: 349 368 209 836 264 877 854 528 
2	0.0: 366 608 755 664 266 900 853 494 
5	0.0: 355 371 491 529 202 980 849 502 
5	0.0: 351 559 479 840 517 1029 854 471 
5	0.0: 352 533 479 941 709 977 851 523 
2	0.0: 341 637 672 472 145 886 851 506 
5	0.0: 343 331 645 572 347 964 849 550 
5	0.0: 342 458 335 806 733 848 851 520 
5	0.0: 344 478 600 594 380 875 851 518 
5	0.0: 354 491 394 672 307 997 854 480 
5	0.0: 353 747 584 782 205 919 854 541 
5	0.0: 342 413 894 788 517 929 858 479 
5	0.0: 360 541 283 574 505 777 852 468 
5	0.0: 358 452 497 686 809 893 854 533 
5	0.0: 357 434 453 800 120 850 851 457 
5	0.0: 348 545 617 711 816 859 851 538 
5	0.0: 346 560 616 752 867 698 849 539 
5	0.0: 353 611 701 938 727 949 851 541 
5	0.0: 343 857 598 602 610 870 854 548 
5	0.0: 339 629 624 705 190 797 857 536 
5	0.0: 344 412 357 719 274 927 854 533 
5	0.0: 352 581 590 682 398 782 851 512 
5	0.0: 353 719 475 649 376 765 851 456 
5	0.0: 340 283 577 842 444 948 855 453 
5	0.0: 343 519 484 925 160 733 851 532 
5	0.0: 361 500 244 622 671 879 853 523 
5	0.0: 349 657 524 634 303 874 856 508 
5	0.0: 357 402 198 729 266 771 852 479 
5	0.0: 364 620 717 757 392 907 855 501 
5	0.0: 344 737 296 836 268 863 858 606 
5	0.0: 357 502 572 745 622 844 854 495 
5	0.0: 342 678 422 632 519 809 854 461 
2	0.0: 361 496 664 738 131 938 852 466 
5	0.0: 345 641 452 658 447 846 852 542 
5	0.0: 346 608 610 670 342 773 853 482 
5	0.0: 346 621 482 725 86 787 853 489 
5	0.0: 348 758 260 1013 352 839 856 492 
5	0.0: 353 772 606 650 505 921 847 509 
5	0.0: 346 346 459 815 432 867 856 571 
5	0.0: 348 557 547 554 747 991 851 483 
2	0.0: 356 495 716 656 163 912 852 513 
5	0.0: 351 500 644 679 453 852 851 566 
5	0.0: 359 611 458 600 216 745 853 444 
5	0.0: 345 603 360 787 603 819 852 467 
5	0.0: 359 364 702 647 343 793 850 566 
5	0.0: 357 550 396 713 721 944 853 461 
5	0.0: 350 552 737 773 613 991 852 487 
5	0.0: 345 619 612 818 362 930 851 453 
5	0.0: 356 633 400 668 667 969 853 483 
5	0.0: 347 650 472 928 342 799 856 518 
5	0.0: 345 422 485 746 701 873 846 533 
5	0.0: 358 328 392 584 708 767 853 533 
5	0.0: 336 495 526 747 623 854 858 547 
5	0.0: 356 712 428 980 53 791 854 481 
5	0.0: 336 655 482 749 262 938 852 508 
5	0.0: 359 510 316 626 215 810 855 474 
5	0.0: 357 676 571 659 289 1011 853 553 
5	0.0: 354 479 401 884 654 856 856 485 
5	0.0: 353 553 505 773 460 959 854 487 
5	0.0: 354 709 564 794 486 974 856 501 
5	0.0: 362 600 418 548 726 892 855 516 
5	0.0: 348 583 446 962 1 935 857 435 
5	0.0: 341 644 475 833 137 880 855 512 
5	0.0: 345 367 670 599 400 808 857 481 
5	0.0: 351 398 530 699 393 891 851 480 
5	0.0: 352 473 493 820 173 842 851 533 
5	0.0: 363 494 487 705 543 783 850 477 
