0	0.0: 727 621 726 467 1 1007 218 880 
0	0.0: 975 761 678 642 35 825 252 895 
0	0.0: 1019 749 821 599 223 808 124 882 
0	0.0: 573 708 836 521 72 922 175 754 
0	0.0: 882 704 720 531 101 882 156 717 
2	0.0: 851 821 632 576 1 822 190 428 
0	0.0: 694 707 650 569 153 976 1 652 
0	0.0: 995 724 735 530 31 764 38 712 
0	0.0: 1147 809 609 766 1 832 146 844 
2	0.0: 841 672 790 562 1 819 265 618 
0	0.0: 832 782 749 527 1 839 385 898 
0	0.0: 722 746 620 661 66 802 1 610 
0	0.0: 745 728 771 568 6 1037 153 702 
0	0.0: 656 791 743 674 13 858 317 795 
0	0.0: 746 720 729 566 1 749 62 669 
0	0.0: 729 644 784 534 1 787 175 818 
0	0.0: 732 780 687 602 54 719 87 821 
0	0.0: 955 670 705 598 1 854 326 721 
0	0.0: 781 693 775 582 219 834 42 909 
0	0.0: 791 802 617 634 1 853 66 695 
0	0.0: 712 745 528 486 161 802 104 720 
0	0.0: 723 803 715 657 65 895 78 743 
0	0.0: 1125 635 732 616 203 792 115 805 
0	0.0: 804 685 676 618 1 841 216 645 
0	0.0: 809 701 676 498 80 952 91 761 
0	0.0: 935 771 800 693 1 890 15 921 
0	0.0: 670 836 658 647 98 842 1 875 
4	0.0: 637 708 607 775 1 812 86 495 
2	0.0: 809 831 804 632 63 983 194 293 
2	0.0: 785 708 752 616 76 806 462 607 
2	0.0: 876 838 831 419 1 847 229 654 
0	0.0: 719 856 635 582 34 915 149 894 
0	0.0: 845 693 637 566 1 935 76 562 
0	0.0: 800 601 880 494 70 907 350 786 
0	0.0: 900 698 772 515 152 867 1 801 
0	0.0: 929 806 649 526 1 832 239 691 
0	0.0: 779 769 562 659 1 788 163 612 
2	0.0: 1029 732 668 443 1 885 299 560 
2	0.0: 794 772 859 525 155 948 263 446 
0	0.0: 760 815 561 488 1 867 13 784 
2	0.0: 1009 651 774 578 1 824 351 628 
2	0.0: 806 722 650 556 48 756 69 433 
0	0.0: 700 678 658 480 54 800 19 750 
0	0.0: 707 815 658 370 1 878 264 644 
0	0.0: 891 633 714 639 1 757 404 732 
0	0.0: 825 851 840 673 193 810 316 856 
0	0.0: 449 858 703 631 7 864 44 750 
0	0.0: 767 657 638 589 1 885 212 940 
0	0.0: 662 688 509 484 71 913 307 898 
2	0.0: 667 794 779 707 1 897 218 663 
0	0.0: 661 704 617 582 1 848 41 717 
0	0.0: 890 802 724 623 56 864 1 608 
2	0.0: 632 712 962 659 25 813 346 605 
0	0.0: 1074 704 731 637 20 925 182 775 
2	0.0: 591 742 679 622 1 892 192 581 
4	0.0: 511 701 611 528 1 797 15 568 
3	0.0: 859 674 828 484 366 885 242 397 
2	0.0: 805 692 709 548 1 759 286 296 
2	0.0: 787 673 646 650 1 928 245 580 
2	0.0: 883 772 652 654 78 866 389 268 
0	0.0: 631 620 767 536 104 984 202 885 
0	0.0: 651 597 852 587 1 907 1 768 
0	0.0: 1061 674 714 432 1 892 160 724 
0	0.0: 729 735 764 624 55 877 289 802 
0	0.0: 757 685 624 524 130 723 79 939 
2	0.0: 738 675 513 606 1 869 177 430 
5	0.0: 641 756 685 643 167 877 439 723 
2	0.0: 776 828 709 613 60 831 192 528 
0	0.0: 755 719 912 570 150 803 91 742 
0	0.0: 903 669 729 564 1 823 192 805 
3	0.0: 879 810 694 425 135 809 40 515 
2	0.0: 541 813 787 596 1 822 435 664 
2	0.0: 830 767 782 560 1 815 108 563 
0	0.0: 744 879 631 563 121 825 163 540 
0	0.0: 884 752 822 590 65 928 107 653 
0	0.0: 777 814 505 550 110 775 237 747 
0	0.0: 836 790 840 572 137 961 227 799 
0	0.0: 764 812 748 510 14 794 276 716 
0	0.0: 663 801 719 551 107 829 172 764 
2	0.0: 837 832 817 540 161 785 193 493 
2	0.0: 904 830 635 562 95 899 268 571 
2	0.0: 949 836 587 567 123 817 278 238 
0	0.0: 837 866 648 587 5 818 170 605 
0	0.0: 911 717 610 492 1 806 44 571 
0	0.0: 978 835 859 515 1 776 130 1080 
0	0.0: 538 683 890 436 1 898 1 880 
4	0.0: 490 743 808 712 1 925 1 659 
0	0.0: 817 656 936 566 11 888 1 1019 
0	0.0: 986 790 630 573 1 781 223 614 
2	0.0: 643 628 658 498 1 897 423 606 
0	0.0: 792 779 801 610 1 834 271 744 
3	0.0: 933 755 624 479 257 1015 1 555 
0	0.0: 735 748 778 653 1 866 97 990 
0	0.0: 775 790 557 445 32 854 158 785 
0	0.0: 831 769 666 587 179 865 79 927 
0	0.0: 669 874 733 588 182 817 293 956 
4	0.0: 688 660 819 555 77 716 146 619 
0	0.0: 446 687 581 537 136 863 173 960 
0	0.0: 693 948 774 610 43 910 320 777 
0	0.0: 884 701 529 594 163 973 71 859 
0	0.0: 867 786 447 605 263 979 233 750 
0	0.0: 714 606 795 685 1 912 294 1269 
0	0.0: 808 732 580 454 112 867 116 955 
2	0.0: 642 639 602 570 1 809 376 516 
2	0.0: 928 669 840 486 139 852 1 457 
2	0.0: 885 814 772 568 1 813 175 648 
2	0.0: 916 726 719 636 1 841 275 440 
2	0.0: 952 726 709 579 59 731 157 306 
0	0.0: 753 783 892 666 1 896 192 869 
0	0.0: 850 730 675 592 107 804 181 591 
0	0.0: 733 692 682 478 191 797 365 607 
2	0.0: 811 818 727 651 1 844 299 596 
0	0.0: 823 711 712 555 137 872 1 897 
0	0.0: 964 666 557 603 33 817 96 910 
0	0.0: 752 746 704 639 1 841 293 797 
5	0.0: 548 733 536 531 32 849 164 438 
0	0.0: 772 943 570 565 181 825 270 719 
0	0.0: 614 857 774 626 151 812 186 710 
0	0.0: 911 675 704 683 1 834 242 699 
0	0.0: 538 711 900 539 1 784 1 913 
0	0.0: 828 670 825 593 39 791 112 751 
2	0.0: 960 691 732 581 50 743 65 474 
0	0.0: 855 708 817 504 127 909 209 802 
0	0.0: 706 719 838 536 1 840 1 949 
0	0.0: 797 812 611 576 1 917 89 855 
0	0.0: 815 788 634 601 1 800 30 848 
0	0.0: 762 779 667 619 1 818 158 768 
0	0.0: 735 725 629 639 10 771 324 766 
2	0.0: 639 634 635 592 65 826 185 470 
0	0.0: 789 668 753 524 1 802 42 947 
2	0.0: 596 776 684 531 1 842 269 590 
0	0.0: 840 824 803 504 1 840 25 879 
0	0.0: 768 875 680 586 1 927 118 652 
0	0.0: 818 771 767 562 160 736 197 647 
2	0.0: 657 725 809 666 1 843 186 693 
2	0.0: 839 698 862 595 1 859 200 702 
0	0.0: 850 725 567 533 1 885 89 832 
0	0.0: 819 736 765 584 1 736 181 796 
0	0.0: 680 793 779 563 1 825 68 710 
0	0.0: 1055 788 571 639 1 874 227 773 
0	0.0: 742 667 650 575 149 862 135 802 
0	0.0: 989 645 675 537 1 843 528 827 
0	0.0: 866 697 561 593 139 771 121 566 
0	0.0: 757 698 717 500 97 908 279 739 
0	0.0: 876 788 666 561 1 849 1 936 
0	0.0: 873 695 803 542 78 836 1 1043 
0	0.0: 607 782 636 567 26 888 114 685 
0	0.0: 721 741 694 701 135 859 42 619 
4	0.0: 679 889 792 597 18 872 1 591 
0	0.0: 713 718 835 538 1 842 141 731 
0	0.0: 692 777 758 451 344 852 372 828 
2	0.0: 802 636 772 544 37 746 417 648 
0	0.0: 615 771 603 624 120 762 135 708 
2	0.0: 833 671 743 630 101 924 301 587 
2	0.0: 856 761 704 714 1 715 339 686 
0	0.0: 1138 673 666 626 96 1018 239 736 
0	0.0: 824 822 657 461 1 838 1 834 
0	0.0: 907 727 612 606 10 861 61 860 
4	0.0: 628 839 755 610 92 837 85 611 
0	0.0: 735 795 690 448 1 758 97 720 
2	0.0: 820 785 728 535 1 807 215 504 
0	0.0: 600 834 574 603 50 1010 159 740 
0	0.0: 932 697 783 642 1 707 225 826 
0	0.0: 765 647 652 592 1 836 1 727 
2	0.0: 716 716 664 591 43 707 149 540 
0	0.0: 814 730 671 566 99 923 370 738 
0	0.0: 903 679 545 569 1 749 358 632 
0	0.0: 896 689 817 661 37 735 1 640 
0	0.0: 716 767 744 648 174 899 1 993 
0	0.0: 661 786 760 718 191 770 302 748 
0	0.0: 814 670 641 570 30 758 42 787 
0	0.0: 786 814 674 508 1 792 206 841 
0	0.0: 697 887 590 532 130 687 175 735 
0	0.0: 827 723 679 572 205 984 184 693 
0	0.0: 902 684 665 627 1 751 194 658 
0	0.0: 901 815 724 638 102 894 62 772 
0	0.0: 758 797 749 655 33 770 70 838 
0	0.0: 857 784 452 593 1 772 225 851 
0	0.0: 809 705 601 652 127 927 85 708 
2	0.0: 957 758 680 447 1 809 196 538 
2	0.0: 702 756 678 463 1 862 434 660 
2	0.0: 944 712 770 598 7 762 1 578 
4	0.0: 598 756 953 499 1 865 1 744 
0	0.0: 948 858 690 609 1 896 155 619 
2	0.0: 701 830 707 648 1 751 402 687 
0	0.0: 811 679 797 558 219 870 291 663 
0	0.0: 900 817 695 573 1 768 242 865 
2	0.0: 858 752 642 628 111 964 303 593 
0	0.0: 776 684 674 660 1 946 1 855 
0	0.0: 978 710 735 604 10 869 50 651 
2	0.0: 651 724 815 531 1 916 521 709 
0	0.0: 563 740 682 653 1 933 79 855 
0	0.0: 649 943 657 522 30 699 237 776 
0	0.0: 774 604 795 587 1 804 94 789 
4	0.0: 680 734 743 517 69 659 59 432 
2	0.0: 739 734 896 497 98 920 292 608 
2	0.0: 1000 798 821 621 1 779 1 461 
0	0.0: 939 659 832 598 1 839 107 822 
2	0.0: 673 715 654 577 1 788 264 581 
0	0.0: 821 793 787 507 81 906 1 848 
2	0.0: 821 781 791 677 60 811 243 390 
0	0.0: 816 905 758 596 1 771 6 918 
0	0.0: 717 805 725 640 23 711 173 724 
0	0.0: 887 769 704 719 27 871 259 778 
0	0.0: 965 675 839 522 247 813 149 692 
0	0.0: 981 708 730 603 1 871 106 739 
0	0.0: 821 752 583 697 1 887 203 912 
2	0.0: 666 793 707 444 28 857 261 481 
0	0.0: 1013 626 859 444 1 819 78 957 
2	0.0: 985 692 618 736 1 752 179 574 
5	0.0: 568 699 661 670 145 947 388 779 
0	0.0: 735 849 647 642 1 731 110 696 
0	0.0: 811 716 571 627 1 729 91 903 
0	0.0: 514 746 699 481 1 869 1 742 
0	0.0: 793 767 647 460 133 923 1 575 
0	0.0: 494 707 587 476 1 794 64 665 
0	0.0: 806 792 627 631 53 890 398 865 
0	0.0: 780 817 521 572 1 921 1 704 
0	0.0: 920 728 685 558 1 731 107 732 
0	0.0: 933 610 700 625 1 919 249 852 
4	0.0: 678 661 734 572 1 709 149 619 
0	0.0: 741 573 718 440 1 980 332 815 
2	0.0: 775 871 1005 569 1 839 197 486 
0	0.0: 714 718 881 520 1 643 332 780 
2	0.0: 813 778 747 676 1 836 286 435 
0	0.0: 973 836 683 604 1 863 170 933 
0	0.0: 830 715 796 480 1 914 269 747 
0	0.0: 647 757 776 459 128 859 245 776 
0	0.0: 1247 696 789 585 1 850 203 722 
0	0.0: 748 793 616 527 55 895 309 904 
0	0.0: 899 695 609 585 1 883 418 684 
0	0.0: 682 729 720 527 1 883 278 764 
2	0.0: 775 699 653 677 1 828 135 561 
2	0.0: 886 812 715 487 1 853 302 652 
0	0.0: 945 842 734 613 97 889 238 764 
0	0.0: 909 751 718 567 39 868 186 719 
2	0.0: 811 755 771 625 13 887 1 574 
0	0.0: 902 579 722 658 1 808 243 677 
0	0.0: 802 855 832 624 1 899 144 1076 
5	0.0: 749 875 762 678 225 871 353 649 
0	0.0: 795 714 719 647 39 901 254 748 
0	0.0: 810 748 749 525 32 920 1 778 
4	0.0: 871 777 637 673 1 664 1 501 
0	0.0: 1103 685 872 585 1 959 182 948 
0	0.0: 1055 753 663 694 1 760 1 889 
2	0.0: 787 690 651 566 1 857 203 423 
0	0.0: 968 832 794 601 1 916 1 717 
2	0.0: 831 729 783 549 136 831 36 425 
0	0.0: 1015 789 913 619 1 824 168 931 
5	0.0: 630 881 654 679 1 843 166 594 
2	0.0: 920 661 837 615 107 718 46 257 
0	0.0: 721 748 780 679 65 1038 27 897 
0	0.0: 883 837 753 634 97 770 130 694 
2	0.0: 803 681 652 600 1 801 1 366 
0	0.0: 774 661 847 572 1 878 90 893 
0	0.0: 871 818 566 590 241 845 45 625 
0	0.0: 688 652 623 574 177 829 181 840 
2	0.0: 1252 733 796 612 1 823 1 592 
0	0.0: 599 733 720 549 44 916 152 636 
2	0.0: 954 829 760 473 93 947 222 579 
0	0.0: 952 744 597 419 1 759 31 528 
0	0.0: 923 785 879 538 1 846 1 950 
0	0.0: 1035 809 554 562 183 849 174 761 
2	0.0: 812 822 733 631 1 850 169 477 
0	0.0: 773 691 698 532 65 956 204 981 
0	0.0: 844 696 678 589 1 866 469 902 
0	0.0: 1084 750 724 543 1 946 252 856 
0	0.0: 948 697 772 622 235 753 380 672 
2	0.0: 643 602 825 543 64 908 357 611 
0	0.0: 879 803 830 680 35 899 117 697 
2	0.0: 993 822 721 669 23 807 190 439 
0	0.0: 745 725 549 608 21 982 216 648 
0	0.0: 599 721 605 508 32 830 145 721 
0	0.0: 905 799 624 532 85 799 349 757 
0	0.0: 788 648 725 598 1 842 124 663 
0	0.0: 699 782 453 487 1 810 99 912 
2	0.0: 834 839 910 540 1 915 170 585 
0	0.0: 637 620 606 705 1 856 160 838 
0	0.0: 779 682 684 554 1 789 154 989 
0	0.0: 890 770 827 740 27 765 110 1028 
0	0.0: 725 754 663 617 1 838 1 706 
0	0.0: 584 780 736 564 1 917 146 860 
0	0.0: 643 743 737 604 1 732 202 822 
0	0.0: 803 704 718 692 1 797 399 892 
0	0.0: 763 721 754 479 1 732 192 708 
0	0.0: 749 819 949 555 27 851 332 1012 
0	0.0: 1018 861 701 605 204 892 1 962 
0	0.0: 1028 651 721 581 21 866 80 696 
0	0.0: 605 716 752 457 1 744 264 814 
0	0.0: 847 697 663 570 134 825 129 1048 
0	0.0: 526 678 780 504 1 895 142 701 
2	0.0: 623 615 573 598 1 821 259 501 
0	0.0: 1047 757 595 538 46 814 165 690 
2	0.0: 853 804 766 533 1 765 347 408 
2	0.0: 647 726 838 564 70 835 236 395 
2	0.0: 797 795 810 488 1 856 139 503 
0	0.0: 851 672 583 506 1 889 156 938 
0	0.0: 786 690 696 541 1 921 110 719 
0	0.0: 729 752 668 506 1 845 198 839 
0	0.0: 672 788 600 571 1 939 1 584 
0	0.0: 792 697 638 566 1 868 310 789 
0	0.0: 811 707 604 632 115 871 37 529 
3	0.0: 928 791 613 495 163 853 1 417 
2	0.0: 774 769 792 631 73 941 158 550 
0	0.0: 712 798 788 666 1 792 61 837 
2	0.0: 675 782 605 587 139 845 522 536 
0	0.0: 662 700 774 496 1 766 183 822 
0	0.0: 806 745 624 569 131 802 403 684 
0	0.0: 984 749 794 667 55 832 283 947 
2	0.0: 895 674 850 593 1 744 240 669 
0	0.0: 722 742 847 452 1 883 215 935 
2	0.0: 918 824 834 549 1 794 280 647 
2	0.0: 768 820 778 564 1 748 244 510 
2	0.0: 793 762 817 495 1 733 234 622 
2	0.0: 901 826 715 542 177 869 286 509 
0	0.0: 760 778 786 755 1 832 195 857 
0	0.0: 584 780 708 646 1 812 265 890 
0	0.0: 779 914 692 585 244 857 575 826 
0	0.0: 553 757 721 532 1 969 1 667 
0	0.0: 888 873 733 571 1 763 21 874 
0	0.0: 749 826 564 496 1 831 358 733 
0	0.0: 827 772 746 511 44 1006 1 644 
0	0.0: 529 803 801 558 1 823 43 863 
0	0.0: 903 720 736 617 123 770 1 853 
0	0.0: 860 649 714 537 1 856 96 642 
2	0.0: 967 795 680 610 1 841 189 231 
4	0.0: 728 697 801 656 55 764 81 682 
2	0.0: 732 806 684 534 12 907 387 635 
2	0.0: 692 688 629 480 28 911 272 511 
0	0.0: 896 805 849 577 1 938 1 935 
0	0.0: 951 732 594 420 1 726 146 765 
0	0.0: 898 815 745 582 1 947 147 719 
0	0.0: 728 675 603 527 1 721 200 801 
2	0.0: 733 715 763 629 1 799 78 527 
0	0.0: 668 653 529 557 202 686 183 981 
0	0.0: 836 785 737 581 1 791 309 892 
2	0.0: 737 747 647 579 1 730 304 575 
0	0.0: 910 723 429 529 1 778 118 730 
0	0.0: 1030 717 441 554 1 879 322 664 
0	0.0: 600 793 707 492 1 818 147 997 
0	0.0: 693 722 684 612 1 889 382 921 
0	0.0: 704 753 540 624 112 985 126 885 
5	0.0: 648 780 753 790 61 854 235 700 
0	0.0: 715 796 738 633 1 908 290 824 
0	0.0: 638 858 668 599 1 723 149 976 
0	0.0: 735 768 636 679 1 885 271 838 
0	0.0: 940 751 673 619 1 902 400 736 
4	0.0: 696 709 892 575 39 858 1 715 
4	0.0: 670 621 656 597 86 751 1 608 
0	0.0: 854 570 681 755 136 747 250 790 
0	0.0: 847 637 894 672 20 876 95 1040 
2	0.0: 770 836 695 525 1 771 308 549 
0	0.0: 631 755 748 713 1 898 236 795 
0	0.0: 843 670 722 627 1 791 167 1042 
0	0.0: 584 799 778 518 157 718 280 1091 
0	0.0: 571 749 579 578 1 811 91 954 
4	0.0: 571 834 644 723 1 780 1 622 
0	0.0: 889 699 491 474 48 762 282 848 
0	0.0: 788 830 830 557 1 852 93 792 
0	0.0: 787 859 840 529 167 860 218 698 
0	0.0: 1023 780 712 521 1 842 184 831 
0	0.0: 676 700 644 520 78 925 16 952 
0	0.0: 651 825 619 601 148 736 1 715 
0	0.0: 909 813 663 489 61 788 313 750 
0	0.0: 726 693 650 460 34 831 129 632 
2	0.0: 746 810 797 535 1 771 227 533 
0	0.0: 1041 840 840 640 1 768 96 891 
0	0.0: 562 659 582 539 76 824 281 713 
0	0.0: 815 690 770 480 1 880 374 804 
2	0.0: 852 662 810 464 28 811 46 420 
2	0.0: 929 909 846 610 44 792 195 560 
4	0.0: 461 706 657 535 171 804 114 632 
0	0.0: 602 758 602 528 171 850 155 751 
0	0.0: 650 739 676 640 1 836 1 992 
0	0.0: 848 856 718 599 38 863 120 599 
0	0.0: 850 730 640 626 1 916 118 856 
5	0.0: 618 798 474 681 184 820 284 636 
0	0.0: 643 616 511 566 30 881 346 732 
0	0.0: 610 733 741 504 1 767 109 992 
0	0.0: 896 841 804 668 1 830 103 832 
0	0.0: 906 789 782 495 1 898 40 741 
0	0.0: 704 819 666 390 26 868 295 857 
0	0.0: 717 754 673 565 251 894 174 633 
0	0.0: 665 748 742 506 1 844 72 766 
0	0.0: 708 711 648 474 171 941 564 1024 
0	0.0: 779 607 726 560 1 997 82 764 
0	0.0: 663 704 818 436 1 857 318 925 
0	0.0: 824 836 667 689 1 905 174 1101 
2	0.0: 485 684 652 490 1 924 428 651 
0	0.0: 745 699 556 525 1 854 259 851 
2	0.0: 744 776 683 615 1 819 2 306 
0	0.0: 760 739 570 485 1 741 185 795 
0	0.0: 914 707 568 632 69 785 59 790 
0	0.0: 609 886 676 430 1 804 304 754 
0	0.0: 629 772 603 539 94 665 402 875 
2	0.0: 911 794 633 613 1 966 1 430 
0	0.0: 943 731 606 616 1 859 46 817 
2	0.0: 876 825 605 603 109 823 218 373 
0	0.0: 748 693 652 514 1 899 603 777 
0	0.0: 810 662 677 498 22 881 275 876 
0	0.0: 712 636 478 654 163 742 1 620 
0	0.0: 797 765 740 628 88 719 30 797 
2	0.0: 673 884 625 607 1 908 245 444 
2	0.0: 1140 778 617 572 54 869 270 499 
0	0.0: 799 632 716 568 114 858 1 824 
0	0.0: 733 673 738 564 32 845 79 668 
0	0.0: 986 770 718 584 14 831 1 760 
0	0.0: 626 602 705 615 33 830 277 755 
0	0.0: 819 784 672 448 42 718 234 1024 
2	0.0: 912 833 834 656 211 805 66 371 
0	0.0: 843 739 525 522 25 894 159 1073 
0	0.0: 860 819 780 544 148 826 232 744 
0	0.0: 840 764 715 471 138 929 1 732 
2	0.0: 774 807 894 462 1 787 365 485 
0	0.0: 674 713 587 644 108 802 1 650 
0	0.0: 674 787 549 612 24 792 159 931 
0	0.0: 699 652 683 636 1 956 51 801 
0	0.0: 642 744 698 685 82 802 1 826 
0	0.0: 989 713 722 676 40 1013 1 780 
2	0.0: 654 841 652 548 78 774 154 533 
2	0.0: 693 720 787 620 1 804 386 576 
0	0.0: 773 840 582 578 51 957 329 631 
0	0.0: 825 779 765 520 1 747 409 899 
0	0.0: 672 720 819 549 1 816 217 881 
0	0.0: 898 641 717 669 1 870 1 823 
2	0.0: 757 822 594 721 1 805 184 480 
0	0.0: 649 856 574 566 1 848 94 824 
0	0.0: 703 686 864 704 1 782 105 871 
0	0.0: 802 754 792 456 93 937 194 889 
0	0.0: 843 772 703 662 72 828 161 668 
0	0.0: 797 748 597 517 36 804 284 686 
2	0.0: 797 783 724 538 1 911 141 564 
0	0.0: 787 814 740 529 211 847 292 645 
2	0.0: 795 724 679 605 1 776 1 484 
0	0.0: 725 755 595 541 165 886 261 741 
2	0.0: 900 862 826 540 1 798 317 615 
0	0.0: 811 765 876 538 64 919 167 726 
4	0.0: 751 676 671 618 57 682 1 582 
4	0.0: 694 802 721 636 63 917 1 529 
0	0.0: 1017 783 572 689 1 823 247 663 
0	0.0: 983 850 666 471 1 905 26 654 
0	0.0: 844 816 639 545 1 845 131 947 
0	0.0: 669 740 769 518 1 723 274 755 
0	0.0: 798 695 489 557 1 890 116 784 
0	0.0: 813 716 925 561 1 867 109 1037 
2	0.0: 743 823 771 643 1 907 311 374 
0	0.0: 976 784 575 637 1 900 385 894 
0	0.0: 879 829 766 676 1 817 91 1047 
0	0.0: 755 750 816 579 71 908 171 794 
0	0.0: 770 705 748 644 2 871 1 594 
0	0.0: 1124 634 767 491 108 878 97 616 
0	0.0: 702 803 633 517 134 966 290 918 
0	0.0: 843 726 898 677 1 873 255 782 
0	0.0: 665 824 594 557 1 892 112 831 
0	0.0: 763 790 646 641 1 887 1 829 
2	0.0: 776 833 722 599 53 865 192 483 
0	0.0: 761 696 601 572 1 800 1 653 
2	0.0: 663 675 730 532 1 718 361 607 
0	0.0: 767 731 795 557 70 842 98 628 
0	0.0: 923 802 694 636 1 923 170 920 
0	0.0: 757 749 755 656 149 771 21 883 
0	0.0: 702 722 500 692 1 822 156 739 
0	0.0: 794 742 809 429 71 835 225 741 
2	0.0: 751 775 699 533 41 839 336 552 
0	0.0: 801 818 704 591 1 802 170 920 
2	0.0: 969 662 679 653 24 859 230 544 
4	0.0: 591 783 820 631 1 821 173 522 
0	0.0: 897 899 630 616 256 914 284 867 
0	0.0: 911 710 636 517 238 985 284 674 
0	0.0: 926 756 550 679 13 834 188 1018 
0	0.0: 965 750 823 606 160 847 73 710 
2	0.0: 632 624 649 577 1 874 519 681 
0	0.0: 974 757 686 625 122 767 54 800 
4	0.0: 383 731 779 596 1 812 183 620 
0	0.0: 562 709 609 543 1 812 204 893 
0	0.0: 835 575 629 648 162 830 185 649 
2	0.0: 811 665 582 624 1 895 68 507 
5	0.0: 603 656 569 660 153 943 185 655 
2	0.0: 832 652 708 614 1 844 81 507 
0	0.0: 841 826 696 598 166 844 1 674 
0	0.0: 723 697 586 608 188 882 234 893 
0	0.0: 919 783 642 606 30 754 256 694 
2	0.0: 919 766 779 562 11 955 229 603 
0	0.0: 773 572 692 539 1 793 175 883 
0	0.0: 936 758 743 544 252 771 294 687 
0	0.0: 758 696 752 636 62 815 236 712 
0	0.0: 824 651 726 605 97 960 149 644 
0	0.0: 652 598 691 591 25 929 1 629 
5	0.0: 827 682 648 715 109 848 319 597 
0	0.0: 999 634 772 545 1 869 272 910 
2	0.0: 998 703 824 546 1 723 339 643 
0	0.0: 635 762 609 518 1 850 1 756 
2	0.0: 1045 765 805 616 1 762 267 548 
0	0.0: 937 782 746 587 72 793 239 934 
0	0.0: 634 722 735 582 1 1006 110 857 
2	0.0: 589 791 945 484 1 904 197 645 
5	0.0: 765 754 614 575 317 782 174 550 
0	0.0: 875 758 623 727 123 886 1 711 
2	0.0: 668 897 599 569 1 729 258 556 
0	0.0: 937 695 673 674 1 834 280 683 
0	0.0: 937 821 784 548 1 855 1 686 
2	0.0: 656 860 751 647 1 878 278 586 
0	0.0: 862 789 785 591 59 919 231 880 
0	0.0: 874 734 667 562 25 872 145 788 
0	0.0: 806 681 855 691 44 724 344 860 
0	0.0: 887 723 734 609 1 801 321 988 
2	0.0: 792 792 736 483 67 847 19 448 
0	0.0: 776 685 579 560 95 773 163 544 
0	0.0: 810 702 780 506 1 751 253 748 
0	0.0: 676 772 787 509 98 783 31 795 
0	0.0: 548 799 820 576 1 860 217 1232 
0	0.0: 858 780 608 636 78 692 85 821 
0	0.0: 587 768 522 530 16 875 329 808 
0	0.0: 885 647 672 546 1 822 191 982 
2	0.0: 649 710 959 706 1 909 246 638 
0	0.0: 914 735 634 592 94 949 203 615 
2	0.0: 821 672 793 665 1 902 240 559 
0	0.0: 735 740 605 556 37 957 223 648 
0	0.0: 844 751 876 536 298 759 263 671 
2	0.0: 715 595 754 691 1 979 339 633 
3	0.0: 1033 811 602 473 234 803 90 599 
2	0.0: 1149 805 750 757 1 895 171 357 
0	0.0: 879 799 757 628 23 814 1 759 
5	0.0: 781 772 581 597 185 920 230 558 
2	0.0: 930 665 829 532 1 775 254 507 
0	0.0: 883 877 813 537 25 903 1 715 
0	0.0: 999 701 737 595 167 923 105 843 
0	0.0: 623 692 513 569 128 826 93 703 
0	0.0: 753 839 774 455 100 956 194 700 
5	0.0: 823 814 560 698 60 795 417 581 
2	0.0: 827 805 620 531 2 883 318 534 
2	0.0: 1050 762 693 585 1 894 119 443 
0	0.0: 620 858 557 578 29 682 102 968 
0	0.0: 961 651 755 611 1 894 270 823 
0	0.0: 793 645 667 483 152 780 185 710 
0	0.0: 817 815 810 674 129 911 185 774 
0	0.0: 799 582 808 581 163 832 99 857 
0	0.0: 751 638 741 451 1 916 109 858 
0	0.0: 735 677 662 604 1 902 229 763 
5	0.0: 739 854 771 689 280 919 30 599 
4	0.0: 686 733 734 604 94 856 16 568 
2	0.0: 545 755 816 542 1 814 403 651 
2	0.0: 1005 859 965 567 1 1024 67 603 
0	0.0: 1078 705 630 640 120 759 273 754 
2	0.0: 874 663 672 541 1 852 262 310 
0	0.0: 810 759 671 539 45 761 260 744 
0	0.0: 804 753 617 542 1 912 110 979 
0	0.0: 673 770 689 551 46 845 135 681 
0	0.0: 855 691 791 615 1 924 257 775 
0	0.0: 898 698 849 667 114 899 262 833 
0	0.0: 921 875 619 627 1 781 25 1020 
2	0.0: 933 791 766 561 28 854 530 687 
0	0.0: 954 549 656 614 74 799 126 704 
0	0.0: 790 873 615 456 87 779 281 1028 
0	0.0: 739 676 637 528 1 869 216 607 
0	0.0: 762 775 684 468 110 895 1 620 
0	0.0: 742 854 704 453 29 1054 128 962 
2	0.0: 804 763 827 529 14 843 80 480 
0	0.0: 671 825 646 590 61 862 43 1297 
0	0.0: 839 764 718 537 122 849 99 710 
0	0.0: 808 797 708 639 98 802 67 844 
2	0.0: 807 773 744 530 1 840 171 567 
0	0.0: 790 687 770 550 1 796 269 857 
0	0.0: 883 744 669 569 56 796 281 881 
0	0.0: 775 802 946 522 1 758 233 897 
2	0.0: 914 676 914 606 70 848 314 520 
0	0.0: 815 707 651 594 99 881 98 837 
0	0.0: 683 630 669 458 131 735 47 767 
2	0.0: 948 714 744 651 1 873 120 593 
0	0.0: 986 610 880 613 1 854 190 943 
0	0.0: 888 744 831 588 70 881 208 921 
0	0.0: 550 754 604 513 1 812 1 696 
0	0.0: 874 810 698 545 1 813 270 890 
0	0.0: 726 652 652 649 1 837 58 839 
0	0.0: 802 693 745 619 19 745 8 671 
0	0.0: 1023 809 472 558 178 743 1 723 
0	0.0: 814 691 787 537 1 838 1 773 
2	0.0: 881 794 843 533 176 841 184 607 
0	0.0: 757 799 696 550 90 725 235 949 
0	0.0: 552 694 746 598 1 777 160 843 
0	0.0: 827 797 640 510 1 874 46 741 
0	0.0: 915 698 733 602 1 859 341 849 
2	0.0: 889 862 970 555 81 819 347 374 
0	0.0: 978 709 668 555 1 877 352 951 
2	0.0: 686 866 763 630 1 775 206 601 
0	0.0: 801 787 667 619 63 823 1 551 
4	0.0: 802 629 929 539 90 773 1 578 
0	0.0: 943 648 708 462 46 815 235 677 
0	0.0: 783 747 725 601 80 837 1 692 
2	0.0: 983 702 680 603 66 883 89 466 
0	0.0: 843 819 638 527 1 804 127 866 
0	0.0: 1037 826 808 627 291 836 1 885 
0	0.0: 956 733 632 467 10 712 1 755 
0	0.0: 733 810 932 639 1 828 197 886 
0	0.0: 1033 711 808 608 1 804 255 760 
2	0.0: 784 583 752 792 42 844 219 591 
0	0.0: 767 777 643 544 156 774 96 866 
0	0.0: 888 790 536 563 1 963 259 663 
2	0.0: 813 763 696 573 1 876 245 614 
0	0.0: 1064 745 676 567 91 768 262 696 
3	0.0: 993 875 665 486 157 895 36 487 
0	0.0: 899 733 751 670 7 805 307 836 
2	0.0: 966 719 751 616 1 888 292 625 
0	0.0: 854 553 684 426 125 846 156 852 
2	0.0: 815 558 633 603 53 789 91 497 
0	0.0: 627 663 947 655 96 808 285 974 
2	0.0: 889 707 698 609 1 863 207 591 
0	0.0: 635 795 786 500 48 906 99 694 
4	0.0: 678 849 804 529 1 787 1 531 
0	0.0: 650 758 832 442 13 906 43 903 
0	0.0: 900 766 780 537 1 874 283 750 
0	0.0: 956 709 788 568 1 811 135 714 
0	0.0: 822 687 816 622 211 890 272 810 
4	0.0: 565 771 799 651 1 888 211 671 
4	0.0: 677 763 705 663 1 770 99 612 
2	0.0: 843 849 620 702 11 830 347 558 
2	0.0: 822 808 754 566 1 705 311 485 
0	0.0: 942 702 639 519 1 868 151 798 
4	0.0: 674 830 788 588 1 767 1 472 
0	0.0: 744 732 848 592 1 866 42 856 
2	0.0: 645 819 843 521 160 719 314 537 
0	0.0: 644 874 737 558 1 734 311 712 
0	0.0: 906 755 801 544 11 846 129 884 
0	0.0: 580 719 680 526 153 830 439 1078 
2	0.0: 747 852 695 619 1 910 250 605 
2	0.0: 938 733 701 575 16 927 449 485 
2	0.0: 676 764 726 628 1 774 295 531 
2	0.0: 806 882 676 553 85 927 141 426 
0	0.0: 658 639 831 580 170 831 123 793 
0	0.0: 596 722 617 586 179 844 214 665 
0	0.0: 753 849 507 509 60 859 36 846 
0	0.0: 761 810 764 527 120 863 140 640 
0	0.0: 700 747 645 470 1 780 91 869 
0	0.0: 528 675 682 648 45 737 124 837 
0	0.0: 837 759 640 607 204 1003 170 805 
0	0.0: 926 781 616 558 1 899 137 1117 
0	0.0: 887 689 749 492 1 836 453 769 
0	0.0: 822 911 575 479 70 782 109 708 
0	0.0: 604 762 690 656 226 876 244 853 
0	0.0: 820 706 660 600 1 828 331 1034 
0	0.0: 1004 660 611 579 1 892 308 1037 
0	0.0: 628 641 649 664 19 698 248 810 
0	0.0: 1017 818 702 620 42 869 165 681 
2	0.0: 1153 642 738 652 48 865 205 638 
0	0.0: 937 755 808 482 240 870 1 732 
0	0.0: 762 716 707 557 209 954 48 1068 
2	0.0: 906 764 514 474 1 821 330 443 
4	0.0: 594 629 708 579 1 823 1 645 
0	0.0: 743 806 719 613 11 824 80 765 
0	0.0: 856 580 662 641 1 911 152 741 
0	0.0: 940 697 743 489 27 770 186 662 
2	0.0: 908 931 693 610 1 747 210 398 
0	0.0: 701 713 732 511 1 725 30 1068 
0	0.0: 728 739 561 591 1 854 1 532 
0	0.0: 772 713 662 498 32 871 1 677 
0	0.0: 756 736 748 623 103 860 383 942 
2	0.0: 803 726 827 654 1 687 414 507 
3	0.0: 795 777 576 542 236 797 78 500 
0	0.0: 1006 629 785 647 171 743 263 746 
0	0.0: 732 775 712 599 97 748 233 732 
0	0.0: 1162 792 801 555 71 793 1 869 
0	0.0: 929 892 739 656 69 753 178 829 
0	0.0: 800 762 748 561 61 853 246 836 
0	0.0: 777 727 856 481 1 945 62 842 
2	0.0: 544 678 822 529 1 924 362 646 
0	0.0: 755 838 498 564 1 824 1 705 
0	0.0: 946 752 863 534 115 895 188 855 
2	0.0: 775 722 712 593 123 888 317 526 
0	0.0: 830 840 806 443 426 777 245 750 
0	0.0: 1044 713 775 605 1 856 392 901 
2	0.0: 1111 748 716 705 137 811 316 535 
2	0.0: 839 808 716 566 1 754 204 528 
0	0.0: 773 844 717 565 178 891 235 834 
5	0.0: 749 860 588 691 79 916 285 570 
0	0.0: 1046 673 646 625 1 868 28 954 
0	0.0: 792 804 856 559 1 887 88 932 
0	0.0: 943 797 794 568 1 870 5 773 
0	0.0: 855 796 644 597 58 757 256 752 
0	0.0: 774 688 693 583 1 834 182 724 
0	0.0: 906 658 911 575 240 945 312 924 
0	0.0: 780 706 584 726 162 697 312 914 
4	0.0: 606 833 837 691 1 779 226 688 
2	0.0: 755 697 739 525 133 792 492 613 
0	0.0: 752 735 792 478 1 854 131 842 
0	0.0: 678 709 656 650 1 829 71 692 
0	0.0: 583 737 505 590 1 886 1 876 
0	0.0: 807 683 575 488 1 821 253 730 
0	0.0: 864 915 677 521 48 687 265 878 
0	0.0: 897 593 629 499 1 758 51 591 
0	0.0: 631 695 638 675 1 848 1 927 
0	0.0: 696 710 750 411 227 731 23 796 
0	0.0: 809 686 728 523 1 930 6 595 
0	0.0: 815 747 775 586 1 891 104 864 
0	0.0: 861 694 645 721 1 875 347 793 
0	0.0: 756 840 889 574 1 877 198 863 
2	0.0: 766 727 803 629 1 890 214 505 
0	0.0: 875 744 623 590 82 677 194 805 
2	0.0: 869 747 693 531 1 833 322 232 
5	0.0: 634 692 593 722 1 943 18 529 
0	0.0: 510 852 772 517 1 985 66 727 
2	0.0: 773 552 878 514 48 1069 159 636 
0	0.0: 820 781 685 724 1 862 126 758 
0	0.0: 911 785 718 499 1 900 216 850 
0	0.0: 760 732 445 515 1 865 190 731 
2	0.0: 824 677 793 535 1 817 68 443 
0	0.0: 681 870 732 685 72 776 188 952 
0	0.0: 854 729 739 638 58 808 158 863 
0	0.0: 750 601 699 516 158 789 335 980 
2	0.0: 749 638 731 554 1 892 66 526 
0	0.0: 885 728 665 498 1 757 179 614 
0	0.0: 996 766 694 529 1 878 156 800 
0	0.0: 626 763 741 607 1 650 456 898 
0	0.0: 740 697 602 626 1 866 277 980 
0	0.0: 813 847 689 587 78 812 309 869 
0	0.0: 883 767 758 595 1 891 435 789 
2	0.0: 1006 762 612 433 1 861 264 428 
2	0.0: 589 771 772 573 32 909 227 444 
0	0.0: 876 748 722 596 1 772 190 800 
0	0.0: 770 714 669 689 1 711 211 1052 
0	0.0: 744 875 842 573 214 696 231 758 
2	0.0: 736 727 795 614 10 916 186 531 
0	0.0: 939 785 709 489 67 840 133 833 
2	0.0: 781 647 890 622 1 997 222 596 
0	0.0: 855 700 668 491 19 764 21 853 
2	0.0: 833 885 765 537 1 815 237 530 
0	0.0: 827 672 546 671 1 754 212 820 
5	0.0: 733 707 618 617 55 888 132 545 
0	0.0: 703 763 764 540 1 809 77 987 
0	0.0: 1006 780 463 534 126 813 235 549 
0	0.0: 979 763 606 615 1 762 118 620 
2	0.0: 860 729 813 686 60 849 38 532 
0	0.0: 742 696 667 650 1 812 77 904 
0	0.0: 827 697 833 583 293 829 1 614 
0	0.0: 884 712 761 683 1 796 468 827 
0	0.0: 902 506 723 533 177 791 265 654 
0	0.0: 587 808 867 614 1 877 228 874 
0	0.0: 607 821 674 605 1 919 56 859 
2	0.0: 638 750 574 459 7 755 79 412 
4	0.0: 612 671 869 688 1 738 184 700 
2	0.0: 798 770 743 605 1 898 134 582 
0	0.0: 866 794 702 556 1 825 127 885 
0	0.0: 759 913 777 539 1 815 174 874 
2	0.0: 634 837 584 519 142 853 381 429 
0	0.0: 748 793 699 554 1 856 170 795 
2	0.0: 611 739 691 587 1 888 190 420 
2	0.0: 840 817 841 525 1 824 145 561 
0	0.0: 848 780 670 507 1 822 226 868 
0	0.0: 853 812 723 580 1 814 1 840 
2	0.0: 856 900 765 722 90 838 311 570 
2	0.0: 907 696 940 591 4 852 233 450 
2	0.0: 712 685 853 479 1 829 1 411 
0	0.0: 1000 794 720 538 67 865 2 621 
0	0.0: 1015 799 651 656 1 834 115 1019 
0	0.0: 648 769 850 603 103 810 117 761 
0	0.0: 991 773 749 577 1 948 24 626 
0	0.0: 871 699 762 442 67 833 214 1091 
0	0.0: 777 727 633 613 43 735 186 648 
0	0.0: 808 670 701 576 159 826 11 606 
0	0.0: 885 711 672 600 51 748 144 894 
0	0.0: 651 767 520 585 163 769 1 716 
0	0.0: 793 762 739 492 1 665 83 902 
0	0.0: 781 748 569 582 28 798 252 637 
0	0.0: 724 742 659 522 1 736 104 681 
0	0.0: 783 665 773 564 90 787 1 795 
0	0.0: 512 664 750 609 1 816 212 912 
0	0.0: 891 774 654 625 1 856 10 761 
0	0.0: 868 730 555 538 117 816 221 1132 
0	0.0: 761 746 687 593 103 801 69 764 
0	0.0: 728 792 691 597 1 761 180 929 
2	0.0: 682 781 720 596 79 1019 360 628 
0	0.0: 686 814 745 766 1 679 386 835 
0	0.0: 952 869 734 585 1 804 205 936 
0	0.0: 659 739 692 665 33 775 201 679 
0	0.0: 899 892 753 604 172 850 169 648 
2	0.0: 936 782 807 525 1 841 628 609 
0	0.0: 642 750 722 552 43 852 94 836 
2	0.0: 982 713 654 528 1 775 86 484 
0	0.0: 730 742 817 528 1 859 80 809 
2	0.0: 898 603 764 553 110 891 206 589 
0	0.0: 865 665 640 631 16 892 251 779 
0	0.0: 783 745 703 585 1 852 367 691 
0	0.0: 791 786 942 621 114 863 295 861 
5	0.0: 688 725 626 695 1 793 204 608 
0	0.0: 910 805 643 607 1 745 56 650 
2	0.0: 737 810 838 614 192 865 325 572 
0	0.0: 734 730 647 614 1 950 297 643 
0	0.0: 843 795 694 568 103 725 204 1016 
0	0.0: 959 649 583 678 50 881 160 559 
0	0.0: 703 821 685 518 1 812 148 617 
0	0.0: 938 728 690 568 2 941 169 620 
0	0.0: 667 703 687 510 1 802 115 720 
2	0.0: 935 770 668 573 1 866 210 554 
0	0.0: 742 867 669 663 1 782 294 698 
0	0.0: 787 697 704 533 287 784 488 1003 
0	0.0: 680 850 538 536 1 810 228 686 
0	0.0: 979 849 826 428 1 871 47 1031 
2	0.0: 722 899 549 631 1 905 237 487 
0	0.0: 823 798 634 560 139 831 121 813 
0	0.0: 742 798 734 547 1 831 132 761 
5	0.0: 698 700 536 655 1 714 416 611 
0	0.0: 733 659 696 561 1 806 26 569 
0	0.0: 608 765 824 567 48 752 220 829 
0	0.0: 751 780 527 720 15 978 111 633 
0	0.0: 727 724 562 369 49 896 130 681 
0	0.0: 929 786 525 451 146 791 222 575 
0	0.0: 722 614 865 475 1 807 174 843 
0	0.0: 749 724 541 510 1 672 34 789 
0	0.0: 826 637 609 549 1 777 77 689 
3	0.0: 685 718 907 502 310 853 76 474 
0	0.0: 960 714 785 661 1 793 303 752 
0	0.0: 1207 679 723 659 1 855 330 719 
0	0.0: 615 750 645 561 1 819 168 901 
0	0.0: 778 613 707 600 51 905 55 664 
0	0.0: 724 690 656 510 170 873 1 993 
0	0.0: 699 729 564 524 60 764 377 922 
0	0.0: 821 757 575 579 32 907 313 896 
0	0.0: 607 809 643 570 1 727 251 911 
0	0.0: 844 755 601 662 1 879 3 763 
2	0.0: 768 770 754 676 1 884 206 568 
0	0.0: 895 726 696 529 119 790 72 762 
0	0.0: 597 678 672 471 1 828 32 790 
2	0.0: 659 850 720 576 1 968 207 477 
0	0.0: 896 759 672 550 124 836 210 719 
0	0.0: 897 636 585 505 1 772 118 744 
5	0.0: 816 698 677 660 183 889 251 611 
0	0.0: 626 615 627 579 75 758 1 640 
0	0.0: 688 817 529 578 1 854 161 1001 
0	0.0: 894 751 630 526 118 754 402 666 
0	0.0: 789 655 628 503 1 907 136 555 
0	0.0: 818 830 613 514 7 1004 1 762 
0	0.0: 1050 872 580 553 1 1001 257 809 
0	0.0: 853 1014 790 703 28 847 6 818 
0	0.0: 826 806 822 439 1 746 187 729 
0	0.0: 892 761 668 594 1 733 1 915 
0	0.0: 763 813 641 584 1 736 368 958 
0	0.0: 721 893 699 723 48 960 182 942 
0	0.0: 1063 904 722 514 79 720 302 651 
0	0.0: 835 727 536 514 59 741 106 919 
2	0.0: 1053 675 809 686 14 899 323 567 
0	0.0: 841 791 635 650 1 949 204 845 
2	0.0: 745 710 799 484 105 920 322 596 
0	0.0: 637 805 707 561 52 810 183 838 
0	0.0: 1006 763 660 455 36 777 73 761 
0	0.0: 852 716 622 620 110 806 371 733 
2	0.0: 765 813 872 678 1 883 234 569 
5	0.0: 753 736 714 534 383 868 417 667 
0	0.0: 852 710 572 465 1 961 457 674 
0	0.0: 693 768 631 539 89 891 1 702 
0	0.0: 1047 826 639 525 153 865 37 742 
0	0.0: 804 722 667 501 133 812 182 1040 
0	0.0: 657 713 650 557 1 895 120 712 
0	0.0: 688 814 625 505 130 789 7 553 
0	0.0: 610 743 662 493 19 833 1 823 
0	0.0: 792 832 539 466 1 900 247 835 
0	0.0: 1037 692 853 606 171 871 35 909 
0	0.0: 792 624 642 686 1 867 297 688 
2	0.0: 614 803 724 583 1 862 203 615 
2	0.0: 803 710 859 675 1 812 73 592 
2	0.0: 887 682 907 579 1 865 403 663 
2	0.0: 846 779 668 492 36 914 351 435 
5	0.0: 871 795 539 658 111 929 1 365 
0	0.0: 686 775 690 514 1 797 294 653 
0	0.0: 750 695 595 535 155 847 25 752 
0	0.0: 848 804 701 637 184 805 1 767 
0	0.0: 790 668 683 572 109 846 285 757 
4	0.0: 678 740 832 696 1 764 174 713 
0	0.0: 564 686 584 586 158 909 1 631 
0	0.0: 697 852 746 672 36 753 59 902 
0	0.0: 755 699 806 621 108 840 518 909 
5	0.0: 687 882 641 578 172 874 107 423 
0	0.0: 766 738 861 511 1 892 1 791 
2	0.0: 877 827 624 605 27 888 405 460 
0	0.0: 1116 770 551 666 62 672 42 560 
2	0.0: 665 841 856 613 1 800 333 699 
0	0.0: 766 739 899 563 141 944 50 664 
0	0.0: 998 753 619 583 1 901 134 762 
2	0.0: 799 836 726 551 1 886 188 371 
0	0.0: 842 711 692 628 287 786 373 979 
0	0.0: 760 736 912 598 16 910 130 769 
2	0.0: 724 739 804 537 132 775 255 352 
0	0.0: 817 921 587 633 1 877 220 912 
2	0.0: 841 762 697 601 14 814 351 587 
0	0.0: 623 770 812 497 1 888 80 778 
0	0.0: 890 721 737 544 110 835 216 897 
2	0.0: 719 768 793 566 1 787 228 512 
2	0.0: 643 876 683 623 147 730 259 289 
0	0.0: 892 759 583 547 1 782 1 816 
0	0.0: 742 702 760 580 49 837 83 740 
0	0.0: 876 689 784 537 1 869 8 993 
2	0.0: 910 651 817 597 1 914 34 638 
0	0.0: 722 831 740 569 87 747 264 929 
2	0.0: 631 846 891 578 1 860 321 645 
0	0.0: 999 756 710 557 11 908 128 980 
0	0.0: 766 757 671 575 1 789 1 1003 
0	0.0: 800 653 732 630 1 772 1 859 
3	0.0: 784 864 701 476 269 770 292 539 
0	0.0: 804 790 738 557 103 836 48 837 
0	0.0: 802 736 650 640 124 844 88 883 
2	0.0: 882 835 763 638 32 768 122 403 
0	0.0: 816 669 672 491 114 800 85 599 
0	0.0: 699 716 774 767 1 931 400 798 
0	0.0: 634 832 750 631 21 779 138 719 
0	0.0: 871 804 581 567 1 879 218 806 
0	0.0: 756 670 657 666 1 743 149 811 
4	0.0: 642 772 907 538 1 878 1 481 
0	0.0: 712 643 579 601 68 734 1 674 
0	0.0: 865 894 455 590 1 934 258 863 
0	0.0: 802 818 573 628 5 833 231 580 
0	0.0: 813 767 631 430 42 788 13 996 
2	0.0: 941 686 559 487 1 1036 69 421 
0	0.0: 781 719 755 682 176 832 284 748 
2	0.0: 835 859 716 602 134 820 457 604 
0	0.0: 899 801 585 704 20 897 161 621 
0	0.0: 705 778 715 658 1 718 134 825 
0	0.0: 924 808 699 669 90 874 405 772 
0	0.0: 821 709 567 574 2 910 112 737 
0	0.0: 843 775 791 489 1 834 167 672 
0	0.0: 1030 761 592 732 39 949 24 910 
0	0.0: 679 751 581 487 151 848 89 535 
4	0.0: 404 669 774 478 24 885 1 660 
2	0.0: 766 753 558 687 1 783 169 489 
0	0.0: 765 816 601 711 1 886 150 799 
0	0.0: 976 736 765 589 143 775 153 668 
2	0.0: 893 843 755 655 120 849 404 654 
2	0.0: 1042 850 632 471 1 854 149 352 
4	0.0: 603 744 774 613 186 878 158 460 
0	0.0: 593 736 671 559 1 839 194 753 
0	0.0: 792 797 783 631 93 813 255 688 
0	0.0: 858 825 964 565 1 880 187 783 
0	0.0: 782 818 768 606 186 850 94 736 
2	0.0: 1058 736 594 593 38 851 438 568 
0	0.0: 993 825 710 634 33 859 1 739 
0	0.0: 703 786 603 511 66 778 144 903 
0	0.0: 847 751 638 562 120 900 142 533 
2	0.0: 745 820 652 519 1 871 190 541 
0	0.0: 956 754 616 612 44 892 249 784 
0	0.0: 837 876 696 633 1 777 251 876 
0	0.0: 874 776 778 577 1 736 259 1045 
0	0.0: 836 685 671 513 1 777 51 780 
0	0.0: 1003 683 846 468 1 878 6 922 
0	0.0: 888 647 760 573 41 814 65 695 
0	0.0: 830 805 702 599 1 788 160 646 
4	0.0: 625 825 773 580 100 806 85 604 
0	0.0: 952 631 655 475 1 777 254 1202 
0	0.0: 877 831 685 576 1 812 61 809 
0	0.0: 815 845 648 487 60 788 104 639 
0	0.0: 584 859 761 518 172 791 195 954 
0	0.0: 818 890 665 614 109 913 224 624 
0	0.0: 722 857 551 689 1 751 108 824 
2	0.0: 955 660 858 547 1 783 36 630 
0	0.0: 694 835 623 581 1 836 345 748 
0	0.0: 1011 719 678 574 1 820 338 804 
0	0.0: 811 673 589 627 47 890 431 745 
0	0.0: 649 776 648 611 1 850 143 627 
0	0.0: 843 732 704 694 45 863 275 1010 
0	0.0: 893 685 593 574 92 850 52 1030 
2	0.0: 694 726 734 602 92 770 134 512 
2	0.0: 735 825 583 560 94 789 309 554 
0	0.0: 594 526 781 640 71 797 100 783 
0	0.0: 751 648 715 531 1 766 127 891 
0	0.0: 925 710 572 572 18 771 9 689 
0	0.0: 825 705 801 541 1 889 314 983 
0	0.0: 845 681 696 509 1 832 239 662 
0	0.0: 607 697 941 598 1 852 140 804 
0	0.0: 901 791 767 595 109 790 155 857 
0	0.0: 893 710 746 549 143 870 111 1352 
5	0.0: 689 663 616 635 44 790 479 674 
2	0.0: 932 828 989 502 1 888 151 577 
2	0.0: 745 749 785 653 1 781 242 621 
0	0.0: 475 804 782 526 199 824 167 815 
0	0.0: 686 712 774 576 137 856 238 720 
0	0.0: 795 804 712 636 142 889 126 878 
0	0.0: 707 641 775 408 159 696 1 710 
2	0.0: 792 793 705 445 1 745 426 426 
2	0.0: 781 815 795 583 1 896 364 655 
0	0.0: 765 629 641 523 1 820 262 909 
4	0.0: 616 781 826 572 1 726 1 767 
0	0.0: 807 744 836 675 33 890 1 755 
0	0.0: 708 759 811 710 258 760 293 784 
0	0.0: 932 782 768 663 38 954 55 1261 
0	0.0: 952 806 641 508 1 873 145 820 
0	0.0: 825 802 833 599 34 779 104 874 
0	0.0: 890 879 561 725 176 919 1 722 
0	0.0: 828 710 456 578 231 865 136 841 
0	0.0: 718 697 788 608 60 743 189 831 
0	0.0: 838 800 769 641 1 704 80 881 
0	0.0: 1185 710 777 571 1 848 48 811 
0	0.0: 928 831 702 564 1 794 182 942 
0	0.0: 797 657 583 547 1 737 1 775 
2	0.0: 933 698 726 655 1 795 153 490 
2	0.0: 1008 729 773 543 1 964 138 416 
0	0.0: 735 785 699 647 1 852 291 672 
0	0.0: 849 586 614 605 1 747 22 832 
0	0.0: 750 590 457 581 232 798 189 898 
0	0.0: 576 762 559 483 5 879 323 770 
2	0.0: 647 722 524 641 1 781 100 376 
0	0.0: 772 800 623 492 75 844 4 981 
2	0.0: 851 647 493 531 1 905 318 491 
0	0.0: 743 745 868 493 27 841 1 764 
0	0.0: 880 834 874 650 77 885 365 888 
