3	0.0: 798 723 684 1 974 936 116 417 
3	0.0: 692 739 673 465 1124 916 77 533 
3	0.0: 742 713 751 314 965 947 257 347 
3	0.0: 783 680 682 348 958 923 91 320 
3	0.0: 870 706 762 436 784 998 255 366 
3	0.0: 797 738 692 40 747 726 237 552 
3	0.0: 824 717 715 248 850 933 363 376 
3	0.0: 831 754 730 160 957 822 206 462 
3	0.0: 797 609 696 1 1016 1011 328 334 
3	0.0: 791 830 739 78 876 854 163 384 
3	0.0: 852 793 726 97 904 813 64 400 
3	0.0: 813 676 697 435 936 880 455 493 
3	0.0: 835 690 758 503 755 909 257 287 
3	0.0: 877 686 738 1 942 848 136 362 
3	0.0: 717 708 707 128 1112 824 299 383 
3	0.0: 943 789 700 340 798 937 174 476 
3	0.0: 882 636 708 231 1102 889 92 425 
3	0.0: 889 685 678 1 947 815 212 449 
3	0.0: 850 761 705 1 1025 926 214 319 
3	0.0: 761 689 707 147 885 927 358 494 
3	0.0: 841 795 662 301 760 829 387 421 
3	0.0: 798 783 750 245 760 825 325 557 
3	0.0: 829 737 752 1 1184 829 136 416 
3	0.0: 824 703 719 112 787 936 322 633 
3	0.0: 826 751 691 363 1035 727 202 466 
3	0.0: 815 763 707 1 808 843 183 412 
3	0.0: 834 672 701 137 782 790 1 452 
3	0.0: 790 804 698 356 959 741 179 410 
3	0.0: 760 852 696 1 789 888 155 567 
3	0.0: 816 737 702 238 909 804 334 466 
3	0.0: 816 766 765 210 1162 889 179 413 
3	0.0: 851 775 708 227 952 968 120 482 
3	0.0: 867 748 729 123 908 961 170 414 
3	0.0: 887 760 741 363 1134 1000 267 337 
3	0.0: 733 716 681 1 1118 953 69 379 
3	0.0: 811 755 708 1 897 852 135 394 
3	0.0: 847 848 728 401 978 864 388 429 
3	0.0: 826 799 741 1 1027 904 384 538 
3	0.0: 757 660 713 1 964 919 204 329 
3	0.0: 926 704 683 102 808 922 346 406 
3	0.0: 908 706 696 244 963 967 45 422 
3	0.0: 880 790 714 53 1095 865 278 444 
3	0.0: 779 706 666 1 1107 867 451 369 
3	0.0: 787 773 671 339 774 831 1 432 
3	0.0: 838 719 707 328 1098 880 271 323 
3	0.0: 814 681 731 35 962 834 510 424 
3	0.0: 805 706 720 276 855 905 179 382 
3	0.0: 782 825 766 444 1097 853 289 358 
3	0.0: 785 738 749 275 1062 859 138 626 
3	0.0: 875 747 722 360 892 873 151 396 
3	0.0: 809 714 647 113 927 788 125 342 
3	0.0: 774 749 660 393 1021 1009 499 365 
3	0.0: 748 684 708 332 865 811 58 412 
3	0.0: 862 729 685 471 1155 901 184 482 
3	0.0: 901 720 726 161 859 847 299 455 
3	0.0: 749 740 702 224 927 805 335 405 
3	0.0: 765 803 716 258 1023 975 78 495 
3	0.0: 785 784 711 416 850 857 386 416 
3	0.0: 913 690 691 472 992 858 287 319 
3	0.0: 772 686 661 278 1185 970 150 484 
3	0.0: 811 756 674 205 956 796 631 368 
3	0.0: 808 658 739 341 826 925 257 560 
3	0.0: 805 769 729 238 819 886 318 402 
3	0.0: 815 705 688 73 905 859 19 548 
3	0.0: 841 806 728 112 1066 908 170 454 
3	0.0: 850 883 711 153 766 780 77 451 
3	0.0: 818 728 705 358 912 920 232 303 
3	0.0: 809 810 705 1 852 869 169 370 
3	0.0: 826 786 728 1 891 859 210 494 
3	0.0: 784 700 749 159 994 799 174 437 
3	0.0: 758 787 674 236 1072 838 348 326 
3	0.0: 801 904 655 99 1059 847 344 476 
3	0.0: 859 799 701 311 995 732 172 380 
3	0.0: 865 731 732 175 1151 722 300 435 
3	0.0: 782 814 710 90 865 1034 218 402 
3	0.0: 807 762 725 92 1089 859 206 432 
3	0.0: 859 732 695 564 1021 760 106 539 
3	0.0: 837 653 702 434 1038 704 1 508 
3	0.0: 836 786 785 1 672 902 427 460 
3	0.0: 829 783 722 8 974 845 86 280 
3	0.0: 824 707 724 227 1001 911 199 433 
3	0.0: 798 728 728 315 977 849 405 390 
3	0.0: 822 621 751 1 1212 889 146 361 
3	0.0: 805 791 660 319 1191 1006 231 545 
3	0.0: 827 755 687 588 889 784 29 557 
3	0.0: 914 707 674 1 718 830 257 351 
3	0.0: 785 741 733 509 968 851 359 422 
3	0.0: 747 808 710 313 1409 830 297 326 
3	0.0: 828 731 700 441 1038 794 117 315 
3	0.0: 856 807 707 160 873 831 190 297 
3	0.0: 780 733 682 66 907 776 448 373 
3	0.0: 739 710 742 368 1082 758 277 395 
3	0.0: 829 716 704 1 1013 831 246 387 
3	0.0: 811 744 739 656 1045 974 307 354 
3	0.0: 790 749 684 435 1019 850 317 365 
3	0.0: 895 735 687 34 1008 778 119 421 
3	0.0: 871 730 708 220 1231 998 357 291 
3	0.0: 819 821 700 459 1011 708 409 403 
3	0.0: 854 809 671 177 1045 973 485 340 
3	0.0: 818 768 704 338 726 857 96 419 
3	0.0: 808 758 722 374 675 802 49 407 
3	0.0: 836 734 714 253 1073 889 275 389 
3	0.0: 739 714 754 311 1044 894 205 489 
3	0.0: 824 912 657 1 1100 957 382 320 
3	0.0: 855 828 716 217 1027 868 241 304 
3	0.0: 820 726 714 208 953 869 236 579 
3	0.0: 756 758 755 292 751 816 1 463 
3	0.0: 760 715 706 374 903 880 148 480 
3	0.0: 793 778 674 1 914 851 353 427 
3	0.0: 879 697 692 176 873 904 56 417 
3	0.0: 821 756 760 454 939 881 1 407 
3	0.0: 748 786 676 113 1020 866 268 288 
3	0.0: 796 747 712 194 1087 1024 172 421 
3	0.0: 819 792 696 1 1256 802 295 336 
3	0.0: 859 725 707 166 1157 837 435 542 
3	0.0: 877 754 733 360 1084 930 412 510 
3	0.0: 830 743 724 273 1106 869 307 364 
3	0.0: 882 780 706 309 1105 823 592 465 
3	0.0: 815 760 726 149 1259 967 349 350 
3	0.0: 764 581 673 25 1103 809 351 313 
3	0.0: 781 830 748 431 763 770 338 465 
3	0.0: 869 736 693 1 877 870 409 457 
3	0.0: 757 757 687 1 912 790 176 468 
3	0.0: 889 810 746 354 948 970 165 382 
3	0.0: 859 834 699 344 849 719 63 294 
3	0.0: 866 630 714 255 991 863 161 587 
3	0.0: 811 730 677 1 906 837 339 446 
3	0.0: 783 829 730 229 935 791 387 271 
3	0.0: 787 787 716 66 836 922 1 556 
3	0.0: 771 726 736 94 1052 830 243 474 
3	0.0: 795 833 716 352 1052 888 177 411 
3	0.0: 777 798 722 151 844 950 200 371 
3	0.0: 836 838 716 231 919 1011 130 327 
3	0.0: 857 789 707 242 919 890 269 319 
3	0.0: 819 774 709 114 1139 792 185 374 
3	0.0: 756 721 701 4 908 918 1 369 
3	0.0: 742 727 701 1 920 980 1 414 
3	0.0: 856 733 698 256 1099 822 493 569 
3	0.0: 812 771 704 1 795 923 475 388 
3	0.0: 790 661 720 285 772 890 279 353 
3	0.0: 776 724 742 172 1168 751 439 234 
3	0.0: 785 791 684 285 940 854 437 450 
3	0.0: 798 783 736 98 826 887 241 499 
3	0.0: 840 737 706 77 1154 950 363 388 
3	0.0: 843 708 742 111 716 877 1 368 
3	0.0: 786 782 693 240 842 893 227 555 
3	0.0: 872 651 691 142 949 847 299 391 
3	0.0: 815 675 716 424 857 837 138 369 
3	0.0: 741 733 708 281 943 1001 182 359 
3	0.0: 803 805 687 214 914 904 392 365 
3	0.0: 794 760 683 182 907 1064 1 402 
3	0.0: 798 761 722 67 946 857 338 470 
3	0.0: 745 729 681 124 865 864 252 347 
3	0.0: 807 769 686 67 899 803 183 279 
3	0.0: 814 830 664 48 1033 840 146 448 
3	0.0: 715 682 714 72 1069 849 291 311 
3	0.0: 723 728 722 460 703 898 511 308 
3	0.0: 828 712 756 203 946 948 113 519 
3	0.0: 833 694 674 279 1000 994 167 424 
3	0.0: 910 749 670 122 1025 936 198 440 
3	0.0: 787 789 739 324 989 875 384 334 
3	0.0: 775 864 790 110 604 871 20 385 
3	0.0: 906 656 700 622 766 874 376 463 
3	0.0: 744 755 743 285 1165 854 74 516 
3	0.0: 909 666 718 1 1005 940 211 454 
3	0.0: 918 637 730 324 934 834 16 475 
3	0.0: 716 661 735 133 1206 826 151 466 
3	0.0: 798 844 685 146 751 701 50 379 
3	0.0: 862 796 679 377 818 876 241 361 
3	0.0: 820 684 700 181 1164 936 304 395 
3	0.0: 871 666 691 1 862 943 229 473 
3	0.0: 776 759 713 166 1037 823 1 456 
3	0.0: 799 726 703 288 713 841 357 384 
3	0.0: 807 807 644 1 749 931 506 492 
3	0.0: 792 823 699 188 818 783 82 293 
3	0.0: 864 707 723 60 912 810 201 530 
3	0.0: 824 688 692 373 824 694 228 408 
3	0.0: 869 821 656 1 892 803 259 446 
3	0.0: 829 787 731 145 907 794 199 481 
3	0.0: 839 819 678 383 886 903 159 416 
3	0.0: 820 723 662 438 867 862 329 480 
3	0.0: 878 759 698 498 1163 926 398 443 
3	0.0: 915 749 718 273 979 953 1 439 
3	0.0: 781 668 744 345 728 904 175 560 
3	0.0: 785 716 756 1 1042 789 279 431 
3	0.0: 819 748 687 289 1009 820 420 537 
3	0.0: 840 815 678 1 1079 897 369 457 
3	0.0: 810 789 704 223 1073 719 256 310 
3	0.0: 804 821 694 255 1052 884 40 574 
3	0.0: 805 803 737 213 915 757 76 267 
3	0.0: 866 643 733 135 855 911 1 402 
3	0.0: 885 862 700 151 964 909 468 388 
3	0.0: 837 793 730 78 1003 838 315 362 
3	0.0: 803 682 700 112 1020 792 321 484 
3	0.0: 747 741 708 167 1100 878 204 420 
3	0.0: 789 763 701 1 1090 903 255 479 
3	0.0: 777 764 744 1 1067 877 335 454 
3	0.0: 876 724 739 86 1009 905 376 413 
3	0.0: 800 627 720 283 963 930 16 415 
3	0.0: 907 738 735 471 553 767 62 510 
3	0.0: 862 672 704 172 937 905 468 424 
3	0.0: 788 772 722 87 953 904 264 419 
3	0.0: 869 678 763 1 1139 692 140 456 
3	0.0: 792 747 689 1 1023 892 1 415 
3	0.0: 856 709 701 291 1068 923 531 341 
3	0.0: 872 775 703 290 789 845 212 421 
3	0.0: 823 725 729 89 922 901 160 415 
3	0.0: 859 689 715 1 929 927 123 390 
3	0.0: 887 732 710 294 762 945 54 512 
3	0.0: 772 799 747 333 926 944 350 386 
3	0.0: 869 761 735 253 884 730 141 399 
3	0.0: 802 662 696 46 949 761 129 488 
3	0.0: 766 737 738 426 851 837 480 400 
3	0.0: 847 744 697 379 1102 913 238 289 
3	0.0: 823 846 685 340 870 857 116 481 
3	0.0: 803 673 744 525 688 847 151 560 
3	0.0: 769 802 784 322 1165 744 66 450 
3	0.0: 764 691 727 77 1000 919 194 533 
3	0.0: 825 710 697 468 922 795 370 547 
3	0.0: 827 682 709 1 1078 777 435 375 
3	0.0: 829 875 697 1 840 831 435 595 
3	0.0: 853 669 727 1 723 999 269 514 
3	0.0: 825 714 737 196 1127 844 1 294 
3	0.0: 815 746 679 201 1029 878 91 446 
3	0.0: 856 631 671 172 999 924 149 333 
3	0.0: 782 750 703 232 1031 825 165 545 
3	0.0: 867 686 725 129 1110 914 1 412 
3	0.0: 816 696 743 1 1064 946 180 429 
3	0.0: 772 796 663 293 1046 876 282 318 
3	0.0: 810 754 722 90 876 970 158 474 
3	0.0: 794 814 723 1 738 886 266 405 
3	0.0: 790 776 712 110 1025 816 319 385 
3	0.0: 868 803 676 1 1001 814 564 492 
3	0.0: 870 760 770 16 930 877 150 430 
3	0.0: 849 563 655 290 993 829 246 305 
3	0.0: 836 661 750 876 973 888 244 356 
3	0.0: 859 849 693 186 865 862 336 367 
3	0.0: 836 703 711 436 725 931 155 437 
3	0.0: 827 683 722 286 877 1024 142 507 
3	0.0: 763 711 672 366 1186 864 172 550 
3	0.0: 858 862 742 160 985 866 42 349 
3	0.0: 879 650 752 1 1045 870 38 468 
3	0.0: 784 767 705 91 915 728 262 373 
3	0.0: 773 686 752 1 967 920 293 608 
3	0.0: 882 813 698 429 970 924 268 449 
3	0.0: 850 725 743 310 957 870 232 422 
3	0.0: 764 775 716 1 964 845 312 250 
3	0.0: 775 796 715 299 852 965 398 458 
3	0.0: 829 741 753 233 1127 791 306 465 
3	0.0: 897 702 702 383 828 896 202 471 
3	0.0: 788 711 738 122 1003 819 346 463 
3	0.0: 805 735 677 207 853 896 349 329 
3	0.0: 846 759 735 338 935 895 155 357 
3	0.0: 812 662 729 144 1057 746 121 358 
3	0.0: 817 764 725 206 945 831 442 416 
3	0.0: 816 804 708 200 917 943 357 488 
3	0.0: 786 847 732 199 1245 911 109 411 
3	0.0: 790 880 699 60 1017 764 535 343 
3	0.0: 835 643 757 253 1004 981 464 471 
3	0.0: 762 776 655 196 870 826 332 472 
3	0.0: 868 735 706 195 956 896 333 491 
3	0.0: 847 724 717 513 899 916 1 451 
3	0.0: 828 852 724 113 751 825 136 575 
3	0.0: 927 678 696 1 817 850 38 321 
3	0.0: 753 789 715 271 1205 948 390 332 
3	0.0: 762 668 698 281 800 844 49 312 
3	0.0: 739 761 721 373 1199 845 408 463 
3	0.0: 847 755 715 254 982 987 369 253 
3	0.0: 896 780 684 278 1213 981 373 444 
3	0.0: 879 963 725 235 855 898 111 393 
3	0.0: 827 774 660 150 1094 871 407 366 
3	0.0: 800 764 746 195 1211 959 317 433 
3	0.0: 821 844 707 464 1072 823 155 366 
3	0.0: 875 673 722 306 1112 823 134 523 
3	0.0: 850 763 741 444 985 972 95 355 
3	0.0: 773 666 676 530 876 756 247 547 
3	0.0: 866 679 698 185 849 734 327 283 
3	0.0: 849 719 745 260 1074 926 428 507 
3	0.0: 788 752 693 214 988 813 319 513 
3	0.0: 756 679 745 1 1063 948 314 428 
3	0.0: 883 785 707 404 1091 850 309 384 
3	0.0: 840 816 681 45 1096 904 1 292 
3	0.0: 855 626 725 294 762 835 107 371 
3	0.0: 862 749 717 325 775 879 268 384 
3	0.0: 769 827 698 1 936 882 171 329 
3	0.0: 856 741 695 112 941 822 313 328 
3	0.0: 755 787 689 410 936 868 87 454 
3	0.0: 833 665 715 313 821 896 320 543 
3	0.0: 852 829 690 157 843 970 141 474 
3	0.0: 828 809 740 24 763 919 202 345 
3	0.0: 846 715 702 75 844 836 253 556 
3	0.0: 837 808 704 371 1140 899 447 414 
3	0.0: 935 853 681 86 923 948 222 338 
3	0.0: 853 702 721 382 1034 740 42 385 
3	0.0: 845 766 742 403 932 922 240 445 
3	0.0: 746 773 703 272 1010 853 131 324 
3	0.0: 857 816 707 1 1058 786 306 419 
3	0.0: 845 746 654 337 845 975 1 356 
3	0.0: 840 782 702 64 900 762 281 398 
3	0.0: 874 753 709 59 895 1008 53 336 
3	0.0: 773 782 720 236 883 815 44 357 
3	0.0: 794 780 739 1 1239 982 1 468 
3	0.0: 885 792 739 428 1036 688 132 434 
3	0.0: 810 673 690 281 945 815 64 469 
3	0.0: 808 767 644 480 1045 924 221 417 
3	0.0: 837 762 665 611 1095 888 339 551 
3	0.0: 794 790 701 155 982 791 44 388 
3	0.0: 801 712 673 107 762 829 340 383 
3	0.0: 787 860 720 132 928 903 161 448 
3	0.0: 852 912 735 615 981 857 300 359 
3	0.0: 787 784 663 500 831 873 111 440 
3	0.0: 780 758 744 447 782 889 180 334 
3	0.0: 792 778 744 321 984 861 121 440 
3	0.0: 776 859 734 132 969 975 299 455 
3	0.0: 704 730 704 59 864 924 266 364 
3	0.0: 934 737 714 206 970 798 203 392 
3	0.0: 817 844 700 1 858 896 373 456 
3	0.0: 726 800 656 1 952 941 76 407 
3	0.0: 777 840 658 155 925 931 111 471 
3	0.0: 825 869 713 278 987 1004 82 426 
3	0.0: 805 815 723 170 969 767 180 376 
3	0.0: 778 749 661 1 768 882 234 320 
3	0.0: 907 665 720 265 998 906 412 519 
3	0.0: 797 733 754 466 1231 960 156 404 
3	0.0: 854 746 784 260 1210 814 263 473 
3	0.0: 845 828 730 1 896 901 108 380 
3	0.0: 857 827 705 21 809 803 53 437 
3	0.0: 814 831 711 364 904 744 210 464 
3	0.0: 874 701 708 508 930 949 1 254 
3	0.0: 839 713 693 210 893 806 295 543 
3	0.0: 820 692 696 386 950 830 5 392 
3	0.0: 849 683 680 64 816 886 97 451 
3	0.0: 769 789 614 40 993 918 21 340 
3	0.0: 854 711 737 346 702 865 82 556 
3	0.0: 994 829 700 366 900 772 99 451 
3	0.0: 920 757 678 298 1108 830 147 375 
3	0.0: 897 732 743 348 1075 819 142 511 
3	0.0: 828 872 690 44 943 828 440 345 
3	0.0: 862 854 758 348 1263 827 347 368 
3	0.0: 781 760 704 264 901 851 245 532 
3	0.0: 892 877 706 674 953 757 86 476 
3	0.0: 874 769 713 259 757 916 194 462 
3	0.0: 846 884 701 447 1115 838 220 391 
3	0.0: 761 633 651 1 1201 795 31 433 
3	0.0: 768 647 706 1 1262 1012 132 433 
3	0.0: 748 818 689 357 1151 842 1 427 
3	0.0: 802 712 693 282 925 869 278 371 
3	0.0: 835 718 761 276 990 838 74 340 
3	0.0: 844 765 690 206 971 790 162 503 
3	0.0: 789 741 746 527 764 821 452 433 
3	0.0: 859 835 698 257 913 839 91 361 
3	0.0: 807 627 738 185 977 948 52 228 
3	0.0: 804 725 747 133 858 862 383 467 
3	0.0: 823 816 686 529 1215 889 318 483 
3	0.0: 851 681 725 1 890 862 157 448 
3	0.0: 880 741 721 251 1082 861 358 323 
3	0.0: 829 820 726 284 865 688 364 217 
3	0.0: 840 722 710 118 959 912 363 421 
3	0.0: 827 780 737 1 904 886 344 347 
3	0.0: 829 742 687 272 872 676 22 485 
3	0.0: 869 666 678 623 1055 1066 91 368 
3	0.0: 722 778 662 1 880 913 444 517 
3	0.0: 758 821 749 271 1035 919 185 494 
3	0.0: 814 723 739 1 1183 971 215 343 
3	0.0: 818 737 690 253 1103 926 125 347 
3	0.0: 891 728 674 350 1011 787 48 561 
3	0.0: 826 701 714 259 1123 715 535 457 
3	0.0: 867 766 691 547 691 848 198 317 
3	0.0: 798 636 711 183 1133 926 383 467 
3	0.0: 805 739 735 266 991 815 195 409 
3	0.0: 797 766 693 359 1100 957 393 428 
3	0.0: 867 691 710 42 837 802 155 417 
3	0.0: 862 564 711 531 905 702 332 273 
3	0.0: 800 753 716 347 823 746 9 495 
3	0.0: 779 790 713 300 864 965 1 323 
3	0.0: 829 831 722 382 789 953 516 323 
3	0.0: 825 694 696 443 1076 796 437 364 
3	0.0: 863 772 740 31 896 762 255 313 
3	0.0: 818 750 710 314 895 834 251 341 
3	0.0: 830 772 707 495 1091 799 360 378 
3	0.0: 862 742 699 432 791 1025 332 334 
3	0.0: 878 630 732 109 1017 741 169 443 
3	0.0: 772 719 713 162 1298 770 184 412 
3	0.0: 797 763 727 170 973 844 192 416 
3	0.0: 809 746 713 129 981 808 255 472 
3	0.0: 745 850 693 328 1146 775 303 382 
3	0.0: 787 731 706 37 1021 941 1 321 
3	0.0: 830 722 714 366 990 984 1 440 
3	0.0: 838 715 691 64 818 823 86 295 
3	0.0: 759 682 674 252 1047 827 265 405 
3	0.0: 841 683 744 766 948 763 153 437 
3	0.0: 858 695 738 231 793 962 434 401 
3	0.0: 830 662 739 682 984 981 439 352 
3	0.0: 842 805 738 426 1164 752 267 294 
3	0.0: 786 901 701 306 921 897 486 485 
3	0.0: 759 683 727 259 933 929 185 474 
3	0.0: 820 740 698 1 824 890 342 454 
3	0.0: 840 805 707 389 1078 965 291 439 
3	0.0: 831 758 720 58 911 822 318 360 
3	0.0: 683 790 713 29 1005 839 101 460 
3	0.0: 858 742 724 301 1008 866 302 356 
3	0.0: 829 775 702 163 1215 822 62 405 
3	0.0: 825 762 725 259 1144 948 310 496 
3	0.0: 755 742 730 274 888 902 105 444 
3	0.0: 854 711 691 111 783 879 245 462 
3	0.0: 803 721 729 222 882 872 235 388 
3	0.0: 822 723 706 290 973 915 205 395 
3	0.0: 857 788 684 281 923 767 454 327 
3	0.0: 807 808 734 540 955 897 281 386 
3	0.0: 883 699 688 323 950 920 37 352 
3	0.0: 786 851 718 352 1103 794 18 337 
3	0.0: 751 704 697 285 1040 821 1 514 
3	0.0: 843 682 664 301 964 1000 281 349 
3	0.0: 913 687 696 52 941 725 103 408 
3	0.0: 799 794 736 1 852 890 1 376 
3	0.0: 804 693 703 430 1142 827 414 241 
3	0.0: 801 763 664 467 1043 879 66 383 
3	0.0: 771 693 678 223 1168 795 279 389 
3	0.0: 788 701 689 130 769 807 373 455 
3	0.0: 903 814 737 121 990 841 130 416 
3	0.0: 856 621 732 82 794 826 409 360 
3	0.0: 795 780 743 1 1051 1023 161 403 
3	0.0: 745 704 727 511 1033 831 110 372 
3	0.0: 828 788 702 429 993 946 94 414 
3	0.0: 817 775 693 635 871 859 11 395 
3	0.0: 760 605 734 339 885 837 245 307 
3	0.0: 839 750 718 318 1169 974 426 437 
3	0.0: 816 861 733 528 995 849 109 431 
3	0.0: 837 764 685 426 596 761 197 360 
3	0.0: 826 839 701 97 1000 774 285 408 
3	0.0: 753 745 684 357 1159 950 57 443 
3	0.0: 805 743 748 348 992 934 66 342 
3	0.0: 853 809 729 199 805 932 242 405 
3	0.0: 778 775 722 96 847 927 163 458 
3	0.0: 845 849 737 1 1083 879 217 435 
3	0.0: 770 810 715 385 927 955 223 500 
3	0.0: 787 747 699 71 1105 729 285 524 
3	0.0: 780 707 732 381 954 842 321 523 
3	0.0: 779 773 739 310 1080 821 199 516 
3	0.0: 892 710 707 16 1096 891 232 486 
3	0.0: 844 650 729 465 1109 810 342 335 
3	0.0: 851 743 714 132 848 866 16 316 
3	0.0: 835 700 706 340 918 955 182 431 
3	0.0: 816 780 708 38 797 810 411 411 
3	0.0: 818 758 708 442 854 835 335 439 
3	0.0: 759 722 700 109 885 888 469 491 
3	0.0: 731 884 744 373 701 971 449 358 
3	0.0: 823 685 729 220 945 906 438 386 
3	0.0: 750 756 732 460 767 769 28 462 
3	0.0: 863 774 653 133 837 886 73 434 
3	0.0: 848 728 731 18 872 736 296 428 
3	0.0: 856 733 724 79 824 785 146 450 
3	0.0: 867 729 740 9 1030 771 433 484 
3	0.0: 823 662 687 209 1128 923 159 459 
3	0.0: 867 791 740 220 1038 993 252 412 
3	0.0: 798 886 713 1 969 892 1 342 
3	0.0: 854 706 718 253 663 880 164 477 
3	0.0: 819 838 684 195 779 890 154 436 
3	0.0: 802 701 736 357 941 906 201 368 
3	0.0: 768 730 689 517 998 944 354 518 
3	0.0: 863 870 744 297 964 825 181 337 
3	0.0: 849 802 681 159 1123 1068 493 479 
3	0.0: 796 696 729 125 725 813 234 358 
3	0.0: 798 697 719 140 1282 854 485 441 
3	0.0: 789 784 730 1 913 826 83 443 
3	0.0: 825 707 722 135 970 939 133 356 
3	0.0: 774 809 719 244 1147 900 304 362 
3	0.0: 894 799 631 461 1258 743 134 383 
3	0.0: 821 729 702 74 1025 886 260 459 
3	0.0: 842 637 704 160 1153 825 93 444 
3	0.0: 770 800 715 149 985 921 475 374 
3	0.0: 807 710 695 397 941 934 354 524 
3	0.0: 825 701 703 230 778 943 205 423 
3	0.0: 723 791 691 1 1025 861 332 488 
3	0.0: 813 757 735 219 868 901 16 466 
3	0.0: 795 713 721 88 1039 821 373 616 
3	0.0: 751 847 726 257 1203 876 358 475 
3	0.0: 824 770 742 46 1074 885 174 469 
3	0.0: 796 769 710 1 913 959 296 388 
3	0.0: 782 870 724 105 1202 896 413 332 
3	0.0: 861 718 710 411 971 938 344 493 
3	0.0: 866 807 694 783 1114 858 262 473 
3	0.0: 870 798 667 315 1048 841 32 514 
3	0.0: 857 738 734 283 1213 759 176 472 
3	0.0: 805 719 727 413 1060 824 1 354 
3	0.0: 827 759 722 1 1090 845 501 414 
3	0.0: 800 806 696 66 852 946 150 361 
3	0.0: 802 787 733 61 1216 895 134 355 
3	0.0: 820 760 672 453 985 862 1 457 
3	0.0: 810 760 747 1 727 732 248 488 
3	0.0: 829 831 659 134 937 714 219 569 
3	0.0: 855 824 737 157 1080 922 14 484 
3	0.0: 775 916 720 195 1249 869 139 349 
3	0.0: 707 732 631 63 977 748 397 372 
3	0.0: 833 843 702 103 992 941 588 418 
3	0.0: 807 847 718 281 860 860 479 380 
3	0.0: 810 811 697 44 855 963 271 456 
3	0.0: 793 762 738 95 1089 964 115 343 
3	0.0: 784 784 736 285 987 805 476 378 
3	0.0: 848 610 643 392 964 867 671 491 
3	0.0: 778 737 737 174 723 914 1 459 
3	0.0: 821 755 670 126 1159 768 233 504 
3	0.0: 861 669 737 372 885 932 1 394 
3	0.0: 793 796 722 60 1046 901 231 451 
3	0.0: 835 779 699 56 834 792 298 408 
3	0.0: 809 642 712 202 1020 1034 140 474 
3	0.0: 798 704 695 285 809 894 215 418 
3	0.0: 763 671 733 29 1175 730 216 331 
3	0.0: 781 670 690 367 911 910 155 375 
3	0.0: 788 741 660 564 1165 918 190 525 
3	0.0: 751 728 723 390 867 789 224 368 
3	0.0: 836 709 680 1 771 970 564 478 
3	0.0: 752 682 732 728 1003 864 272 363 
3	0.0: 829 775 711 200 1025 943 390 267 
3	0.0: 795 743 685 279 692 983 254 406 
3	0.0: 851 828 681 296 795 864 1 341 
3	0.0: 813 787 709 412 1141 909 186 435 
3	0.0: 854 726 679 1 1169 827 333 504 
3	0.0: 845 679 720 1 1056 886 250 406 
3	0.0: 792 810 720 271 808 827 261 348 
3	0.0: 823 751 690 177 813 870 168 390 
3	0.0: 783 712 690 311 1013 946 373 448 
3	0.0: 717 747 709 465 960 917 484 511 
3	0.0: 790 764 716 189 1010 885 267 488 
3	0.0: 835 738 694 258 975 825 214 460 
3	0.0: 795 771 677 199 740 868 348 287 
3	0.0: 786 784 690 278 944 794 656 498 
3	0.0: 779 668 666 65 1081 1007 257 416 
3	0.0: 791 639 723 245 1020 791 178 477 
3	0.0: 811 637 739 209 751 866 296 302 
3	0.0: 779 720 744 470 932 856 272 317 
3	0.0: 739 710 730 415 838 893 33 419 
3	0.0: 819 761 672 1 857 973 220 374 
3	0.0: 822 686 748 638 1003 939 368 310 
3	0.0: 820 826 730 1 880 846 490 483 
3	0.0: 798 715 696 181 810 846 366 288 
3	0.0: 772 765 691 172 889 901 339 372 
3	0.0: 797 786 682 213 1123 829 78 450 
3	0.0: 891 732 677 120 885 937 26 396 
3	0.0: 822 650 726 1 987 776 1 432 
3	0.0: 734 725 682 369 879 872 286 482 
3	0.0: 716 753 716 1 1067 901 136 468 
3	0.0: 779 826 676 21 946 830 130 306 
3	0.0: 913 680 644 43 945 756 158 423 
3	0.0: 857 715 734 111 896 949 215 420 
3	0.0: 849 908 676 719 1052 791 101 383 
3	0.0: 815 715 687 46 978 973 42 545 
3	0.0: 821 780 657 102 1012 885 193 351 
3	0.0: 839 725 682 327 677 790 87 346 
3	0.0: 856 862 727 1 855 922 235 369 
3	0.0: 784 713 660 507 1061 797 346 367 
3	0.0: 844 697 732 142 893 753 115 360 
3	0.0: 874 719 687 491 906 827 132 386 
3	0.0: 884 700 711 193 885 844 308 476 
3	0.0: 797 827 707 143 875 938 378 502 
3	0.0: 785 672 640 281 1151 1002 295 350 
3	0.0: 753 653 734 376 994 829 191 300 
3	0.0: 824 754 705 1 683 920 6 452 
3	0.0: 847 835 703 1 959 752 466 446 
3	0.0: 796 787 754 181 840 852 119 525 
3	0.0: 812 840 705 338 1071 857 68 398 
3	0.0: 860 615 715 412 991 861 1 334 
3	0.0: 813 810 703 91 943 909 90 501 
3	0.0: 785 697 708 138 991 919 238 450 
3	0.0: 871 770 705 192 891 878 307 343 
3	0.0: 797 686 722 366 862 875 355 368 
3	0.0: 794 690 704 59 998 940 155 505 
3	0.0: 795 744 724 1 856 848 249 398 
3	0.0: 804 697 757 285 923 859 214 328 
3	0.0: 853 777 683 27 899 941 392 493 
3	0.0: 819 834 668 170 789 868 262 468 
3	0.0: 825 796 726 103 950 864 232 397 
3	0.0: 796 823 737 16 1076 879 226 482 
3	0.0: 791 727 692 261 1096 792 315 384 
3	0.0: 851 578 729 1 690 731 111 383 
3	0.0: 792 736 732 1 1016 872 145 542 
3	0.0: 913 856 697 1 1063 901 261 481 
3	0.0: 829 792 750 149 863 778 200 385 
3	0.0: 841 735 679 230 1003 939 161 328 
3	0.0: 800 750 711 134 1007 962 444 523 
3	0.0: 824 787 694 183 920 912 368 477 
3	0.0: 840 811 676 209 1051 873 1 323 
3	0.0: 816 757 705 221 1095 967 111 469 
3	0.0: 799 755 753 75 1200 962 48 424 
3	0.0: 825 771 734 1 1076 835 15 557 
3	0.0: 789 773 711 197 1099 806 232 391 
3	0.0: 876 742 715 93 1004 939 285 377 
3	0.0: 753 776 720 184 815 929 276 341 
3	0.0: 773 733 675 161 968 853 256 432 
3	0.0: 866 623 691 1 1024 943 294 409 
3	0.0: 775 738 675 296 1083 846 36 338 
3	0.0: 863 743 679 73 955 833 347 412 
3	0.0: 856 782 687 427 847 877 494 464 
3	0.0: 831 738 724 1 1031 1001 187 491 
3	0.0: 778 702 678 327 870 875 214 430 
3	0.0: 856 702 724 140 951 767 306 348 
3	0.0: 822 687 651 1 994 940 404 475 
3	0.0: 832 780 743 219 1064 849 346 519 
3	0.0: 784 759 702 77 953 969 168 453 
3	0.0: 745 911 706 395 875 780 436 358 
3	0.0: 814 797 676 1 880 933 137 403 
3	0.0: 837 756 660 433 1183 869 45 574 
3	0.0: 844 709 707 247 844 879 190 436 
3	0.0: 856 737 705 191 719 966 1 340 
3	0.0: 785 744 714 236 1145 855 216 374 
3	0.0: 783 692 696 255 965 818 415 461 
3	0.0: 831 780 729 331 1028 918 151 518 
3	0.0: 712 812 694 472 999 845 152 248 
3	0.0: 871 741 708 566 984 768 95 534 
3	0.0: 809 759 750 102 779 831 323 383 
3	0.0: 766 790 666 208 1124 849 106 484 
3	0.0: 823 766 729 1 910 870 251 465 
3	0.0: 888 774 761 410 974 866 393 312 
3	0.0: 800 709 643 97 1232 976 554 350 
3	0.0: 755 687 684 149 979 930 64 360 
3	0.0: 739 761 664 119 711 923 48 323 
3	0.0: 757 851 671 376 1035 895 314 453 
3	0.0: 840 757 730 430 991 897 319 506 
3	0.0: 768 881 733 510 1035 775 1 393 
3	0.0: 831 865 677 314 1019 905 181 385 
3	0.0: 864 708 742 203 875 866 476 529 
3	0.0: 743 692 705 24 1010 865 280 524 
3	0.0: 815 810 717 426 926 997 317 451 
3	0.0: 921 771 736 16 1093 884 288 400 
3	0.0: 828 701 754 315 886 950 139 475 
3	0.0: 844 774 689 384 937 844 328 399 
3	0.0: 881 782 681 223 814 968 140 365 
3	0.0: 834 693 674 266 977 816 306 456 
3	0.0: 758 803 660 305 852 987 415 447 
3	0.0: 856 739 736 253 1201 810 306 323 
3	0.0: 854 773 674 443 874 874 252 432 
3	0.0: 785 846 704 239 1024 766 284 468 
3	0.0: 822 709 712 162 1005 945 319 389 
3	0.0: 793 845 685 201 843 925 225 442 
3	0.0: 788 687 692 178 1115 881 12 400 
3	0.0: 767 813 726 453 935 938 408 277 
3	0.0: 840 608 675 164 990 851 96 337 
3	0.0: 785 703 694 201 855 769 305 567 
3	0.0: 845 712 685 200 1036 901 175 406 
3	0.0: 843 718 705 134 1295 796 117 369 
3	0.0: 764 653 691 152 965 870 88 298 
3	0.0: 822 763 712 259 900 890 709 456 
3	0.0: 848 691 714 326 895 856 62 351 
3	0.0: 867 777 743 224 858 926 458 316 
3	0.0: 818 812 692 323 1051 1034 334 556 
3	0.0: 818 715 723 98 1118 868 389 497 
3	0.0: 825 650 720 299 1259 818 427 438 
3	0.0: 835 780 699 334 960 911 319 332 
3	0.0: 827 673 733 471 988 889 339 297 
3	0.0: 892 753 669 447 901 852 350 565 
3	0.0: 848 869 718 465 943 770 243 380 
3	0.0: 731 686 656 342 1155 878 480 427 
3	0.0: 816 768 725 222 850 877 263 363 
3	0.0: 864 853 710 299 748 791 276 644 
3	0.0: 867 725 689 107 1107 951 335 461 
3	0.0: 808 752 648 82 1034 924 311 352 
3	0.0: 771 781 725 505 916 740 149 469 
3	0.0: 919 722 750 195 836 986 325 350 
3	0.0: 804 663 690 412 793 862 494 449 
3	0.0: 851 830 690 78 934 818 184 384 
3	0.0: 843 667 736 1 863 773 382 367 
3	0.0: 798 767 687 1 775 927 229 569 
3	0.0: 841 644 686 1 964 921 193 408 
3	0.0: 887 634 695 537 1107 913 347 309 
3	0.0: 832 801 667 216 1288 832 418 373 
3	0.0: 769 741 737 220 1187 881 290 269 
3	0.0: 841 812 699 207 941 874 64 406 
3	0.0: 828 766 648 357 1087 892 186 435 
3	0.0: 815 854 726 234 1238 885 220 245 
3	0.0: 872 685 673 286 835 919 243 461 
3	0.0: 791 713 686 427 798 1021 234 371 
3	0.0: 835 655 717 32 977 915 291 352 
3	0.0: 812 869 688 116 1163 903 360 382 
3	0.0: 821 693 689 358 1238 864 222 388 
3	0.0: 821 722 720 495 944 806 9 553 
3	0.0: 782 852 691 215 846 906 168 443 
3	0.0: 786 661 702 542 971 859 201 443 
3	0.0: 834 760 717 464 991 825 344 420 
3	0.0: 801 756 688 240 1198 974 416 437 
3	0.0: 863 703 695 263 691 867 505 222 
3	0.0: 843 724 706 367 953 805 63 392 
3	0.0: 784 757 679 170 830 764 497 570 
3	0.0: 734 733 733 149 875 901 138 367 
3	0.0: 811 671 706 192 623 885 484 394 
3	0.0: 863 853 733 34 948 885 232 509 
3	0.0: 786 907 715 396 1031 878 1 293 
3	0.0: 812 727 695 359 1083 909 382 300 
3	0.0: 846 820 708 320 868 967 336 298 
3	0.0: 839 780 705 1 921 910 176 464 
3	0.0: 832 785 723 111 1018 944 120 405 
3	0.0: 800 746 706 9 1166 869 350 469 
3	0.0: 873 716 726 154 950 779 232 412 
3	0.0: 792 715 685 84 1064 885 647 479 
3	0.0: 846 816 717 1 906 925 1 392 
3	0.0: 841 769 721 284 754 879 333 444 
3	0.0: 815 840 702 214 771 1020 200 302 
3	0.0: 759 684 683 61 887 825 282 300 
3	0.0: 766 765 691 1 943 819 165 336 
3	0.0: 811 778 700 159 858 1018 29 402 
3	0.0: 763 607 785 225 1185 888 284 506 
3	0.0: 856 809 746 2 846 954 91 301 
3	0.0: 826 770 681 285 1100 936 35 423 
3	0.0: 886 786 735 180 1063 771 172 353 
3	0.0: 886 853 691 186 1015 872 87 493 
3	0.0: 809 781 701 1 921 832 275 227 
3	0.0: 802 774 713 186 1052 931 149 347 
3	0.0: 917 713 674 146 1084 839 78 299 
3	0.0: 853 787 702 346 987 916 210 403 
3	0.0: 804 725 685 385 979 793 232 366 
3	0.0: 717 754 717 1 1056 781 602 390 
3	0.0: 809 760 714 179 807 939 325 333 
3	0.0: 855 780 661 223 1184 765 109 393 
3	0.0: 819 749 744 156 913 893 286 424 
3	0.0: 727 751 686 331 1084 851 100 529 
3	0.0: 778 775 725 450 710 933 158 351 
3	0.0: 775 782 741 1 928 790 403 405 
3	0.0: 802 697 692 3 718 942 66 429 
3	0.0: 760 832 686 117 991 946 40 571 
3	0.0: 850 695 714 332 1206 846 205 446 
3	0.0: 823 761 693 89 773 893 149 448 
3	0.0: 770 846 696 111 914 906 120 462 
3	0.0: 830 657 656 96 864 1037 360 387 
3	0.0: 768 738 667 527 855 870 254 493 
3	0.0: 842 664 738 75 878 848 225 351 
3	0.0: 853 769 714 92 924 865 141 415 
3	0.0: 855 790 725 428 982 900 425 397 
3	0.0: 866 748 695 147 882 906 333 388 
3	0.0: 853 680 665 1 749 856 212 370 
3	0.0: 737 834 713 238 856 935 70 359 
3	0.0: 801 794 683 141 1017 727 90 331 
3	0.0: 684 786 671 1 732 881 69 362 
3	0.0: 816 694 729 261 752 1003 173 466 
3	0.0: 836 670 667 472 810 879 247 383 
3	0.0: 806 602 698 521 1153 815 155 421 
3	0.0: 844 775 691 169 922 923 274 437 
3	0.0: 747 757 690 177 942 898 471 461 
3	0.0: 800 732 703 127 863 900 327 492 
3	0.0: 818 730 648 329 1177 956 131 451 
3	0.0: 792 698 731 1 600 770 459 493 
3	0.0: 707 657 685 81 957 808 306 508 
3	0.0: 828 753 690 103 1076 851 155 396 
3	0.0: 854 812 673 94 854 934 323 331 
3	0.0: 770 664 655 384 1016 993 249 460 
3	0.0: 892 767 698 1 1122 962 175 375 
3	0.0: 817 679 672 51 831 865 50 484 
3	0.0: 877 802 711 1 882 823 196 403 
3	0.0: 799 743 725 1 1031 823 1 349 
3	0.0: 843 805 715 177 973 835 236 547 
3	0.0: 806 657 736 1 1138 826 1 432 
3	0.0: 897 733 714 397 1012 901 368 473 
3	0.0: 760 782 715 80 1009 755 301 277 
3	0.0: 776 853 741 227 823 741 133 392 
3	0.0: 751 692 657 504 861 831 212 534 
3	0.0: 761 696 753 307 869 862 174 473 
3	0.0: 797 637 698 119 597 903 63 336 
3	0.0: 889 708 724 1 1155 843 142 439 
3	0.0: 822 504 700 1 1019 935 197 249 
3	0.0: 724 798 711 1 958 830 141 348 
3	0.0: 772 760 750 1 828 858 178 390 
3	0.0: 914 695 712 1 1066 780 1 175 
3	0.0: 843 795 657 1 1058 1012 132 336 
3	0.0: 900 737 735 60 841 802 271 469 
3	0.0: 865 727 680 113 1181 983 18 434 
3	0.0: 836 805 741 95 1119 930 207 497 
3	0.0: 858 722 704 1 742 859 358 459 
3	0.0: 823 718 676 123 861 828 185 494 
3	0.0: 809 718 748 529 1001 977 322 297 
3	0.0: 762 763 734 367 976 840 180 512 
3	0.0: 839 782 671 406 842 967 338 447 
3	0.0: 918 698 696 777 684 794 29 329 
3	0.0: 753 656 733 397 1086 895 284 441 
3	0.0: 828 847 722 120 839 867 317 400 
3	0.0: 821 819 702 20 918 900 45 475 
3	0.0: 768 775 748 1 1069 872 279 368 
3	0.0: 839 783 705 271 992 667 384 558 
3	0.0: 734 658 708 347 947 891 1 490 
3	0.0: 875 780 672 254 970 824 17 449 
3	0.0: 794 788 732 83 860 855 154 543 
3	0.0: 827 711 712 332 1004 739 123 443 
3	0.0: 850 832 731 173 825 794 407 358 
3	0.0: 800 774 700 137 851 755 533 453 
3	0.0: 834 821 689 933 922 861 305 377 
3	0.0: 849 739 757 1 925 918 535 388 
3	0.0: 724 838 747 400 1064 1003 1 456 
3	0.0: 784 755 692 505 1132 839 239 565 
3	0.0: 796 732 718 84 1103 861 271 447 
3	0.0: 856 765 684 168 945 778 398 394 
3	0.0: 827 767 723 3 781 917 118 258 
3	0.0: 856 733 699 398 1063 914 107 392 
3	0.0: 858 726 704 1 941 795 30 426 
3	0.0: 836 735 753 70 898 938 273 382 
3	0.0: 829 758 717 288 857 801 122 451 
3	0.0: 858 709 666 644 808 851 275 246 
3	0.0: 787 840 693 278 971 839 450 417 
3	0.0: 805 764 703 285 1061 918 1 390 
3	0.0: 795 700 703 153 1009 817 282 428 
3	0.0: 854 815 718 1 1007 866 283 465 
3	0.0: 806 754 699 305 1079 946 297 417 
3	0.0: 791 715 688 40 891 825 275 419 
3	0.0: 755 752 703 737 1100 866 87 373 
3	0.0: 760 734 700 1 1032 947 250 334 
3	0.0: 761 796 721 115 1046 879 233 477 
3	0.0: 805 763 685 129 964 1065 368 414 
3	0.0: 842 612 726 400 850 824 200 440 
3	0.0: 805 801 663 66 626 869 124 413 
3	0.0: 884 674 692 372 656 909 261 360 
3	0.0: 724 744 694 67 672 884 589 495 
3	0.0: 841 759 677 131 952 822 376 394 
3	0.0: 870 827 716 188 1008 909 1 468 
3	0.0: 798 670 709 281 846 953 199 311 
3	0.0: 799 690 689 1 793 874 188 496 
3	0.0: 842 775 755 517 1074 804 12 406 
3	0.0: 830 764 709 1 1017 863 40 467 
3	0.0: 823 784 679 326 1019 888 160 512 
3	0.0: 884 814 722 135 1061 835 274 445 
3	0.0: 816 643 708 618 1166 827 258 389 
3	0.0: 836 736 676 1 1061 808 105 308 
3	0.0: 801 711 651 237 1025 970 227 479 
3	0.0: 829 803 690 433 919 820 73 315 
3	0.0: 838 753 734 64 850 909 114 392 
3	0.0: 817 581 734 241 852 837 35 580 
3	0.0: 759 743 731 86 700 835 284 409 
3	0.0: 806 665 718 166 955 890 475 412 
3	0.0: 711 704 710 60 921 918 397 308 
3	0.0: 771 763 673 185 1089 900 258 264 
3	0.0: 809 709 694 211 1180 923 169 341 
3	0.0: 811 789 730 52 818 819 283 313 
3	0.0: 792 658 750 333 981 851 277 478 
3	0.0: 822 658 690 387 1054 930 477 390 
3	0.0: 832 716 712 565 1164 892 49 413 
3	0.0: 856 698 708 1 1171 815 161 320 
3	0.0: 798 842 727 213 833 885 1 415 
3	0.0: 828 896 769 1 779 847 407 514 
3	0.0: 849 741 723 263 928 880 401 545 
3	0.0: 819 725 715 156 984 939 373 410 
3	0.0: 752 792 710 507 1004 819 94 489 
3	0.0: 904 838 683 1 903 925 84 362 
3	0.0: 778 761 710 1 1144 818 132 428 
3	0.0: 814 686 714 213 1026 901 236 388 
3	0.0: 811 709 728 74 1082 809 119 293 
3	0.0: 793 810 691 213 925 907 140 448 
3	0.0: 753 759 664 374 1030 918 327 425 
3	0.0: 833 718 687 184 756 953 230 357 
3	0.0: 795 726 705 37 819 933 175 529 
3	0.0: 851 760 715 289 890 934 375 484 
3	0.0: 780 622 740 445 955 742 137 440 
3	0.0: 856 743 693 249 1144 827 1 452 
3	0.0: 774 844 725 14 1000 929 136 493 
3	0.0: 897 755 672 1 742 920 655 482 
3	0.0: 835 772 711 308 839 803 436 429 
3	0.0: 910 775 730 569 1020 948 395 522 
3	0.0: 805 827 692 41 1219 923 248 524 
3	0.0: 822 752 688 198 809 903 23 333 
3	0.0: 821 819 696 1 845 845 363 417 
3	0.0: 816 715 724 98 930 860 268 231 
3	0.0: 780 662 690 247 1104 874 340 319 
3	0.0: 730 659 748 200 968 770 303 323 
3	0.0: 768 742 703 610 920 881 223 420 
3	0.0: 688 672 700 444 815 884 64 512 
3	0.0: 878 816 754 151 1062 804 180 509 
3	0.0: 879 674 742 1 1120 934 359 520 
3	0.0: 840 645 706 326 798 791 98 395 
3	0.0: 831 812 697 337 1011 1027 74 469 
3	0.0: 800 823 741 473 879 878 324 260 
3	0.0: 889 670 704 279 719 799 37 502 
3	0.0: 805 704 738 621 1162 752 443 459 
3	0.0: 758 800 799 207 829 824 33 375 
3	0.0: 863 695 700 317 965 893 1 318 
3	0.0: 857 839 697 265 1041 818 1 259 
3	0.0: 772 642 670 104 1184 956 112 456 
3	0.0: 829 742 663 445 1046 779 338 356 
3	0.0: 799 800 711 1 1054 852 1 318 
3	0.0: 827 810 696 400 919 849 403 468 
3	0.0: 831 761 699 249 704 928 112 355 
3	0.0: 796 875 714 115 1036 730 390 422 
3	0.0: 767 853 698 396 973 997 329 435 
3	0.0: 844 821 677 291 862 764 220 396 
3	0.0: 886 727 716 358 916 813 169 448 
3	0.0: 817 801 708 241 773 951 484 448 
3	0.0: 780 722 705 356 677 877 1 376 
3	0.0: 753 800 713 161 990 838 357 272 
3	0.0: 689 639 710 1 1131 857 78 382 
3	0.0: 775 754 688 98 696 852 67 333 
3	0.0: 812 783 719 40 1103 886 144 322 
3	0.0: 817 663 705 80 853 823 253 369 
3	0.0: 913 803 678 338 1024 830 213 453 
3	0.0: 825 785 739 447 876 891 31 472 
3	0.0: 839 680 700 228 1034 917 1 333 
3	0.0: 874 723 751 263 879 871 256 348 
3	0.0: 779 744 693 33 1070 801 79 516 
3	0.0: 845 743 709 113 1074 912 251 312 
3	0.0: 820 735 702 325 863 774 133 435 
3	0.0: 863 785 694 168 999 909 228 512 
3	0.0: 799 768 674 293 768 792 1 360 
3	0.0: 743 728 722 284 1185 848 152 454 
3	0.0: 866 817 693 1 1009 777 259 441 
3	0.0: 806 755 689 386 1066 957 194 440 
3	0.0: 904 813 689 1 924 894 243 515 
3	0.0: 834 652 697 265 910 763 209 363 
3	0.0: 751 739 721 394 1188 854 106 279 
3	0.0: 826 645 717 159 1122 940 172 309 
3	0.0: 871 621 727 1 851 790 153 390 
3	0.0: 786 691 685 360 926 772 386 516 
3	0.0: 901 710 705 412 1137 905 191 429 
3	0.0: 816 691 756 300 1200 910 1 393 
3	0.0: 788 679 691 193 1061 890 1 443 
3	0.0: 768 686 729 207 1050 918 111 453 
3	0.0: 844 784 719 260 1180 752 1 486 
3	0.0: 826 674 684 294 1046 930 394 477 
3	0.0: 865 621 757 657 1043 956 198 455 
3	0.0: 808 771 686 582 987 866 1 424 
3	0.0: 838 759 752 282 992 920 136 362 
3	0.0: 813 714 672 435 1066 923 280 385 
3	0.0: 743 809 726 176 1047 960 299 549 
3	0.0: 784 792 718 41 1015 896 244 468 
3	0.0: 806 776 659 462 969 966 294 442 
3	0.0: 754 653 693 529 785 867 449 389 
3	0.0: 891 765 667 234 924 927 47 345 
3	0.0: 782 713 687 144 972 963 364 452 
3	0.0: 798 645 685 1 1159 819 241 356 
3	0.0: 861 709 677 199 1010 910 188 413 
3	0.0: 836 780 702 169 1134 777 415 523 
3	0.0: 828 708 715 291 1049 1029 297 407 
3	0.0: 875 712 718 16 1190 896 94 452 
3	0.0: 824 725 694 1 900 824 174 435 
3	0.0: 745 742 710 363 1180 816 180 379 
3	0.0: 832 823 674 1 978 706 388 414 
3	0.0: 856 730 682 466 1189 922 1 502 
3	0.0: 796 718 746 24 710 966 191 336 
3	0.0: 862 648 748 340 977 968 97 618 
3	0.0: 825 682 682 281 994 791 342 411 
3	0.0: 810 614 660 1 980 771 244 443 
3	0.0: 891 778 696 251 1161 828 255 368 
3	0.0: 821 652 709 299 1032 836 314 485 
3	0.0: 745 741 680 480 895 1002 374 384 
3	0.0: 739 759 747 1 864 917 387 370 
3	0.0: 828 749 708 264 1013 817 245 272 
3	0.0: 770 719 720 261 790 925 197 482 
3	0.0: 775 698 736 522 810 810 514 313 
3	0.0: 853 723 726 51 892 876 466 392 
3	0.0: 967 710 757 276 1038 842 298 521 
3	0.0: 843 708 746 298 1033 851 55 398 
3	0.0: 792 718 716 162 1008 940 389 540 
3	0.0: 872 719 688 16 819 820 176 305 
3	0.0: 817 755 711 275 921 737 1 387 
3	0.0: 870 758 728 13 1005 915 296 390 
3	0.0: 753 751 702 27 902 921 359 455 
3	0.0: 830 634 708 232 1035 929 195 418 
3	0.0: 881 766 681 197 990 782 84 485 
3	0.0: 801 716 715 417 917 787 258 481 
3	0.0: 893 590 737 392 988 815 243 354 
3	0.0: 852 794 661 187 860 854 348 504 
3	0.0: 834 823 743 309 1010 897 460 551 
3	0.0: 901 700 654 421 801 893 7 413 
3	0.0: 881 709 734 1 999 895 282 331 
3	0.0: 887 672 729 83 1006 909 50 530 
3	0.0: 859 724 705 397 1013 910 369 420 
3	0.0: 868 698 685 433 1126 752 244 422 
3	0.0: 818 652 686 174 767 819 102 381 
3	0.0: 841 804 669 361 880 888 234 506 
3	0.0: 873 831 710 113 825 827 191 520 
3	0.0: 877 660 721 272 1004 923 88 403 
3	0.0: 830 745 703 340 1030 824 162 309 
3	0.0: 814 793 723 203 764 1032 368 445 
3	0.0: 769 816 697 300 757 950 166 463 
3	0.0: 818 728 732 139 802 999 64 368 
3	0.0: 844 764 715 302 1060 747 289 490 
3	0.0: 860 762 684 454 918 821 200 409 
3	0.0: 693 710 726 1 880 861 126 354 
3	0.0: 872 721 702 46 1070 870 229 631 
3	0.0: 829 755 755 1 1197 812 256 462 
3	0.0: 762 775 701 22 1128 818 193 389 
3	0.0: 798 806 731 125 892 817 469 482 
3	0.0: 755 783 683 282 1249 799 49 448 
3	0.0: 774 731 759 336 822 891 91 481 
3	0.0: 860 711 695 42 949 831 577 371 
3	0.0: 876 687 693 224 863 911 213 423 
3	0.0: 889 702 645 18 1119 797 1 570 
3	0.0: 749 642 700 434 1153 838 1 368 
3	0.0: 846 656 654 1 854 896 517 497 
3	0.0: 799 853 702 261 902 841 219 441 
3	0.0: 919 817 717 1 914 885 6 457 
3	0.0: 869 713 670 163 1088 850 93 439 
3	0.0: 900 757 723 169 1050 904 50 479 
3	0.0: 874 776 686 105 863 991 235 550 
3	0.0: 768 765 710 458 927 941 29 424 
3	0.0: 884 720 692 1 1129 947 348 471 
3	0.0: 843 808 687 84 1132 917 575 467 
3	0.0: 905 748 693 147 1117 952 368 331 
3	0.0: 764 784 682 252 774 726 1 412 
3	0.0: 869 781 690 376 1014 946 322 422 
3	0.0: 742 771 696 1 1115 891 86 494 
3	0.0: 834 736 730 19 1013 829 249 422 
3	0.0: 913 827 695 179 1201 726 293 421 
3	0.0: 858 714 719 36 907 927 20 460 
3	0.0: 838 636 682 385 1201 818 82 454 
3	0.0: 831 699 719 205 766 853 274 334 
3	0.0: 705 721 714 41 1132 816 303 305 
3	0.0: 850 816 732 301 749 981 294 477 
3	0.0: 812 796 702 201 754 843 1 374 
