3	0.0: 776 493 550 168 114 740 443 384 
3	0.0: 802 480 450 1 192 316 442 384 
3	0.0: 820 502 644 131 178 810 443 384 
3	0.0: 788 642 640 1 333 601 445 384 
3	0.0: 785 509 624 83 149 446 439 384 
3	0.0: 750 357 560 80 424 471 443 384 
3	0.0: 767 379 536 1 450 291 445 384 
3	0.0: 810 446 587 1 397 660 445 384 
3	0.0: 773 364 574 1 237 736 447 384 
3	0.0: 796 490 552 256 184 556 446 384 
3	0.0: 821 397 641 15 531 678 448 383 
3	0.0: 783 315 514 75 41 280 441 384 
3	0.0: 747 431 579 293 346 329 449 384 
3	0.0: 815 331 583 1 154 667 440 384 
3	0.0: 788 376 500 54 374 502 440 384 
3	0.0: 764 486 568 182 404 335 447 383 
3	0.0: 792 521 564 1 298 460 441 383 
3	0.0: 737 601 560 1 313 612 448 384 
3	0.0: 779 427 673 212 335 423 448 383 
3	0.0: 769 446 623 345 359 524 440 384 
3	0.0: 762 487 640 1 158 360 443 383 
3	0.0: 695 465 610 1 232 930 444 383 
3	0.0: 783 253 545 107 1 788 443 383 
3	0.0: 786 471 572 1 452 793 442 384 
3	0.0: 787 445 488 1 245 510 442 384 
3	0.0: 798 474 554 212 626 733 442 384 
3	0.0: 804 503 614 1 22 674 447 383 
3	0.0: 784 525 560 55 359 538 444 384 
3	0.0: 760 540 548 322 165 461 443 384 
3	0.0: 822 593 503 246 123 231 445 384 
3	0.0: 807 417 547 143 325 616 445 384 
3	0.0: 811 612 571 1 155 690 443 384 
3	0.0: 839 551 596 360 240 576 449 384 
3	0.0: 794 517 529 39 61 590 446 385 
3	0.0: 761 361 586 39 248 461 443 384 
3	0.0: 756 520 564 194 420 601 443 384 
3	0.0: 796 394 590 467 289 422 449 384 
3	0.0: 801 474 570 161 305 864 444 384 
3	0.0: 775 428 530 203 525 829 441 384 
3	0.0: 739 398 579 1 101 337 444 384 
3	0.0: 816 484 545 80 480 448 442 384 
3	0.0: 786 379 561 121 314 448 440 384 
3	0.0: 798 446 522 1 444 570 442 384 
3	0.0: 782 431 478 1 312 357 441 384 
3	0.0: 827 494 605 179 128 395 444 384 
3	0.0: 792 411 598 30 284 438 448 383 
3	0.0: 837 554 571 1 321 591 443 384 
3	0.0: 774 604 546 27 1 598 441 384 
3	0.0: 767 241 513 1 332 388 446 384 
3	0.0: 749 468 616 10 218 930 445 383 
2	0.0: 798 465 532 344 101 620 444 383 
3	0.0: 768 551 563 1 366 536 446 383 
3	0.0: 731 522 521 149 455 476 436 384 
3	0.0: 804 460 460 1 372 461 446 384 
3	0.0: 741 546 514 189 158 642 443 384 
3	0.0: 760 347 612 11 89 555 437 383 
3	0.0: 774 417 577 218 157 282 446 384 
3	0.0: 771 579 521 236 170 576 440 383 
3	0.0: 768 532 593 9 192 488 445 383 
3	0.0: 792 442 522 109 130 760 449 383 
3	0.0: 806 517 537 1 621 479 446 384 
2	0.0: 744 476 540 419 149 225 448 384 
3	0.0: 814 346 526 1 531 524 448 383 
3	0.0: 834 450 574 36 395 545 444 384 
3	0.0: 782 463 569 228 173 469 444 383 
3	0.0: 822 441 529 321 127 690 446 384 
3	0.0: 801 389 611 1 114 761 449 384 
3	0.0: 740 419 559 1 142 439 447 383 
3	0.0: 769 466 504 196 47 421 443 384 
3	0.0: 781 347 641 1 317 483 435 384 
3	0.0: 753 510 491 164 240 439 443 384 
3	0.0: 754 408 535 287 132 857 444 383 
3	0.0: 801 514 567 1 371 584 442 384 
3	0.0: 793 506 568 1 216 564 443 385 
3	0.0: 787 425 569 351 220 602 443 383 
3	0.0: 743 575 591 144 450 513 447 384 
3	0.0: 789 496 498 108 297 272 450 384 
3	0.0: 775 460 610 87 460 657 442 384 
3	0.0: 740 455 476 1 226 598 445 384 
2	0.0: 817 533 666 176 38 829 446 383 
3	0.0: 779 284 523 70 327 952 444 384 
3	0.0: 768 406 541 118 338 425 450 384 
3	0.0: 814 533 547 1 38 562 447 383 
3	0.0: 749 329 563 1 87 1054 445 384 
3	0.0: 827 652 577 1 421 342 446 384 
3	0.0: 750 446 565 1 309 859 444 383 
3	0.0: 802 483 486 111 396 577 443 383 
3	0.0: 792 538 548 1 241 545 445 384 
3	0.0: 784 482 537 250 338 588 442 383 
3	0.0: 750 358 496 337 509 402 447 383 
3	0.0: 782 517 558 280 515 580 447 383 
3	0.0: 745 508 499 5 80 409 448 384 
3	0.0: 746 452 581 1 455 250 449 383 
3	0.0: 785 487 496 334 335 508 441 383 
3	0.0: 761 462 602 267 277 373 447 383 
3	0.0: 811 487 524 194 379 489 444 383 
3	0.0: 787 383 504 256 69 326 445 383 
3	0.0: 796 363 569 386 260 530 446 383 
3	0.0: 778 431 656 1 122 834 446 383 
3	0.0: 802 382 485 179 50 367 444 383 
3	0.0: 754 433 552 38 447 505 443 384 
3	0.0: 753 507 531 347 328 531 444 383 
3	0.0: 831 419 546 1 239 1001 446 384 
3	0.0: 787 392 637 1 231 660 440 383 
3	0.0: 767 580 543 1 277 599 442 384 
3	0.0: 793 358 497 202 189 434 442 383 
3	0.0: 723 428 629 180 296 620 444 384 
3	0.0: 793 361 575 343 291 446 443 384 
2	0.0: 756 322 562 165 1 619 447 383 
3	0.0: 775 497 551 84 1 550 444 384 
3	0.0: 758 520 598 1 304 689 444 384 
3	0.0: 795 501 540 1 122 617 444 384 
3	0.0: 811 469 568 1 610 521 444 384 
3	0.0: 825 583 594 104 90 474 448 384 
3	0.0: 816 567 486 1 293 385 443 383 
3	0.0: 789 436 544 1 311 627 444 383 
3	0.0: 823 494 608 125 100 675 444 384 
3	0.0: 796 411 562 14 381 658 444 384 
3	0.0: 719 485 568 333 397 647 442 383 
3	0.0: 773 414 431 1 224 646 442 384 
3	0.0: 769 469 555 17 174 452 446 383 
3	0.0: 840 585 640 333 217 861 446 384 
3	0.0: 764 495 577 233 192 492 446 384 
3	0.0: 757 477 513 92 542 674 441 384 
3	0.0: 780 484 455 314 275 607 445 384 
3	0.0: 857 427 639 93 1 383 442 384 
3	0.0: 763 317 615 110 359 315 441 384 
3	0.0: 816 426 571 317 410 801 445 383 
3	0.0: 757 495 539 89 9 451 448 384 
3	0.0: 735 511 530 1 309 562 446 384 
3	0.0: 767 546 581 272 232 598 445 383 
3	0.0: 769 362 470 276 407 439 438 384 
3	0.0: 786 488 567 136 429 290 440 384 
3	0.0: 750 485 597 1 204 451 440 383 
3	0.0: 813 384 508 1 31 511 441 384 
3	0.0: 792 480 575 168 168 316 444 384 
3	0.0: 770 538 673 1 1 564 448 384 
3	0.0: 776 424 565 102 319 329 445 384 
2	0.0: 783 394 528 304 38 481 446 384 
3	0.0: 731 496 489 1 311 663 444 383 
3	0.0: 803 481 466 59 198 506 451 384 
3	0.0: 776 457 578 1 215 409 446 384 
3	0.0: 774 446 526 16 179 297 446 384 
3	0.0: 745 476 582 1 258 435 438 384 
3	0.0: 807 384 575 1 209 565 444 384 
2	0.0: 807 288 547 245 25 466 448 383 
3	0.0: 762 491 617 83 438 395 444 384 
3	0.0: 766 383 504 110 127 158 442 384 
3	0.0: 822 499 495 43 363 789 443 384 
3	0.0: 804 457 539 277 445 639 445 383 
3	0.0: 819 453 565 30 455 468 445 383 
3	0.0: 766 496 444 188 259 749 448 384 
3	0.0: 745 426 526 13 382 479 450 384 
3	0.0: 738 387 503 1 300 574 448 384 
3	0.0: 788 480 546 170 211 524 445 383 
3	0.0: 769 350 540 200 440 492 444 384 
3	0.0: 797 541 579 97 354 580 444 384 
3	0.0: 800 411 529 78 1 549 448 384 
3	0.0: 747 474 575 37 118 552 448 383 
3	0.0: 742 434 640 1 61 861 442 384 
3	0.0: 768 458 575 109 221 656 443 383 
3	0.0: 796 470 591 1 204 405 445 383 
3	0.0: 799 499 606 151 322 612 442 384 
3	0.0: 734 596 526 163 207 592 439 384 
3	0.0: 793 467 488 1 401 400 447 384 
3	0.0: 878 444 492 2 273 635 447 383 
3	0.0: 808 557 542 167 372 618 441 383 
3	0.0: 807 501 540 1 184 478 445 384 
2	0.0: 785 437 535 272 1 372 441 384 
3	0.0: 849 430 491 204 396 486 447 384 
3	0.0: 739 423 556 1 212 475 443 384 
3	0.0: 749 498 446 1 432 664 443 384 
3	0.0: 792 424 523 1 408 304 443 383 
3	0.0: 760 479 483 36 370 424 450 383 
3	0.0: 807 437 646 1 137 486 449 384 
3	0.0: 780 458 536 389 423 318 449 383 
3	0.0: 764 366 615 297 198 742 441 384 
3	0.0: 733 489 517 186 281 527 439 384 
3	0.0: 746 405 597 1 204 470 446 384 
3	0.0: 739 623 432 228 339 545 446 383 
3	0.0: 800 413 547 494 338 783 444 383 
3	0.0: 774 423 591 214 436 695 447 384 
3	0.0: 739 431 505 384 366 664 451 384 
3	0.0: 800 470 508 185 374 845 441 384 
3	0.0: 791 368 469 187 374 574 441 384 
3	0.0: 759 475 565 1 7 366 448 383 
3	0.0: 766 456 565 256 324 548 447 384 
3	0.0: 760 297 542 66 16 826 441 383 
3	0.0: 754 431 582 20 417 778 441 384 
3	0.0: 767 382 625 97 332 490 445 384 
3	0.0: 793 583 449 268 536 710 446 383 
3	0.0: 737 560 411 106 103 507 443 384 
3	0.0: 740 611 557 1 474 542 447 384 
3	0.0: 836 384 585 1 376 322 448 384 
3	0.0: 739 475 527 1 482 408 449 383 
3	0.0: 816 352 569 108 261 362 441 384 
3	0.0: 814 432 512 1 156 340 441 384 
3	0.0: 760 415 595 113 58 330 441 383 
3	0.0: 769 419 584 195 243 459 443 384 
3	0.0: 784 473 640 293 242 359 448 384 
3	0.0: 783 444 643 26 55 719 444 383 
2	0.0: 770 402 569 248 1 742 444 384 
3	0.0: 823 348 529 1 18 749 439 384 
3	0.0: 783 486 625 14 75 382 443 384 
3	0.0: 774 448 559 1 132 346 446 383 
3	0.0: 750 512 555 146 167 519 445 384 
3	0.0: 773 358 572 74 212 434 445 384 
3	0.0: 749 434 510 7 268 661 444 383 
3	0.0: 779 484 649 155 262 423 441 384 
3	0.0: 737 399 617 1 255 417 440 384 
3	0.0: 821 408 556 198 332 495 443 384 
3	0.0: 805 516 543 138 1 710 443 383 
3	0.0: 785 567 546 194 256 253 441 384 
3	0.0: 725 677 586 96 421 656 442 384 
3	0.0: 768 437 588 1 511 496 445 384 
3	0.0: 812 504 559 149 422 541 445 384 
3	0.0: 753 607 526 59 193 361 442 384 
3	0.0: 818 410 633 1 402 467 442 384 
3	0.0: 810 499 527 182 428 680 442 384 
3	0.0: 800 416 594 1 359 583 444 383 
3	0.0: 827 522 533 302 173 345 448 383 
3	0.0: 760 377 588 1 288 421 440 384 
3	0.0: 781 416 601 1 140 493 441 383 
3	0.0: 827 466 543 310 121 623 443 384 
3	0.0: 738 426 474 80 499 464 442 384 
3	0.0: 743 380 576 59 51 652 442 384 
3	0.0: 789 465 542 28 194 657 444 383 
3	0.0: 800 431 582 255 400 657 440 384 
3	0.0: 758 377 575 220 295 257 445 384 
3	0.0: 770 411 535 1 138 721 448 383 
3	0.0: 745 538 585 160 54 205 444 383 
3	0.0: 781 414 544 1 337 562 440 384 
3	0.0: 761 472 565 39 440 454 441 384 
3	0.0: 818 649 550 1 260 529 448 384 
3	0.0: 751 352 514 1 1 907 442 383 
3	0.0: 787 512 534 1 295 678 448 384 
3	0.0: 777 446 581 1 319 859 443 384 
3	0.0: 779 321 542 1 308 338 449 384 
3	0.0: 772 545 566 1 214 363 444 383 
3	0.0: 771 421 491 35 168 693 449 384 
3	0.0: 758 475 532 101 267 547 441 384 
3	0.0: 818 571 528 193 205 404 438 385 
3	0.0: 805 498 568 265 261 501 443 383 
3	0.0: 765 583 555 1 555 464 441 384 
3	0.0: 784 523 563 177 366 457 441 383 
3	0.0: 722 560 547 81 62 646 445 383 
3	0.0: 801 411 565 1 463 485 441 384 
3	0.0: 736 435 523 244 285 1172 445 384 
3	0.0: 735 440 579 55 220 200 441 384 
3	0.0: 782 519 545 4 232 424 444 383 
3	0.0: 789 549 552 157 323 705 437 384 
3	0.0: 791 427 509 206 565 502 444 383 
3	0.0: 777 339 675 261 222 551 443 383 
3	0.0: 714 466 489 150 207 759 445 384 
3	0.0: 783 524 634 244 240 469 444 383 
3	0.0: 725 522 551 81 451 410 440 383 
3	0.0: 759 393 559 66 62 683 448 384 
3	0.0: 815 574 646 1 62 769 442 384 
3	0.0: 752 413 558 1 566 489 443 383 
3	0.0: 776 509 579 1 373 885 445 384 
3	0.0: 781 384 504 416 180 231 441 384 
3	0.0: 736 448 662 284 284 655 442 384 
3	0.0: 734 549 595 1 222 523 443 384 
3	0.0: 785 438 542 200 369 233 444 383 
3	0.0: 781 546 565 1 305 340 443 384 
3	0.0: 766 462 604 1 27 325 439 384 
3	0.0: 766 488 549 338 423 391 447 383 
3	0.0: 774 373 440 10 361 703 437 384 
3	0.0: 758 413 620 1 241 391 441 383 
2	0.0: 767 434 618 378 45 746 447 384 
3	0.0: 776 422 532 1 90 401 445 384 
3	0.0: 777 538 525 211 208 663 445 384 
3	0.0: 764 596 584 81 310 279 444 384 
3	0.0: 807 688 548 328 157 460 439 384 
3	0.0: 802 477 578 304 318 342 439 384 
3	0.0: 800 388 500 60 124 544 447 384 
3	0.0: 737 456 507 1 428 642 442 384 
3	0.0: 770 529 621 1 393 665 445 384 
3	0.0: 777 399 512 197 186 661 444 384 
3	0.0: 829 397 570 1 229 345 447 384 
3	0.0: 752 493 621 1 291 479 448 384 
3	0.0: 780 448 577 362 356 705 445 383 
3	0.0: 737 424 559 1 143 424 442 384 
3	0.0: 783 487 553 154 36 409 444 383 
3	0.0: 746 493 573 65 321 445 451 384 
3	0.0: 733 378 545 1 365 576 447 383 
3	0.0: 762 524 554 16 247 424 446 384 
3	0.0: 764 443 597 1 362 732 447 384 
3	0.0: 768 479 589 1 247 885 444 384 
3	0.0: 811 516 644 1 369 723 443 384 
3	0.0: 782 501 518 1 463 719 444 384 
3	0.0: 772 447 489 141 246 468 444 383 
3	0.0: 781 495 574 1 358 399 447 384 
3	0.0: 801 460 544 1 197 639 448 384 
3	0.0: 782 438 549 1 185 653 442 384 
3	0.0: 801 485 612 1 225 423 448 384 
3	0.0: 787 515 531 167 135 326 442 384 
3	0.0: 789 449 591 1 79 860 444 383 
3	0.0: 806 470 538 7 130 834 445 384 
3	0.0: 805 462 556 14 178 787 444 384 
3	0.0: 774 547 542 1 105 600 443 383 
3	0.0: 791 525 606 1 1 501 450 383 
3	0.0: 761 500 638 67 387 531 442 383 
3	0.0: 801 339 582 209 77 348 442 383 
3	0.0: 789 356 608 294 436 665 446 383 
3	0.0: 783 437 616 84 186 572 444 384 
3	0.0: 727 508 650 1 425 530 444 384 
3	0.0: 727 584 604 97 240 461 441 384 
3	0.0: 819 525 583 172 275 692 438 384 
3	0.0: 758 510 558 1 412 661 450 384 
3	0.0: 787 386 560 102 210 664 446 383 
3	0.0: 790 369 595 227 198 252 446 384 
3	0.0: 792 373 553 1 346 488 447 383 
3	0.0: 708 504 493 79 500 768 448 383 
3	0.0: 759 414 539 332 513 779 445 384 
3	0.0: 756 411 537 44 240 697 446 384 
3	0.0: 745 623 545 54 420 697 445 384 
3	0.0: 697 527 617 43 1 531 444 384 
3	0.0: 784 471 531 66 1 339 445 384 
3	0.0: 731 340 580 75 253 656 446 384 
3	0.0: 829 371 613 267 322 509 442 383 
3	0.0: 745 492 583 1 280 761 443 384 
3	0.0: 777 390 523 245 150 524 446 383 
3	0.0: 771 417 567 1 457 686 444 384 
3	0.0: 743 460 610 109 300 761 446 384 
3	0.0: 766 394 566 235 317 424 440 384 
3	0.0: 821 365 544 283 290 400 443 384 
3	0.0: 785 412 600 1 88 382 452 384 
3	0.0: 807 430 598 1 471 636 446 384 
3	0.0: 820 407 538 1 320 603 444 384 
3	0.0: 752 494 579 1 186 390 443 384 
3	0.0: 817 442 577 268 399 818 443 384 
3	0.0: 749 570 566 1 299 785 445 384 
3	0.0: 747 401 527 321 188 481 439 383 
3	0.0: 735 490 543 7 499 498 444 384 
2	0.0: 769 492 619 378 1 564 447 384 
3	0.0: 781 530 528 1 284 555 448 383 
2	0.0: 809 445 590 253 11 279 444 384 
3	0.0: 820 326 527 357 675 415 452 384 
3	0.0: 757 483 544 153 194 565 438 384 
3	0.0: 751 397 473 149 184 725 444 384 
3	0.0: 757 386 571 173 240 420 441 383 
3	0.0: 749 434 610 7 303 489 452 384 
3	0.0: 755 416 560 49 313 946 442 383 
3	0.0: 778 470 578 173 315 340 443 384 
3	0.0: 765 427 578 292 103 480 448 384 
3	0.0: 773 554 493 1 87 900 441 384 
3	0.0: 791 485 533 1 211 514 443 384 
3	0.0: 773 423 561 1 370 726 448 383 
3	0.0: 800 464 651 1 481 605 441 384 
3	0.0: 779 570 481 118 283 361 441 384 
3	0.0: 802 472 565 1 108 439 445 384 
3	0.0: 753 535 539 54 171 530 449 383 
2	0.0: 778 545 562 386 1 604 442 384 
3	0.0: 744 691 599 1 168 709 444 384 
3	0.0: 703 470 608 1 365 445 446 383 
3	0.0: 749 493 622 1 491 213 443 383 
3	0.0: 771 435 575 10 1 702 443 383 
3	0.0: 802 437 538 160 678 669 444 384 
3	0.0: 816 444 601 1 214 171 446 384 
3	0.0: 793 431 521 1 381 801 447 383 
3	0.0: 777 406 586 1 306 534 446 383 
3	0.0: 785 444 557 1 187 365 444 383 
3	0.0: 767 393 549 313 289 393 444 383 
3	0.0: 774 408 591 27 208 623 440 383 
3	0.0: 799 377 575 242 435 771 440 384 
3	0.0: 737 348 565 1 232 706 442 384 
3	0.0: 796 399 576 219 117 342 449 384 
3	0.0: 806 433 587 146 140 656 443 384 
3	0.0: 802 472 599 1 342 580 442 384 
3	0.0: 767 505 590 350 239 770 445 383 
3	0.0: 778 486 517 77 360 490 440 384 
3	0.0: 766 486 609 18 158 548 446 384 
3	0.0: 762 507 521 1 188 744 443 384 
3	0.0: 772 395 617 40 415 403 446 384 
3	0.0: 763 539 517 157 305 567 448 384 
3	0.0: 837 431 553 1 426 477 444 383 
3	0.0: 742 411 487 96 467 545 447 384 
3	0.0: 739 483 593 1 261 505 443 384 
3	0.0: 829 459 645 113 645 705 445 384 
3	0.0: 768 505 531 3 227 693 449 384 
3	0.0: 785 589 642 186 354 303 448 384 
3	0.0: 776 547 538 198 184 805 444 384 
3	0.0: 779 511 563 1 476 630 446 384 
3	0.0: 744 558 521 377 213 552 445 383 
3	0.0: 773 435 666 9 218 434 444 385 
3	0.0: 750 353 529 236 100 857 441 384 
3	0.0: 757 435 561 16 640 376 445 384 
3	0.0: 819 337 568 55 1 626 444 383 
3	0.0: 767 399 469 1 520 517 444 384 
3	0.0: 826 460 608 346 397 504 442 384 
3	0.0: 758 555 558 323 202 457 440 383 
3	0.0: 722 488 542 277 183 244 442 384 
3	0.0: 761 503 630 1 563 461 443 384 
3	0.0: 781 536 618 1 169 439 446 383 
3	0.0: 853 389 563 1 457 556 444 384 
3	0.0: 788 396 618 66 138 365 441 383 
3	0.0: 858 342 546 66 1 462 448 383 
3	0.0: 811 545 501 336 109 113 439 384 
3	0.0: 825 411 509 100 338 793 437 384 
3	0.0: 772 420 594 224 289 530 448 384 
3	0.0: 796 434 499 142 206 660 447 384 
3	0.0: 815 451 453 185 93 357 445 384 
3	0.0: 741 513 569 118 330 537 440 383 
3	0.0: 798 345 547 1 226 688 443 384 
3	0.0: 749 414 576 180 361 561 444 384 
3	0.0: 789 489 601 187 76 600 450 383 
3	0.0: 793 427 461 57 321 587 445 384 
3	0.0: 742 444 599 1 431 561 441 383 
3	0.0: 800 505 504 1 371 472 445 384 
3	0.0: 802 651 520 232 194 572 438 384 
3	0.0: 762 511 516 135 268 395 446 384 
3	0.0: 789 399 540 1 410 624 443 384 
3	0.0: 776 430 539 1 408 406 450 384 
3	0.0: 827 323 551 26 231 512 445 384 
3	0.0: 790 346 582 1 293 565 445 384 
3	0.0: 755 481 543 328 284 333 443 383 
3	0.0: 817 415 523 1 282 504 442 383 
3	0.0: 867 572 622 1 375 501 440 384 
3	0.0: 753 348 517 1 138 442 444 383 
3	0.0: 727 444 494 286 275 705 449 384 
3	0.0: 817 455 579 145 91 255 441 384 
3	0.0: 783 511 591 26 467 377 439 384 
3	0.0: 808 344 539 131 258 406 446 383 
3	0.0: 781 391 550 93 315 657 451 383 
3	0.0: 775 522 498 125 395 812 443 383 
3	0.0: 815 456 641 1 302 587 445 384 
3	0.0: 766 480 560 26 292 687 446 384 
3	0.0: 744 364 493 29 256 570 446 383 
3	0.0: 806 561 558 168 406 581 442 383 
3	0.0: 757 622 533 1 10 307 446 384 
3	0.0: 812 386 626 301 296 415 443 383 
3	0.0: 796 458 585 70 111 611 446 384 
3	0.0: 801 498 506 1 177 477 445 383 
3	0.0: 771 426 515 146 427 484 443 384 
3	0.0: 750 518 477 1 173 542 438 384 
3	0.0: 747 483 576 150 222 331 442 384 
3	0.0: 712 473 514 178 280 454 447 384 
3	0.0: 818 355 554 81 205 385 443 384 
3	0.0: 776 495 510 1 196 749 444 384 
3	0.0: 771 482 595 1 259 752 445 384 
3	0.0: 767 500 547 83 191 1031 446 384 
3	0.0: 781 398 541 1 268 529 439 383 
3	0.0: 793 450 457 1 288 355 439 383 
3	0.0: 790 422 528 378 503 622 445 384 
2	0.0: 803 462 608 163 1 543 443 384 
3	0.0: 783 390 576 19 68 249 449 385 
3	0.0: 752 539 665 358 173 389 447 384 
3	0.0: 763 569 617 1 133 614 445 384 
3	0.0: 777 563 513 75 339 295 446 384 
3	0.0: 788 418 498 1 199 631 443 384 
3	0.0: 749 491 617 174 297 564 449 383 
3	0.0: 813 360 536 43 127 818 444 384 
3	0.0: 774 282 523 1 395 661 446 384 
3	0.0: 772 465 646 1 18 766 444 384 
3	0.0: 774 434 592 136 375 610 446 383 
3	0.0: 762 553 567 352 335 529 449 384 
3	0.0: 835 380 526 1 388 730 447 384 
3	0.0: 714 440 573 36 154 816 440 384 
3	0.0: 775 394 584 247 174 754 450 384 
3	0.0: 789 449 576 1 59 411 444 385 
3	0.0: 754 516 534 1 293 316 439 383 
3	0.0: 725 432 490 1 313 791 443 383 
3	0.0: 779 376 646 1 300 867 447 383 
3	0.0: 827 539 448 62 527 504 444 384 
3	0.0: 814 330 601 184 509 676 444 384 
3	0.0: 777 490 555 100 122 549 438 384 
3	0.0: 748 428 567 1 395 562 437 384 
3	0.0: 728 582 530 237 416 533 447 384 
3	0.0: 748 358 548 36 229 401 449 384 
3	0.0: 809 529 506 1 219 645 447 384 
3	0.0: 766 421 467 84 197 446 444 383 
3	0.0: 761 445 528 91 198 408 442 384 
3	0.0: 753 552 524 1 251 676 445 384 
3	0.0: 799 411 524 1 535 391 445 383 
3	0.0: 763 503 521 346 152 764 445 383 
3	0.0: 770 501 533 101 391 574 443 383 
3	0.0: 755 560 481 138 167 568 449 383 
3	0.0: 793 381 581 61 645 668 446 384 
3	0.0: 800 609 491 281 261 366 445 384 
3	0.0: 782 446 581 60 7 268 441 384 
3	0.0: 777 459 530 1 349 689 446 383 
3	0.0: 802 371 595 1 426 569 445 383 
3	0.0: 784 524 536 108 229 462 446 384 
3	0.0: 755 509 569 331 433 444 447 384 
3	0.0: 743 438 536 1 276 241 448 384 
3	0.0: 749 399 591 1 366 564 441 384 
3	0.0: 750 366 578 1 342 722 448 384 
3	0.0: 779 495 572 288 271 656 444 383 
3	0.0: 773 569 504 76 99 573 444 383 
3	0.0: 815 364 615 1 292 609 440 384 
3	0.0: 795 493 556 1 118 598 437 384 
3	0.0: 806 538 618 328 403 446 448 384 
3	0.0: 761 438 559 9 66 570 440 384 
3	0.0: 824 584 469 64 130 610 443 383 
3	0.0: 792 617 599 85 391 859 447 384 
3	0.0: 782 595 527 166 144 695 439 384 
3	0.0: 835 368 566 1 148 236 445 384 
2	0.0: 778 622 574 408 178 576 437 383 
3	0.0: 826 301 558 1 237 436 443 384 
3	0.0: 769 480 508 1 7 361 446 384 
3	0.0: 781 466 626 1 239 570 448 383 
3	0.0: 827 438 581 1 313 606 441 384 
3	0.0: 787 421 611 283 368 680 445 384 
3	0.0: 777 433 505 1 292 424 443 384 
3	0.0: 754 509 572 251 90 486 451 383 
3	0.0: 813 349 550 94 144 428 446 384 
2	0.0: 718 448 507 388 42 716 443 384 
3	0.0: 729 451 536 11 241 527 440 384 
3	0.0: 805 411 509 1 160 463 445 384 
3	0.0: 730 291 575 327 407 375 442 383 
3	0.0: 775 508 587 273 313 793 439 384 
3	0.0: 798 457 540 1 274 407 443 383 
3	0.0: 772 372 624 216 240 336 439 383 
3	0.0: 757 482 557 1 334 525 444 384 
2	0.0: 736 432 585 294 107 809 445 384 
3	0.0: 770 558 573 196 204 547 444 384 
3	0.0: 780 537 582 1 338 572 447 383 
3	0.0: 761 511 630 150 555 669 445 383 
3	0.0: 763 484 557 181 419 541 445 383 
3	0.0: 774 509 615 1 449 1025 447 384 
3	0.0: 765 392 451 165 1 399 447 383 
3	0.0: 828 389 591 225 400 374 448 384 
3	0.0: 791 476 496 1 391 419 444 384 
3	0.0: 832 470 614 1 146 755 444 384 
2	0.0: 802 386 503 320 6 622 438 384 
3	0.0: 735 444 563 268 212 615 448 383 
3	0.0: 743 470 522 54 273 509 443 384 
3	0.0: 766 486 619 94 18 481 447 384 
3	0.0: 774 414 585 157 219 556 439 383 
3	0.0: 796 504 631 294 196 609 441 384 
3	0.0: 761 435 597 187 215 155 443 383 
3	0.0: 774 471 702 1 229 278 442 384 
3	0.0: 764 584 555 1 51 522 445 384 
3	0.0: 818 520 551 1 123 406 435 384 
3	0.0: 810 528 534 229 461 661 447 384 
3	0.0: 792 401 584 94 312 427 440 383 
3	0.0: 780 449 578 1 141 604 447 384 
3	0.0: 747 394 631 130 339 369 441 384 
3	0.0: 730 322 478 1 350 543 438 384 
3	0.0: 804 457 582 118 530 442 439 384 
3	0.0: 768 442 585 1 584 421 443 383 
3	0.0: 793 527 530 226 489 690 445 384 
3	0.0: 752 480 542 89 131 683 440 384 
3	0.0: 764 501 532 1 80 615 448 384 
3	0.0: 745 365 570 249 340 482 450 384 
3	0.0: 784 417 593 231 294 384 434 384 
3	0.0: 763 287 557 95 267 282 447 384 
3	0.0: 774 391 511 174 472 749 445 384 
3	0.0: 773 440 556 1 380 590 447 383 
3	0.0: 749 422 481 1 147 596 447 384 
3	0.0: 747 456 529 258 242 731 438 384 
3	0.0: 748 457 494 123 110 555 443 384 
3	0.0: 780 432 553 40 188 528 448 383 
3	0.0: 787 325 647 1 355 367 451 384 
3	0.0: 714 387 442 71 395 375 447 384 
3	0.0: 733 589 554 1 325 548 442 384 
3	0.0: 743 467 598 34 323 486 450 383 
3	0.0: 789 490 506 1 425 655 447 384 
3	0.0: 802 396 571 316 213 517 447 384 
3	0.0: 769 396 636 183 385 622 445 384 
3	0.0: 825 466 485 198 243 309 444 383 
3	0.0: 753 513 547 1 271 575 439 384 
3	0.0: 832 388 584 1 469 541 444 384 
3	0.0: 768 448 641 289 401 742 447 384 
3	0.0: 795 456 571 94 397 476 446 384 
3	0.0: 776 358 597 1 66 653 447 384 
3	0.0: 767 351 539 180 239 753 442 384 
3	0.0: 749 584 504 188 444 469 445 384 
2	0.0: 825 322 590 267 30 687 443 384 
3	0.0: 797 396 553 1 118 607 444 384 
3	0.0: 718 532 482 211 402 693 444 384 
3	0.0: 770 353 597 371 387 443 446 384 
3	0.0: 736 431 579 1 206 742 444 384 
3	0.0: 787 428 647 11 71 430 443 384 
3	0.0: 858 567 567 125 668 704 444 383 
3	0.0: 806 573 542 128 230 712 443 384 
3	0.0: 777 407 513 69 226 300 441 384 
3	0.0: 786 396 465 1 288 687 440 383 
3	0.0: 801 434 575 31 224 783 448 384 
3	0.0: 769 473 480 1 177 401 447 384 
3	0.0: 755 363 550 207 253 593 442 383 
3	0.0: 773 550 491 52 391 727 439 384 
2	0.0: 817 416 535 270 1 481 437 384 
3	0.0: 808 404 646 1 226 340 445 384 
3	0.0: 786 451 599 1 357 378 442 384 
3	0.0: 829 399 563 226 283 254 442 384 
3	0.0: 758 592 527 77 188 351 440 384 
3	0.0: 823 531 602 146 447 1 446 384 
3	0.0: 784 407 476 1 188 403 441 384 
3	0.0: 756 591 557 175 139 801 440 384 
3	0.0: 719 397 433 82 364 331 447 383 
3	0.0: 760 338 588 1 278 630 446 384 
3	0.0: 722 400 547 1 441 681 445 384 
3	0.0: 759 513 564 436 302 455 442 384 
3	0.0: 825 466 637 1 251 758 443 384 
3	0.0: 803 373 547 51 475 275 444 384 
3	0.0: 817 458 554 263 213 531 444 384 
3	0.0: 730 487 607 1 111 597 447 383 
3	0.0: 737 489 559 1 117 462 441 384 
3	0.0: 803 496 604 1 375 581 449 384 
3	0.0: 748 473 498 157 360 597 443 384 
3	0.0: 788 421 604 1 199 596 447 384 
3	0.0: 785 553 593 1 60 568 444 384 
3	0.0: 848 580 585 82 518 913 447 384 
3	0.0: 808 438 546 219 172 569 445 384 
3	0.0: 765 456 560 294 504 320 443 383 
3	0.0: 777 395 570 126 50 772 449 384 
3	0.0: 822 413 551 1 1 737 449 384 
3	0.0: 739 457 514 284 529 767 445 384 
3	0.0: 838 475 545 1 583 851 441 384 
3	0.0: 771 339 475 171 366 456 452 384 
3	0.0: 777 572 655 1 392 516 447 384 
3	0.0: 774 374 475 27 280 639 445 384 
3	0.0: 781 400 556 84 241 390 445 384 
3	0.0: 789 404 477 1 230 424 448 384 
3	0.0: 816 497 565 3 123 837 446 383 
3	0.0: 786 399 514 147 506 217 442 383 
3	0.0: 811 468 520 4 134 481 442 384 
3	0.0: 758 527 634 1 204 387 444 383 
3	0.0: 791 563 583 5 231 597 443 383 
3	0.0: 782 474 558 136 345 659 446 384 
3	0.0: 812 293 555 1 379 721 442 384 
3	0.0: 781 591 519 10 31 644 443 383 
3	0.0: 812 436 604 92 268 432 450 383 
3	0.0: 811 466 589 1 314 390 439 383 
3	0.0: 827 526 490 1 192 763 443 383 
3	0.0: 746 618 538 87 369 711 447 384 
3	0.0: 738 508 484 26 278 712 444 385 
3	0.0: 812 502 549 195 324 870 447 384 
3	0.0: 789 613 518 1 509 692 443 384 
3	0.0: 765 348 581 165 380 932 444 384 
3	0.0: 846 554 510 72 314 733 441 384 
3	0.0: 785 538 520 1 304 452 446 384 
3	0.0: 767 425 465 161 356 614 445 384 
2	0.0: 842 394 517 448 144 696 446 384 
3	0.0: 786 363 615 121 453 527 446 383 
3	0.0: 775 482 578 24 351 464 442 384 
2	0.0: 760 507 507 347 92 806 444 384 
3	0.0: 778 538 488 1 412 812 436 383 
3	0.0: 756 609 590 328 344 706 445 384 
3	0.0: 778 560 587 1 148 454 449 383 
3	0.0: 820 524 519 1 226 363 443 384 
3	0.0: 759 642 578 273 259 613 441 384 
3	0.0: 779 406 539 34 523 643 445 383 
3	0.0: 759 406 572 1 333 741 446 384 
3	0.0: 767 420 492 1 351 473 445 384 
3	0.0: 817 525 632 38 249 387 449 383 
3	0.0: 747 406 575 100 277 591 444 384 
3	0.0: 776 477 498 133 467 202 446 384 
3	0.0: 739 441 512 1 293 457 441 383 
3	0.0: 775 460 597 350 330 427 443 383 
2	0.0: 802 495 561 402 102 492 445 384 
3	0.0: 752 482 564 1 203 643 444 384 
3	0.0: 792 513 552 296 635 275 447 384 
3	0.0: 776 443 626 1 245 383 450 384 
3	0.0: 802 324 500 1 255 720 444 383 
3	0.0: 749 440 572 1 205 357 450 383 
3	0.0: 751 403 612 5 184 702 439 383 
3	0.0: 800 391 533 1 170 325 443 383 
3	0.0: 802 432 481 58 100 511 445 384 
2	0.0: 802 360 624 369 171 734 445 384 
3	0.0: 821 522 538 135 363 402 445 384 
3	0.0: 773 375 573 1 181 762 446 384 
3	0.0: 797 524 530 1 48 705 448 384 
3	0.0: 780 284 561 1 318 670 448 383 
3	0.0: 860 415 606 171 529 634 446 383 
2	0.0: 743 530 514 325 77 964 447 384 
3	0.0: 767 455 602 182 336 592 447 384 
3	0.0: 817 608 545 122 405 803 443 383 
3	0.0: 726 514 593 1 544 698 443 384 
3	0.0: 760 433 578 149 361 636 440 384 
3	0.0: 771 457 590 1 299 527 448 383 
3	0.0: 811 631 484 1 77 274 449 384 
3	0.0: 797 519 554 1 335 729 443 383 
3	0.0: 773 352 604 161 95 311 447 384 
3	0.0: 813 467 612 1 49 647 447 384 
3	0.0: 786 459 583 1 200 738 443 384 
3	0.0: 807 414 610 1 101 521 443 384 
3	0.0: 771 483 505 1 36 270 442 384 
3	0.0: 882 423 495 100 242 777 446 384 
3	0.0: 749 441 502 292 439 607 445 384 
3	0.0: 794 396 496 167 368 462 443 384 
3	0.0: 798 429 532 1 176 770 442 383 
3	0.0: 760 496 573 185 510 381 440 384 
3	0.0: 761 409 452 1 503 601 447 383 
3	0.0: 735 443 519 170 322 401 442 384 
3	0.0: 766 339 449 1 313 577 449 383 
3	0.0: 762 573 579 10 156 664 444 384 
3	0.0: 816 426 600 1 211 462 443 384 
3	0.0: 796 703 565 21 96 546 441 384 
3	0.0: 756 363 578 1 123 598 446 383 
3	0.0: 789 424 553 197 191 558 446 383 
3	0.0: 776 351 600 276 428 552 446 383 
3	0.0: 752 462 634 90 76 569 445 383 
3	0.0: 717 582 449 1 268 694 447 384 
3	0.0: 814 434 528 1 323 588 445 384 
3	0.0: 789 430 540 42 239 505 451 383 
3	0.0: 826 590 580 1 194 453 443 384 
3	0.0: 804 429 563 167 472 664 443 384 
3	0.0: 782 322 548 175 379 750 444 383 
3	0.0: 809 378 554 1 428 836 440 384 
3	0.0: 776 442 626 1 377 459 443 384 
3	0.0: 856 631 500 1 276 555 448 384 
3	0.0: 758 385 581 1 469 477 446 384 
3	0.0: 757 467 544 198 463 479 444 384 
3	0.0: 750 488 669 1 263 666 440 384 
3	0.0: 761 423 643 1 291 535 446 383 
3	0.0: 780 430 548 65 220 403 449 384 
3	0.0: 811 469 568 1 259 355 442 384 
3	0.0: 812 464 566 306 407 634 445 383 
2	0.0: 823 422 648 633 330 754 444 383 
3	0.0: 812 383 572 55 75 973 442 383 
3	0.0: 852 359 595 208 121 508 445 384 
3	0.0: 762 322 462 1 303 794 441 383 
3	0.0: 839 603 575 1 269 523 444 383 
3	0.0: 757 548 600 42 1 767 445 384 
3	0.0: 776 369 484 122 638 407 439 384 
3	0.0: 802 335 586 144 305 706 448 383 
3	0.0: 834 513 477 194 323 437 446 384 
3	0.0: 809 434 518 328 518 778 439 383 
3	0.0: 778 541 566 51 1 390 446 383 
3	0.0: 802 444 575 1 98 633 446 384 
3	0.0: 799 345 531 74 420 637 443 384 
3	0.0: 748 390 600 221 257 514 446 384 
3	0.0: 777 429 597 115 407 596 443 384 
3	0.0: 818 483 532 1 166 324 439 384 
3	0.0: 824 436 556 1 134 431 443 384 
3	0.0: 715 303 503 134 135 586 443 384 
3	0.0: 797 414 586 141 343 483 446 384 
2	0.0: 797 456 504 246 1 525 445 383 
3	0.0: 723 547 569 1 153 673 438 385 
3	0.0: 774 575 537 46 285 632 439 384 
3	0.0: 783 444 541 43 147 478 441 384 
3	0.0: 791 417 600 178 36 715 445 383 
3	0.0: 745 406 459 315 252 353 441 384 
3	0.0: 846 571 515 227 122 349 446 384 
3	0.0: 797 395 503 19 420 383 441 384 
3	0.0: 782 441 564 290 343 301 449 384 
3	0.0: 788 529 585 190 160 914 446 383 
3	0.0: 789 329 556 343 256 897 446 384 
3	0.0: 775 421 508 55 278 712 445 383 
3	0.0: 792 424 529 1 179 395 448 384 
3	0.0: 829 504 551 1 313 550 440 384 
3	0.0: 790 492 563 1 259 564 441 384 
3	0.0: 788 492 557 1 150 608 443 384 
3	0.0: 829 379 547 73 251 630 443 383 
3	0.0: 810 439 509 1 538 256 443 384 
3	0.0: 761 608 529 196 288 621 441 384 
3	0.0: 832 358 548 1 176 460 445 383 
3	0.0: 775 377 544 19 324 290 443 384 
3	0.0: 769 425 526 266 390 560 443 384 
3	0.0: 783 454 590 1 180 511 447 383 
3	0.0: 797 418 607 122 444 667 441 384 
3	0.0: 768 445 547 1 309 727 453 384 
3	0.0: 715 451 556 104 178 821 441 384 
3	0.0: 783 581 600 75 493 653 441 383 
3	0.0: 756 519 594 1 76 220 443 384 
3	0.0: 765 552 552 92 264 649 446 383 
3	0.0: 841 477 571 1 131 775 441 384 
3	0.0: 762 473 403 86 330 429 445 384 
3	0.0: 805 409 543 1 251 399 446 384 
3	0.0: 760 484 556 1 473 245 444 384 
3	0.0: 757 431 500 128 15 478 446 384 
3	0.0: 809 475 572 229 175 706 446 384 
3	0.0: 806 481 548 1 263 597 441 384 
3	0.0: 726 426 563 1 161 465 448 384 
3	0.0: 817 407 598 53 274 374 447 384 
3	0.0: 796 482 573 1 377 447 440 384 
3	0.0: 815 425 546 1 152 594 444 383 
3	0.0: 821 404 546 1 26 744 444 384 
3	0.0: 804 430 614 1 98 403 443 384 
3	0.0: 763 456 476 48 109 762 450 384 
3	0.0: 780 429 549 250 371 667 443 384 
3	0.0: 744 461 494 165 217 614 447 383 
3	0.0: 816 563 568 178 258 228 450 383 
3	0.0: 805 700 573 53 342 785 442 383 
3	0.0: 822 472 530 1 316 654 447 384 
3	0.0: 816 491 530 280 210 615 443 384 
3	0.0: 754 436 630 300 249 716 439 384 
3	0.0: 773 464 542 108 256 540 446 383 
3	0.0: 796 396 617 37 343 467 444 383 
3	0.0: 795 535 586 241 303 410 446 384 
3	0.0: 750 524 636 145 360 574 443 384 
3	0.0: 793 311 612 1 23 371 439 383 
3	0.0: 831 558 540 497 358 630 449 383 
3	0.0: 764 586 576 393 292 523 448 383 
3	0.0: 849 531 547 1 133 708 450 383 
3	0.0: 765 564 527 1 340 422 447 384 
3	0.0: 763 428 524 1 311 519 448 384 
3	0.0: 710 346 531 1 182 444 446 383 
3	0.0: 831 548 668 5 195 263 443 384 
3	0.0: 819 527 639 62 182 850 448 384 
3	0.0: 762 541 522 1 387 501 444 384 
3	0.0: 760 554 601 223 330 617 444 383 
3	0.0: 765 415 595 156 115 694 440 384 
3	0.0: 746 558 630 80 417 1049 441 384 
3	0.0: 766 474 518 1 214 513 444 384 
3	0.0: 790 425 590 37 244 632 446 383 
3	0.0: 815 541 585 50 290 394 447 384 
3	0.0: 759 551 607 67 273 552 443 384 
3	0.0: 821 556 531 1 388 569 447 384 
3	0.0: 765 437 510 240 406 513 440 384 
3	0.0: 706 566 564 225 222 360 445 383 
3	0.0: 718 424 597 105 269 738 447 383 
3	0.0: 806 588 494 384 278 488 443 384 
3	0.0: 759 418 593 1 306 678 444 384 
3	0.0: 757 423 582 63 224 847 443 383 
3	0.0: 774 398 476 306 99 428 440 384 
3	0.0: 817 413 541 116 45 471 443 383 
3	0.0: 790 463 539 256 445 538 445 383 
2	0.0: 766 536 543 385 85 480 449 384 
3	0.0: 820 519 494 1 154 189 440 383 
3	0.0: 812 547 554 85 339 613 447 384 
3	0.0: 741 360 553 197 46 742 442 384 
3	0.0: 811 375 592 327 166 648 445 384 
3	0.0: 865 486 568 1 68 560 447 383 
3	0.0: 778 321 544 38 324 498 443 383 
3	0.0: 799 423 510 1 407 607 446 383 
3	0.0: 796 325 499 176 640 485 438 384 
3	0.0: 747 466 611 1 273 720 442 383 
3	0.0: 799 491 595 1 265 293 449 383 
3	0.0: 781 449 544 1 1 451 444 384 
3	0.0: 812 409 571 1 364 688 439 384 
3	0.0: 764 400 581 48 204 676 438 384 
3	0.0: 793 492 615 297 392 370 444 384 
3	0.0: 772 445 475 365 189 748 444 384 
3	0.0: 769 394 562 1 161 686 447 385 
3	0.0: 724 347 502 1 353 902 441 384 
3	0.0: 797 425 583 335 329 683 449 384 
3	0.0: 813 509 523 228 189 636 442 383 
3	0.0: 778 529 576 148 362 648 446 384 
3	0.0: 820 527 538 342 186 754 443 384 
3	0.0: 726 406 624 34 1 357 439 384 
3	0.0: 793 402 496 1 64 529 440 384 
3	0.0: 796 441 564 71 51 347 447 383 
3	0.0: 761 544 508 104 138 540 439 383 
3	0.0: 829 452 558 337 356 894 447 383 
3	0.0: 790 400 624 170 291 888 443 384 
3	0.0: 792 492 576 1 150 499 447 384 
3	0.0: 790 331 499 1 226 165 438 384 
3	0.0: 757 454 537 381 173 604 450 383 
3	0.0: 876 481 568 24 221 574 444 383 
3	0.0: 795 515 552 3 296 541 448 384 
3	0.0: 754 380 573 258 253 373 449 384 
2	0.0: 791 452 484 482 125 298 441 383 
3	0.0: 758 477 436 1 272 551 445 384 
3	0.0: 730 469 565 1 157 712 443 383 
3	0.0: 792 614 566 186 527 240 443 383 
3	0.0: 801 459 522 1 249 824 450 384 
3	0.0: 759 426 555 90 1 510 439 383 
3	0.0: 722 442 581 125 476 358 443 384 
3	0.0: 745 439 537 40 440 818 449 383 
3	0.0: 808 444 549 1 526 590 444 384 
3	0.0: 738 453 613 113 338 533 442 384 
3	0.0: 845 463 601 201 342 649 441 383 
3	0.0: 762 463 579 1 177 682 442 384 
3	0.0: 761 412 513 89 44 470 447 384 
3	0.0: 767 513 467 239 454 680 449 383 
3	0.0: 816 521 608 14 174 498 442 384 
3	0.0: 809 333 574 1 173 520 441 384 
3	0.0: 797 328 602 1 214 599 442 384 
3	0.0: 760 391 557 94 208 490 444 384 
3	0.0: 776 501 608 1 405 709 441 384 
3	0.0: 792 616 536 75 85 612 444 384 
3	0.0: 759 336 636 263 366 703 437 383 
3	0.0: 740 439 580 1 185 653 446 384 
3	0.0: 768 471 530 209 221 382 439 383 
3	0.0: 807 580 532 168 408 175 446 384 
3	0.0: 775 490 556 1 247 781 443 384 
3	0.0: 829 428 494 1 407 628 445 383 
3	0.0: 819 451 500 1 165 581 447 383 
3	0.0: 743 548 428 99 369 569 445 384 
3	0.0: 772 435 515 239 172 794 449 384 
3	0.0: 773 374 581 136 435 322 444 384 
3	0.0: 770 334 559 144 180 576 443 384 
3	0.0: 805 587 567 1 157 444 440 384 
3	0.0: 740 459 544 127 293 329 447 384 
3	0.0: 763 306 518 1 272 682 443 383 
3	0.0: 750 423 506 40 643 215 440 384 
3	0.0: 777 544 540 1 54 680 443 384 
3	0.0: 730 506 644 1 298 499 439 384 
3	0.0: 752 530 589 62 168 712 441 384 
3	0.0: 822 486 454 1 303 459 444 384 
2	0.0: 773 599 527 236 1 565 440 384 
3	0.0: 761 541 576 318 341 456 441 384 
3	0.0: 801 436 526 1 79 675 441 383 
3	0.0: 773 501 575 280 242 276 447 383 
3	0.0: 804 390 522 228 336 589 447 384 
3	0.0: 765 521 537 210 286 715 444 384 
3	0.0: 781 347 520 43 219 666 444 384 
3	0.0: 761 461 481 115 72 487 444 383 
3	0.0: 802 591 563 1 307 394 443 384 
3	0.0: 806 467 542 48 383 513 446 384 
3	0.0: 763 372 590 58 304 625 449 384 
3	0.0: 753 492 577 236 268 415 444 384 
3	0.0: 785 577 624 4 241 632 442 384 
3	0.0: 849 520 552 1 376 682 439 383 
3	0.0: 826 460 594 123 182 615 442 384 
2	0.0: 794 426 518 496 218 673 448 383 
3	0.0: 803 477 544 1 384 304 446 384 
3	0.0: 808 383 616 191 279 372 445 384 
3	0.0: 806 530 528 192 604 676 442 383 
3	0.0: 743 439 501 1 108 368 447 384 
3	0.0: 793 489 612 197 135 531 443 384 
3	0.0: 764 331 503 66 409 297 446 384 
3	0.0: 782 421 516 1 1 562 438 385 
3	0.0: 745 500 532 52 484 482 443 384 
2	0.0: 814 352 574 417 1 527 445 383 
3	0.0: 803 499 538 1 121 623 442 383 
3	0.0: 806 470 559 67 341 296 447 384 
3	0.0: 743 486 555 84 357 594 443 383 
3	0.0: 813 460 606 302 186 617 447 384 
3	0.0: 737 436 626 85 336 375 443 384 
3	0.0: 791 489 477 116 208 424 445 383 
3	0.0: 771 449 541 80 396 881 444 383 
3	0.0: 724 345 567 1 530 739 444 384 
3	0.0: 778 612 553 231 355 432 446 384 
3	0.0: 823 598 546 158 110 553 444 383 
3	0.0: 782 525 491 333 133 805 442 383 
3	0.0: 801 426 578 67 45 433 443 383 
3	0.0: 752 460 542 1 70 379 443 384 
3	0.0: 780 405 526 86 419 385 447 384 
3	0.0: 833 422 570 100 36 581 443 384 
3	0.0: 787 446 514 61 245 665 448 384 
3	0.0: 834 410 597 112 341 323 444 384 
3	0.0: 772 466 451 1 222 612 446 384 
3	0.0: 751 620 558 1 144 788 444 384 
3	0.0: 790 403 611 16 158 991 443 384 
3	0.0: 809 336 558 214 193 764 443 383 
3	0.0: 745 427 523 236 90 105 445 384 
3	0.0: 768 594 575 35 265 632 447 384 
3	0.0: 777 411 593 159 399 582 445 384 
3	0.0: 816 490 543 1 144 671 444 384 
3	0.0: 808 484 614 151 350 537 444 384 
3	0.0: 788 467 610 384 492 364 445 383 
3	0.0: 804 473 513 16 461 364 444 383 
3	0.0: 791 355 494 1 372 705 443 384 
3	0.0: 807 498 545 1 1 513 442 384 
3	0.0: 800 377 501 1 94 403 443 383 
3	0.0: 846 376 548 72 284 569 444 383 
3	0.0: 776 273 631 1 381 448 448 383 
3	0.0: 803 453 522 152 383 487 448 384 
3	0.0: 795 440 475 1 171 523 446 383 
3	0.0: 820 412 524 1 232 705 439 384 
3	0.0: 745 539 545 136 308 675 444 384 
3	0.0: 802 452 550 111 413 554 444 384 
3	0.0: 768 391 557 1 256 727 436 384 
3	0.0: 799 540 577 112 127 455 446 383 
3	0.0: 819 365 610 159 321 688 440 384 
3	0.0: 829 416 603 1 419 534 438 383 
3	0.0: 781 351 582 221 128 429 443 384 
3	0.0: 799 460 558 1 378 826 435 384 
3	0.0: 760 548 624 1 397 341 447 384 
3	0.0: 791 409 602 162 72 568 448 384 
3	0.0: 777 473 485 218 178 637 445 384 
3	0.0: 773 395 553 4 195 559 442 383 
3	0.0: 780 377 556 198 413 621 443 384 
3	0.0: 797 379 644 98 175 399 447 383 
3	0.0: 779 334 573 9 204 227 444 384 
3	0.0: 775 436 496 83 134 528 442 383 
3	0.0: 792 375 576 19 339 562 442 383 
3	0.0: 839 507 611 29 28 470 447 384 
3	0.0: 787 385 488 1 343 604 440 384 
3	0.0: 782 491 531 181 385 507 440 383 
3	0.0: 736 303 542 587 405 760 446 384 
3	0.0: 764 574 628 1 115 733 443 383 
3	0.0: 805 510 576 103 157 1 450 384 
3	0.0: 709 301 580 196 248 597 445 384 
3	0.0: 791 355 562 109 237 674 444 384 
3	0.0: 744 428 558 389 471 687 443 383 
3	0.0: 763 627 566 14 152 732 445 385 
3	0.0: 824 506 557 199 156 543 445 383 
3	0.0: 827 384 541 46 252 694 443 384 
3	0.0: 717 488 567 245 400 496 444 384 
3	0.0: 727 557 556 167 207 495 439 384 
3	0.0: 773 440 634 167 416 390 446 383 
3	0.0: 790 434 501 126 418 917 442 383 
3	0.0: 786 532 631 60 126 613 442 384 
3	0.0: 796 514 544 184 457 915 437 384 
3	0.0: 793 553 576 207 462 380 443 383 
2	0.0: 817 675 581 208 1 231 446 384 
3	0.0: 803 479 596 1 228 534 440 384 
3	0.0: 810 480 573 142 197 540 448 383 
3	0.0: 795 427 577 5 364 503 447 383 
3	0.0: 804 548 502 68 293 503 442 384 
3	0.0: 742 336 577 101 83 438 445 384 
3	0.0: 834 396 606 1 189 338 439 383 
3	0.0: 782 469 557 116 304 633 443 383 
3	0.0: 756 444 557 352 501 614 444 384 
3	0.0: 758 394 527 168 155 756 443 384 
3	0.0: 745 317 497 356 240 661 447 384 
3	0.0: 788 365 549 95 217 608 443 383 
3	0.0: 724 571 524 93 63 395 449 384 
3	0.0: 751 524 520 1 393 586 444 384 
3	0.0: 789 494 553 165 364 438 446 384 
3	0.0: 755 539 491 42 304 633 448 384 
3	0.0: 753 493 584 1 7 558 440 384 
3	0.0: 728 463 612 71 199 694 440 383 
3	0.0: 786 444 620 75 218 580 442 384 
