2	0.0: 519 123 711 18 
2	0.0: 645 132 587 47 
2	0.0: 631 105 604 31 
2	0.0: 571 142 687 31 
2	0.0: 596 79 902 37 
2	0.0: 379 70 688 25 
2	0.0: 608 79 887 34 
2	0.0: 732 161 523 29 
2	0.0: 756 55 906 43 
2	0.0: 459 41 823 48 
2	0.0: 629 89 689 54 
2	0.0: 736 97 1028 38 
2	0.0: 521 82 662 46 
2	0.0: 617 150 1066 28 
2	0.0: 534 126 833 42 
2	0.0: 486 77 763 45 
2	0.0: 712 102 802 25 
2	0.0: 502 122 594 33 
2	0.0: 1015 120 804 40 
2	0.0: 707 165 532 34 
2	0.0: 340 161 600 46 
2	0.0: 665 1 573 34 
2	0.0: 619 78 936 26 
2	0.0: 815 183 748 50 
2	0.0: 660 106 481 45 
2	0.0: 715 82 724 35 
2	0.0: 428 124 632 39 
2	0.0: 509 173 774 40 
2	0.0: 419 146 1054 24 
2	0.0: 525 127 670 44 
2	0.0: 225 141 775 46 
2	0.0: 577 151 818 35 
2	0.0: 565 130 562 32 
2	0.0: 525 88 761 29 
2	0.0: 621 40 711 38 
2	0.0: 216 178 783 37 
2	0.0: 695 60 1047 49 
2	0.0: 428 97 816 30 
2	0.0: 685 108 652 42 
2	0.0: 610 59 857 36 
2	0.0: 591 56 731 33 
2	0.0: 542 143 432 30 
2	0.0: 853 103 795 29 
2	0.0: 466 125 673 47 
2	0.0: 630 145 940 46 
2	0.0: 643 144 763 40 
2	0.0: 831 136 802 39 
2	0.0: 550 85 727 46 
2	0.0: 492 122 630 44 
2	0.0: 728 136 871 31 
2	0.0: 812 167 743 25 
2	0.0: 592 133 646 38 
2	0.0: 687 112 1230 29 
2	0.0: 624 102 870 23 
2	0.0: 757 82 868 37 
2	0.0: 492 1 1030 59 
2	0.0: 861 125 658 33 
2	0.0: 542 131 817 55 
2	0.0: 766 109 571 34 
2	0.0: 429 79 712 36 
2	0.0: 450 120 618 47 
2	0.0: 498 46 719 46 
2	0.0: 703 181 680 19 
2	0.0: 686 97 771 41 
2	0.0: 551 55 609 21 
3	0.0: 494 127 336 28 
2	0.0: 648 73 667 32 
2	0.0: 562 100 674 45 
2	0.0: 457 64 814 42 
2	0.0: 700 115 753 38 
2	0.0: 756 84 602 35 
2	0.0: 939 61 881 48 
2	0.0: 606 81 673 27 
2	0.0: 633 97 599 29 
2	0.0: 511 117 687 37 
2	0.0: 661 91 896 45 
2	0.0: 542 82 455 36 
2	0.0: 545 180 578 41 
2	0.0: 528 65 717 32 
2	0.0: 594 103 704 42 
2	0.0: 641 121 758 30 
2	0.0: 745 92 769 34 
2	0.0: 589 30 774 49 
2	0.0: 530 127 787 38 
3	0.0: 750 133 428 46 
2	0.0: 545 95 912 41 
2	0.0: 501 128 518 32 
2	0.0: 571 86 519 30 
2	0.0: 692 118 673 39 
2	0.0: 622 149 817 32 
2	0.0: 658 84 751 42 
2	0.0: 510 152 813 38 
2	0.0: 832 115 711 53 
2	0.0: 412 156 532 39 
2	0.0: 455 105 550 41 
2	0.0: 388 74 585 23 
2	0.0: 758 60 625 51 
2	0.0: 599 112 724 36 
2	0.0: 580 129 750 30 
2	0.0: 456 104 776 28 
2	0.0: 671 53 701 37 
2	0.0: 476 128 419 45 
2	0.0: 550 144 556 41 
2	0.0: 741 86 767 40 
2	0.0: 492 75 473 32 
2	0.0: 593 105 588 37 
2	0.0: 528 114 794 37 
2	0.0: 606 110 819 43 
2	0.0: 618 42 808 30 
2	0.0: 766 107 651 44 
2	0.0: 415 120 814 44 
2	0.0: 497 96 739 45 
2	0.0: 419 40 768 34 
2	0.0: 741 157 671 38 
2	0.0: 707 115 779 42 
2	0.0: 754 98 837 40 
2	0.0: 276 100 784 38 
2	0.0: 386 97 588 40 
2	0.0: 564 154 710 36 
2	0.0: 596 152 869 32 
2	0.0: 333 151 853 30 
2	0.0: 455 148 737 37 
2	0.0: 626 93 870 46 
2	0.0: 343 107 592 49 
2	0.0: 487 152 684 40 
2	0.0: 346 43 1020 38 
2	0.0: 495 60 848 52 
2	0.0: 816 151 673 34 
2	0.0: 782 35 855 44 
2	0.0: 552 137 854 25 
2	0.0: 595 138 798 24 
2	0.0: 327 100 685 51 
2	0.0: 645 129 900 45 
2	0.0: 695 100 739 33 
2	0.0: 550 89 810 41 
2	0.0: 750 81 596 34 
2	0.0: 564 125 849 43 
2	0.0: 773 48 895 34 
2	0.0: 680 91 612 29 
2	0.0: 580 164 850 45 
3	0.0: 896 34 413 54 
2	0.0: 675 151 658 27 
2	0.0: 586 94 653 49 
2	0.0: 592 105 906 42 
2	0.0: 418 60 819 28 
2	0.0: 617 104 937 40 
2	0.0: 670 85 834 34 
2	0.0: 474 33 928 45 
2	0.0: 587 129 579 30 
2	0.0: 692 150 765 28 
2	0.0: 405 154 465 30 
2	0.0: 727 83 696 47 
2	0.0: 736 84 511 47 
2	0.0: 808 110 862 42 
2	0.0: 733 135 640 47 
2	0.0: 502 135 785 44 
2	0.0: 556 75 764 44 
2	0.0: 342 56 463 44 
2	0.0: 637 159 551 40 
2	0.0: 520 131 915 33 
2	0.0: 678 109 489 48 
2	0.0: 520 72 735 28 
2	0.0: 764 52 800 39 
2	0.0: 400 186 748 35 
2	0.0: 702 79 874 37 
2	0.0: 438 194 552 58 
2	0.0: 546 125 754 51 
2	0.0: 409 98 673 34 
2	0.0: 605 131 514 34 
2	0.0: 566 168 688 50 
2	0.0: 412 118 764 40 
2	0.0: 641 44 901 20 
2	0.0: 581 89 637 41 
2	0.0: 642 132 614 45 
2	0.0: 382 143 510 41 
2	0.0: 493 112 684 50 
2	0.0: 414 121 544 48 
3	0.0: 560 119 269 47 
2	0.0: 726 83 832 37 
2	0.0: 585 70 643 47 
2	0.0: 315 121 529 33 
2	0.0: 650 95 756 33 
2	0.0: 383 90 848 41 
2	0.0: 546 81 719 40 
2	0.0: 868 114 841 36 
2	0.0: 641 126 748 40 
2	0.0: 786 101 569 34 
2	0.0: 706 53 763 44 
3	0.0: 547 113 401 39 
2	0.0: 816 83 783 47 
2	0.0: 611 88 437 52 
2	0.0: 713 59 735 45 
2	0.0: 411 117 916 42 
2	0.0: 670 95 721 24 
2	0.0: 557 56 777 40 
2	0.0: 556 96 835 42 
2	0.0: 820 72 711 51 
2	0.0: 381 86 814 36 
2	0.0: 531 149 708 35 
2	0.0: 832 109 778 31 
3	0.0: 883 152 529 44 
3	0.0: 583 135 288 47 
2	0.0: 336 86 958 37 
2	0.0: 831 165 912 32 
2	0.0: 695 91 795 52 
2	0.0: 787 105 1251 41 
2	0.0: 741 61 741 33 
2	0.0: 397 76 652 33 
2	0.0: 550 38 797 46 
2	0.0: 462 155 605 39 
2	0.0: 687 144 612 42 
2	0.0: 809 109 701 43 
2	0.0: 593 128 904 42 
2	0.0: 297 64 512 24 
2	0.0: 558 67 829 33 
2	0.0: 580 22 607 27 
2	0.0: 773 18 768 41 
2	0.0: 491 133 744 33 
3	0.0: 764 162 426 51 
2	0.0: 612 89 667 39 
2	0.0: 759 79 730 45 
2	0.0: 435 70 803 45 
3	0.0: 380 47 256 37 
2	0.0: 353 108 803 47 
2	0.0: 354 96 617 39 
3	0.0: 759 88 392 43 
2	0.0: 576 141 751 23 
2	0.0: 533 42 867 41 
2	0.0: 732 95 741 45 
2	0.0: 555 39 625 26 
2	0.0: 667 34 778 35 
2	0.0: 544 169 912 41 
2	0.0: 613 136 548 40 
2	0.0: 971 50 634 43 
2	0.0: 711 35 826 54 
2	0.0: 693 71 597 36 
2	0.0: 782 73 530 41 
2	0.0: 512 125 840 40 
2	0.0: 459 102 591 47 
2	0.0: 646 93 777 39 
2	0.0: 700 103 514 34 
2	0.0: 619 158 654 49 
2	0.0: 738 118 934 45 
2	0.0: 190 56 720 36 
2	0.0: 490 92 475 36 
2	0.0: 478 134 485 44 
2	0.0: 477 151 649 43 
2	0.0: 789 159 725 41 
2	0.0: 323 76 868 40 
2	0.0: 672 147 847 44 
