2	0.0: 741 886 492 1 444 1 940 312 408 639 
5	0.0: 971 766 29 14 342 147 1027 201 502 865 
2	0.0: 923 847 181 1 274 1 947 246 606 816 
3	0.0: 921 503 299 85 441 8 953 178 296 698 
3	0.0: 1010 749 696 1 479 1 896 270 295 411 
3	0.0: 908 714 488 49 437 6 985 316 482 701 
3	0.0: 962 563 252 122 379 1 970 460 537 738 
2	0.0: 746 665 77 94 207 66 920 396 518 603 
2	0.0: 870 643 225 240 469 1 951 342 404 659 
3	0.0: 1061 737 242 124 222 1 925 422 613 632 
3	0.0: 973 583 579 15 181 172 922 406 517 702 
5	0.0: 1019 730 238 1 205 216 885 306 479 722 
5	0.0: 1111 544 105 187 471 238 842 292 338 1001 
2	0.0: 1071 706 522 280 474 1 957 349 465 873 
3	0.0: 1064 675 416 1 310 1 819 408 477 780 
2	0.0: 866 577 151 188 325 55 891 529 241 768 
3	0.0: 1025 703 352 1 339 1 960 126 481 500 
2	0.0: 894 515 338 44 420 38 893 182 375 880 
3	0.0: 944 708 227 24 367 1 892 307 487 434 
2	0.0: 681 708 113 1 585 3 848 281 415 769 
