0	0.0: [589, 164, 292, 830, 1245, 1, 1, 150, 744, 888, ]
0	0.0: [509, 101, 139, 1047, 898, 349, 41, 279, 610, 452, ]
0	0.0: [518, 208, 273, 875, 1045, 226, 5, 362, 714, 634, ]
0	0.0: [655, 251, 239, 762, 916, 200, 49, 179, 778, 707, ]
0	0.0: [551, 1, 248, 1046, 1110, 316, 1, 17, 696, 646, ]
0	0.0: [746, 67, 254, 778, 1016, 1, 1, 83, 532, 701, ]
0	0.0: [893, 1, 208, 1081, 813, 222, 363, 362, 784, 780, ]
0	0.0: [831, 21, 387, 855, 863, 48, 1, 80, 614, 774, ]
0	0.0: [669, 41, 366, 891, 802, 1, 205, 148, 650, 696, ]
0	0.0: [720, 217, 208, 776, 1220, 193, 356, 319, 672, 885, ]
0	0.0: [529, 324, 320, 938, 738, 82, 148, 7, 883, 775, ]
0	0.0: [753, 43, 248, 971, 1020, 240, 1, 367, 946, 760, ]
0	0.0: [848, 64, 210, 905, 1025, 414, 1, 297, 685, 789, ]
0	0.0: [583, 39, 294, 1011, 1088, 1, 92, 429, 813, 686, ]
0	0.0: [593, 1, 340, 927, 426, 75, 202, 312, 827, 473, ]
0	0.0: [606, 35, 228, 752, 1033, 148, 1, 474, 783, 854, ]
0	0.0: [434, 127, 187, 1028, 1282, 1, 1, 396, 912, 852, ]
0	0.0: [722, 1, 234, 950, 808, 120, 1, 389, 656, 967, ]
0	0.0: [550, 1, 246, 858, 1000, 115, 72, 472, 775, 925, ]
0	0.0: [558, 1, 193, 837, 996, 1, 153, 318, 773, 516, ]
0	0.0: [561, 164, 265, 1067, 1039, 124, 55, 251, 867, 729, ]
0	0.0: [570, 1, 358, 770, 1291, 219, 1, 133, 856, 579, ]
0	0.0: [602, 1, 197, 950, 1165, 64, 1, 108, 717, 583, ]
0	0.0: [627, 116, 286, 1055, 892, 296, 26, 263, 818, 658, ]
0	0.0: [720, 56, 292, 939, 1079, 222, 1, 377, 345, 602, ]
0	0.0: [757, 306, 118, 831, 972, 1, 1, 268, 856, 488, ]
0	0.0: [755, 9, 351, 855, 1029, 1, 4, 298, 663, 568, ]
0	0.0: [834, 142, 350, 780, 1332, 1, 1, 191, 853, 672, ]
0	0.0: [643, 65, 196, 915, 895, 1, 105, 305, 807, 676, ]
0	0.0: [757, 24, 188, 1067, 1120, 25, 18, 315, 731, 672, ]
0	0.0: [647, 10, 288, 946, 955, 55, 285, 308, 825, 713, ]
0	0.0: [635, 15, 173, 942, 904, 1, 167, 223, 802, 677, ]
0	0.0: [612, 168, 265, 867, 840, 1, 1, 344, 565, 649, ]
0	0.0: [549, 1, 236, 819, 938, 1, 28, 330, 544, 877, ]
0	0.0: [431, 129, 65, 799, 792, 1, 1, 107, 566, 534, ]
0	0.0: [429, 100, 186, 869, 1179, 331, 198, 270, 695, 799, ]
0	0.0: [649, 13, 162, 909, 860, 1, 1, 81, 474, 719, ]
0	0.0: [560, 268, 162, 954, 863, 304, 1, 313, 754, 840, ]
0	0.0: [645, 11, 347, 861, 1335, 1, 192, 289, 741, 633, ]
0	0.0: [654, 127, 174, 1096, 1240, 15, 1, 270, 835, 720, ]
0	0.0: [909, 178, 309, 1105, 728, 1, 316, 316, 827, 514, ]
0	0.0: [895, 14, 270, 931, 1025, 58, 1, 158, 606, 1056, ]
0	0.0: [602, 154, 258, 1000, 1152, 399, 287, 544, 729, 630, ]
0	0.0: [639, 1, 211, 831, 1047, 1, 142, 309, 623, 798, ]
0	0.0: [704, 1, 247, 943, 919, 1, 1, 427, 551, 581, ]
0	0.0: [635, 137, 272, 1019, 1086, 76, 59, 347, 636, 565, ]
0	0.0: [609, 256, 264, 1067, 1032, 75, 14, 354, 996, 482, ]
0	0.0: [528, 1, 230, 844, 1249, 1, 60, 318, 953, 596, ]
0	0.0: [732, 53, 287, 726, 1147, 224, 145, 281, 670, 918, ]
0	0.0: [501, 56, 157, 911, 1028, 129, 198, 445, 692, 467, ]
0	0.0: [661, 198, 140, 807, 804, 149, 1, 344, 635, 569, ]
0	0.0: [505, 93, 162, 994, 1288, 1, 1, 388, 735, 864, ]
0	0.0: [551, 122, 292, 901, 859, 216, 193, 148, 937, 450, ]
0	0.0: [489, 231, 211, 886, 1102, 52, 233, 497, 917, 669, ]
0	0.0: [647, 4, 180, 933, 989, 1, 376, 546, 588, 698, ]
0	0.0: [622, 71, 252, 888, 969, 1, 1, 117, 709, 839, ]
0	0.0: [734, 65, 191, 822, 767, 60, 1, 330, 605, 330, ]
0	0.0: [582, 37, 283, 812, 1051, 42, 1, 266, 460, 733, ]
0	0.0: [747, 1, 119, 879, 1196, 306, 1, 222, 497, 723, ]
0	0.0: [838, 239, 135, 968, 772, 1, 1, 304, 702, 630, ]
0	0.0: [659, 91, 246, 837, 1036, 153, 1, 150, 523, 665, ]
0	0.0: [613, 21, 182, 897, 967, 54, 1, 376, 700, 814, ]
0	0.0: [652, 1, 159, 1060, 1022, 99, 1, 353, 814, 963, ]
0	0.0: [622, 1, 350, 978, 600, 1, 78, 410, 618, 768, ]
0	0.0: [713, 9, 203, 1042, 867, 1, 1, 481, 918, 746, ]
0	0.0: [826, 1, 173, 980, 1127, 1, 1, 255, 822, 540, ]
0	0.0: [669, 245, 191, 875, 996, 63, 1, 280, 660, 391, ]
0	0.0: [839, 168, 273, 947, 973, 1, 55, 252, 679, 687, ]
0	0.0: [485, 211, 239, 889, 902, 270, 110, 196, 583, 592, ]
0	0.0: [739, 97, 262, 953, 944, 301, 1, 211, 710, 409, ]
0	0.0: [615, 1, 117, 947, 461, 1, 13, 267, 388, 613, ]
0	0.0: [597, 1, 225, 905, 1027, 1, 1, 185, 850, 722, ]
0	0.0: [650, 193, 359, 864, 728, 174, 119, 393, 507, 741, ]
0	0.0: [696, 152, 209, 844, 1075, 28, 1, 88, 297, 741, ]
0	0.0: [621, 151, 251, 754, 800, 1, 259, 242, 890, 948, ]
0	0.0: [821, 167, 342, 833, 964, 160, 147, 502, 840, 342, ]
0	0.0: [834, 338, 220, 874, 963, 128, 51, 470, 854, 606, ]
0	0.0: [529, 27, 194, 961, 977, 284, 131, 179, 659, 427, ]
0	0.0: [773, 47, 138, 704, 1181, 137, 133, 82, 866, 1171, ]
0	0.0: [649, 152, 179, 879, 941, 221, 1, 380, 639, 519, ]
0	0.0: [708, 182, 343, 956, 1029, 1, 598, 259, 963, 739, ]
0	0.0: [538, 49, 266, 696, 1355, 1, 325, 373, 540, 1003, ]
0	0.0: [649, 99, 170, 858, 1082, 38, 1, 385, 962, 594, ]
0	0.0: [447, 173, 203, 812, 757, 1, 1, 495, 349, 583, ]
0	0.0: [509, 1, 102, 854, 1013, 291, 1, 149, 728, 781, ]
0	0.0: [660, 83, 157, 778, 1189, 188, 6, 143, 664, 524, ]
0	0.0: [500, 266, 209, 859, 816, 235, 1, 116, 684, 594, ]
0	0.0: [842, 52, 204, 1076, 1075, 413, 225, 237, 713, 750, ]
0	0.0: [502, 156, 273, 935, 1128, 93, 1, 307, 714, 663, ]
0	0.0: [615, 86, 311, 1035, 642, 1, 1, 178, 720, 354, ]
0	0.0: [445, 43, 97, 991, 804, 84, 1, 502, 597, 616, ]
0	0.0: [835, 234, 207, 993, 955, 1, 1, 305, 946, 553, ]
0	0.0: [713, 103, 142, 836, 733, 27, 1, 362, 472, 870, ]
0	0.0: [718, 14, 269, 824, 1132, 19, 11, 544, 846, 503, ]
0	0.0: [545, 1, 208, 1012, 1102, 1, 21, 357, 638, 278, ]
0	0.0: [764, 206, 350, 885, 810, 203, 158, 563, 871, 536, ]
0	0.0: [735, 111, 225, 801, 1035, 1, 396, 296, 684, 468, ]
0	0.0: [690, 1, 227, 943, 627, 1, 104, 133, 778, 638, ]
0	0.0: [797, 51, 288, 889, 551, 105, 168, 497, 623, 624, ]
0	0.0: [453, 1, 282, 821, 805, 1, 252, 212, 950, 646, ]
