1335
1525
1000
1379
1619
1578
1402
1814
1397
1372
1069
1707
1093
1634
986
864
841
1613
1882
898
1641
906
1914
1890
1823
1983
1954
1478
905
1076
783
1247
1144
1918
1585
1692
1681
1365
1988
1183
1022
1329
999
1433
1261
1821
1074
1423
958
1023
910
1053
1595
749
1083
1177
1185
1209
1268
1906
787
1097
1575
1986
1493
1071
1960
932
874
1843
1404
1445
1317
1833
1136
1941
1024
1895
1038
1409
1524
1265
1142
1601
756
1228
1363
1243
1049
1874
1202
1671
1196
1635
1486
951
1091
883
928
1627
934
1390
1929
1723
1277
1927
1805
1260
918
1452
884
1807
980
1492
1043
978
1346
797
1532
1592
1429
746
1599
1972
1337
1001
1224
1201
967
862
1730
1515
1120
1962
1854
1594
1665
950
1246
1386
1944
1330
1522
1947
1933
979
784
1007
1881
1008
960
1748
1699
1341
1642
1511
1499
1712
1812
839
1690
1280
1722
1172
1974
1645
1973
1255
1751
1784
1644
1584
1772
1883
916
1745
1840
731
915
890
926
1720
1219
968
1669
1450
1834
1710
812
1806
1357
856
1396
730
1321
1375
813
1471
1334
726
1085
1263
1323
1249
753
1462
1021
1009
1410
1063
1603
1705
1315
1040
1570
846
1296
798
1851
854
914
1119
1830
1064
1150
1225
1415
1590
1990
757
1924
1153
1205
1547
1456
1176
1999
1054
1618
1743
945
1695
1899
984
790
1586
1184
1713
1734
1676
900
1484
860
1636
1489
1014
793
1700
1306
1393
1922
1568
1405
1623
1340
988
1569
1441
1237
1051
1101
767
1449
832
1923
1688
1179
800
1792
1908
1002
1418
1911
935
1295
762
1107
1047
1684
1683
1473
1427
835
1528
1554
824
1056
1371
995
1824
1950
1152
1698
1168
1095
1349
1092
1422
1475
1537
1350
1791
1926
1770
1711
741
1118
769
1498
1786
1887
1838
791
1991
1104
1598
961
1310
867
1468
1728
1587
1561
1831
1407
908
1292
1778
1215
776
1466
1892
734
1935
882
1380
1563
1653
1012
861
938
971
1079
1808
1342
1325
1281
1670
1413
1293
773
1173
1517
1275
755
1533
1111
1408
877
1229
1003
1615
1159
1131
1314
1223
1909
727
1467
1287
1060
1291
1344
827
821
1148
803
1731
901
1333
1977
1774
1766
1785
1066
1050
1151
1781
1659
1724
1514
1845
1600
1505
952
778
892
1218
1444
1360
1221
1759
1571
1145
1521
1708
1238
953
1844
1639
930
1373
911
1832
766
593
1171
1916
1856
1374
758
1662
1540
1803
940
1381
1474
1643
1042
1733
1657
392
1160
1416
1382
1162
1155
1878
1425
1477
1527
1117
1984
1059
1647
847
1394
1135
1454
1550
994
1004
1771
775
1230
1740
1324
1455
1901
1782
837
736
1868
1607
1503
809
859
743
1956
1828
1013
897
1368
1765
1763
991
1864
1412
1518
1965
1610
1432
1531
829
1859
521
555
1278
937
816
722
1862
1125
1702
939
1930
1198
1787
728
1073
1285
1565
1487
1312
1880
1672
1440
825
1943
1297
1017
799
1384
1951
975
1033
838
786
1776
1628
1502
1497
1794
1937
1767
941
1272
1952
1506
779
1400
1359
1638
817
1852
1500
815
1980
808
1680
976
1674
1463
1044
1904
949
1716
1992
1616
1143
732
1182
810
1660
1650
1649
1523
1622
1090
1096
1099
920
1301
1936
966
1865
1529
1826
1494
1364
780
1593
1271
1395
1331
1213
1241
1706
849
1910
782
1640
1966
1682
1269
1488
1949
1694
955
1081
1581
453
1110
1267
1829
1256
954
1385
1938
1058
1181
717
1308
1920
1496
1780
1207
425
1046
1746
1070
502
1891
1945
833
789
1089
1928
729
1248
1981
1609
795
1959
1307
1351
1146
1508
1438
1016
792
1863
1577
871
1252
1140
1100
1775
1154
1294
1186
1251
948
796
927
1579
1253
1453
1222
1825
1318
903
843
1147
1637
1893
970
1509
1544
1283
1632
1769
1652
1030
1729
1192
1138
1697
467
896
1029
1457
1860
1167
1507
1483
1551
539
1526
794
1813
1206
1403
1421
1886
974
1052
1180
1448
1715
1305
946
1876
768
1501
682
1358
1332
1858
1417
601
1596
1719
1035
251
1512
1130
1970
1709
1495
852
1006
1630
426
1451
1392
1214
1797
1378
1985
764
842
747
1519
1809
1072
1299
1588
1102
1354
1822
1687
868
944
1879
1583
1836
1437
1343
1799
1967
1005
1656
1545
1067
1458
1137
1036
1320
1841
1212
1139
1303
742
1279
1875
1556
464
1727
1925
1749
1608
1819
785
1338
739
1753
1481
1576
1078
923
1747
441
571
771
863
1942
1254
921
1646
1668
1189
865
1264
1169
1817
1080
1539
962
1411
806
1345
1197
386
804
1031
1795
1546
1718
1885
1884
1459
1689
1555
1041
1764
902
1704
1210
1721
1045
1460
1566
857
1133
1134
1200
845
1625
725
1827
759
645
1870
1520
1088
1667
1516
1815
1361
1244
1735
933
1757
1948
1174
1559
1855
626
1464
1370
1369
1157
1963
1626
1216
504
875
987
1234
1094
811
1693
1953
957
801
1978
1701
909
1677
942
1258
1428
917
1969
1798
788
1744
1126
1062
1703
1993
836
1921
1996
1075
1560
888
1233
866
1732
912
752
972
1931
1631
751
985
1290
1282
1048
1940
1982
1414
1124
1783
1028
1871
1760
715
1470
1328
1957
982
1573
1482
1266
1964
1919
1362
1245
1435
876
1679
1762
924
1741
1850
1877
1389
919
1336
1971
1591
1084
1750
1106
1194
895
1465
513
1846
485
1259
1377
718
899
1801
1717
1113
1839
569
1319
744
1779
568
1011
1018
1790
1025
1163
1872
1810
1932
1542
1558
1199
1666
1311
1020
1178
1816
1866
1446
1869
721
1286
1129
1226
511
879
993
1742
1580
777
1015
1768
1426
1391
1127
1061
1366
1726
772
1348
872
1376
1339
1469
770
931
1257
1116
1037
1132
1842
1149
1998
922
1777
1367
774
1191
1387
823
1597
1903
907
1442
1165
1804
748
886
1302
1913
1068
1691
1837
1552
1121
1614
1510
1352
1098
881
763
1894
1997
1620
1424
1853
1755
1161
1304
1513
541
1737
1077
738
1057
893
1934
853
1861
1549
1313
403
1398
489
1204
887
580
1939
1242
1905
1356
1976
1232
1217
1562
1461
1896
1193
826
1276
419
990
602
410
1108
851
432
633
1439
1736
1582
997
614
443
998
532
1917
969
423
1316
1564
1190
404
649
1773
564
1633
1847
1606
848
977
408
1968
844
662
1543
1873
1756
1589
710
885
1553
889
1604
1476
1835
724
1211
1534
1284
703
1848
894
1430
870
1485
828
1472
367
1796
1273
1123
929
720
686
492
1227
1175
1406
1897
382
1975
1979
654
1262
375
1654
1105
1274
573
1664
225
807
1480
672
1055
1347
1696
618
428
830
1678
1739
1754
880
505
286
1141
1898
1915
1902
989
512
1955
869
378
1648
558
850
819
1156
1761
1958
1504
1612
499
500
553
1399
1574
525
556
1010
925
878
407
723
276
1995
1236
1685
1289
1383
858
1536
1322
1447
643
472
1188
1548
947
1114
436
451
1491
1849
814
1758
587
1946
1288
1327
716
1867
1309
701
470
943
1541
1355
992
632
547
1086
1535
480
435
1087
674
891
1420
658
1611
1818
1419
1166
415
446
479
1658
1034
820
545
438
380
913
1714
544
1195
385
740
1617
1686
704
680
497
634
964
390
462
765
447
1065
831
1027
1661
677
1673
448
1989
1557
484
1250
685
855
563
834
417
651
1401
670
1900
391
1811
487
1115
996
381
761
1994
1888
840
1208
1802
607
604
589
956
657
735
617
983
1128
675
405
566
603
1164
395
596
445
1987
754
610
517
429
299
368
663
1436
760
1800
965
483
822
536
642
1298
1240
655
533
745
1326
981
1961
471
1738
1431
247
936
1655
255
1788
1235
818
1479
550
1026
249
1239
588
292
1538
700
648
460
371
612
639
679
475
1663
559
530
628
416
1490
431
1530
1039
676
455
444
1651
702
706
1752
476
709
594
373
567
434
1624
698
529
449
234
387
678
904
586
314
452
523
1220
349
488
583
437
466
1675
605
637
805
581
1170
629
290
409
1602
1082
424
575
873
699
1112
659
650
695
630
640
802
1270
665
690
1103
1629
534
377
370
1793
646
590
560
1907
294
574
1789
442
465
493
600
1300
579
647
1122
1621
468
622
1857
653
1231
229
620
369
1889
516
660
457
673
557
693
1443
733
503
684
543
1388
664
624
320
719
606
524
526
522
418
1572
692
688
1605
397
527
615
591
1567
616
973
619
644
506
401
689
501
562
422
331
420
535
549
273
486
597
430
1912
389
402
282
490
750
383
565
531
687
439
463
554
636
275
608
482
396
1019
1203
393
694
781
540
1434
323
595
697
519
959
411
267
250
696
1158
440
187
1725
585
298
584
711
388
1032
572
656
241
362
641
340
638
293
284
1109
510
319
372
341
577
498
450
1820
376
1353
285
713
582
707
374
458
621
310
337
631
240
538
514
406
548
315
570
281
737
399
165
400
306
278
412
348
552
661
623
481
398
671
379
669
611
635
347
254
230
335
542
359
592
491
244
714
304
520
346
243
228
469
561
546
186
194
508
652
963
325
308
691
1187
683
528
262
280
551
239
361
413
507
474
414
365
613
394
258
668
256
287
268
356
296
494
578
667
178
515
351
291
627
366
712
309
277
328
364
226
461
459
222
705
311
210
495
456
322
384
263
272
576
427
266
478
598
235
666
509
265
496
172
334
477
352
302
253
609
248
473
264
318
324
329
271
681
343
344
433
238
625
192
252
261
305
260
155
193
269
170
321
300
421
537
317
245
599
295
297
208
223
215
345
279
708
224
358
148
149
246
339
270
151
209
333
283
198
232
259
307
154
312
242
257
227
162
174
156
354
200
316
231
336
150
175
330
206
214
357
160
201
326
153
211
168
212
188
303
350
454
135
184
216
161
185
131
189
190
179
204
145
327
196
237
158
288
207
195
176
218
355
171
363
129
313
289
191
123
180
164
183
221
197
217
301
213
163
147
518
182
152
114
199
120
338
205
360
219
353
166
233
116
146
332
133
157
236
220
274
202
122
91
126
124
110
134
113
177
132
169
109
137
142
159
107
138
144
173
125
128
342
104
140
90
139
121
89
167
203
141
117
143
111
97
112
93
118
136
95
74
71
56
77
115
119
127
84
106
86
51
100
92
82
85
88
105
66
64
83
108
96
98
103
130
99
80
70
101
67
94
76
68
81
87
75
59
181
69
63
78
60
55
57
72
102
53
47
54
50
65
62
39
46
44
61
79
40
73
41
58
48
32
45
35
29
49
52
38
37
36
28
24
33
27
31
43
42
34
18
30
26
25
23
19
21
20
22
16
12
17
11
15
13
14
9
10
8
7
5
6
4
3
2
1
0
