2	0.0: 176 678 652 832 
2	0.0: 392 678 450 354 
7	0.0: 465 677 1144 722 
7	0.0: 463 674 1255 632 
2	0.0: 461 678 786 760 
2	0.0: 192 680 663 640 
7	0.0: 202 675 895 569 
7	0.0: 388 677 820 694 
2	0.0: 239 678 725 880 
2	0.0: 315 677 668 743 
7	0.0: 472 682 1034 1005 
7	0.0: 154 673 1227 838 
7	0.0: 182 676 905 781 
2	0.0: 174 680 656 518 
2	0.0: 147 678 764 843 
7	0.0: 398 674 980 798 
2	0.0: 372 673 717 778 
2	0.0: 487 676 712 995 
7	0.0: 315 676 960 855 
2	0.0: 510 678 855 968 
7	0.0: 161 678 836 781 
7	0.0: 369 677 1030 1011 
7	0.0: 287 678 846 720 
7	0.0: 315 676 885 715 
2	0.0: 227 681 687 803 
7	0.0: 331 676 953 570 
7	0.0: 279 676 994 394 
2	0.0: 228 679 804 764 
7	0.0: 189 677 1019 899 
2	0.0: 102 680 710 569 
7	0.0: 391 679 844 641 
7	0.0: 390 677 1068 573 
7	0.0: 368 681 814 486 
2	0.0: 79 680 780 892 
7	0.0: 280 677 785 460 
2	0.0: 392 678 656 462 
7	0.0: 125 677 881 637 
7	0.0: 450 675 890 484 
7	0.0: 281 679 1179 634 
7	0.0: 266 677 806 543 
7	0.0: 366 676 881 783 
2	0.0: 170 674 700 542 
2	0.0: 346 676 751 871 
7	0.0: 388 679 880 841 
7	0.0: 294 678 829 712 
7	0.0: 432 676 923 666 
7	0.0: 293 674 979 426 
7	0.0: 230 680 941 832 
7	0.0: 391 679 930 536 
2	0.0: 508 675 805 714 
7	0.0: 239 675 971 868 
7	0.0: 216 677 989 806 
7	0.0: 253 678 955 683 
2	0.0: 365 681 801 659 
2	0.0: 287 679 876 1213 
2	0.0: 476 675 759 915 
7	0.0: 248 676 904 465 
2	0.0: 309 677 672 639 
7	0.0: 203 677 1155 630 
7	0.0: 315 675 911 644 
7	0.0: 421 675 962 608 
7	0.0: 414 682 820 683 
7	0.0: 378 681 922 885 
7	0.0: 272 678 1158 662 
7	0.0: 223 680 843 604 
7	0.0: 160 678 952 605 
2	0.0: 512 679 695 875 
7	0.0: 459 677 1109 364 
2	0.0: 327 676 833 1085 
7	0.0: 464 677 1090 752 
7	0.0: 478 679 1079 722 
7	0.0: 229 678 795 616 
7	0.0: 510 677 1026 720 
7	0.0: 209 678 852 573 
2	0.0: 306 678 799 850 
7	0.0: 341 675 932 780 
7	0.0: 345 678 1217 964 
7	0.0: 273 679 1084 766 
7	0.0: 312 675 881 647 
2	0.0: 312 672 635 677 
7	0.0: 217 679 1114 795 
7	0.0: 352 676 888 681 
7	0.0: 165 678 993 903 
7	0.0: 308 676 905 727 
7	0.0: 329 677 1150 485 
7	0.0: 355 677 1141 678 
7	0.0: 199 676 1071 630 
7	0.0: 357 676 1071 680 
7	0.0: 360 678 983 728 
7	0.0: 322 676 838 741 
2	0.0: 243 675 772 667 
7	0.0: 422 678 930 441 
7	0.0: 482 676 936 756 
7	0.0: 321 678 784 297 
7	0.0: 357 678 944 839 
7	0.0: 289 676 1063 591 
7	0.0: 255 679 961 999 
2	0.0: 445 675 734 645 
7	0.0: 178 674 1120 785 
7	0.0: 143 677 1102 342 
7	0.0: 130 679 830 717 
7	0.0: 156 674 1042 668 
7	0.0: 158 677 808 438 
2	0.0: 256 677 789 909 
7	0.0: 297 678 912 535 
7	0.0: 274 678 1093 771 
7	0.0: 321 677 1134 652 
7	0.0: 375 674 992 854 
2	0.0: 324 676 782 844 
2	0.0: 170 676 767 713 
7	0.0: 482 681 848 699 
7	0.0: 297 679 1106 886 
7	0.0: 262 672 974 428 
7	0.0: 291 675 891 854 
2	0.0: 138 678 724 593 
2	0.0: 270 679 779 854 
7	0.0: 601 678 977 561 
7	0.0: 261 677 893 602 
7	0.0: 269 678 1105 711 
7	0.0: 462 675 971 904 
2	0.0: 143 679 699 638 
2	0.0: 318 676 579 696 
7	0.0: 205 674 845 577 
7	0.0: 160 677 856 841 
2	0.0: 280 679 580 426 
7	0.0: 274 676 1124 550 
7	0.0: 376 677 1125 745 
7	0.0: 126 674 1167 727 
2	0.0: 387 677 548 729 
7	0.0: 277 677 1093 569 
7	0.0: 251 676 1113 643 
7	0.0: 454 676 941 740 
7	0.0: 396 673 951 701 
7	0.0: 160 679 1104 680 
2	0.0: 272 679 737 820 
7	0.0: 385 678 899 606 
2	0.0: 330 676 825 855 
2	0.0: 408 675 711 780 
7	0.0: 396 678 884 663 
7	0.0: 403 679 1042 986 
7	0.0: 175 678 865 691 
2	0.0: 363 674 782 777 
7	0.0: 193 678 833 568 
7	0.0: 190 675 870 679 
7	0.0: 351 677 911 877 
7	0.0: 540 676 1026 753 
7	0.0: 278 677 1212 570 
7	0.0: 122 677 1052 642 
7	0.0: 220 678 805 686 
7	0.0: 311 675 977 656 
2	0.0: 179 678 609 826 
2	0.0: 289 673 787 794 
2	0.0: 366 675 772 976 
7	0.0: 209 677 1006 606 
7	0.0: 340 680 1118 591 
2	0.0: 352 680 484 736 
2	0.0: 400 678 736 672 
7	0.0: 321 678 958 657 
7	0.0: 199 675 861 611 
7	0.0: 337 676 1227 998 
7	0.0: 259 678 1198 875 
7	0.0: 435 679 997 680 
7	0.0: 513 673 1256 864 
2	0.0: 251 679 799 686 
7	0.0: 272 680 974 744 
2	0.0: 370 677 737 768 
7	0.0: 417 676 962 552 
7	0.0: 264 673 845 656 
2	0.0: 61 677 822 877 
7	0.0: 287 675 830 698 
7	0.0: 329 678 870 736 
7	0.0: 285 675 966 549 
2	0.0: 399 677 670 602 
7	0.0: 226 676 977 797 
2	0.0: 310 675 656 641 
7	0.0: 245 677 1039 946 
7	0.0: 518 675 1154 737 
7	0.0: 254 677 985 611 
2	0.0: 371 675 805 707 
7	0.0: 180 678 872 347 
7	0.0: 273 673 826 723 
7	0.0: 198 677 803 707 
7	0.0: 360 677 1249 588 
7	0.0: 311 679 926 485 
2	0.0: 180 679 781 706 
7	0.0: 353 679 1067 853 
7	0.0: 395 675 872 398 
7	0.0: 188 674 945 809 
7	0.0: 203 675 1008 780 
2	0.0: 526 674 809 655 
7	0.0: 425 677 899 696 
7	0.0: 261 677 833 582 
2	0.0: 217 678 749 672 
2	0.0: 265 677 716 662 
2	0.0: 389 677 859 1012 
2	0.0: 396 671 787 1011 
7	0.0: 544 675 793 550 
7	0.0: 451 676 942 738 
2	0.0: 436 674 650 575 
2	0.0: 343 680 782 784 
7	0.0: 236 677 911 739 
7	0.0: 298 679 1023 515 
2	0.0: 425 680 629 535 
7	0.0: 280 676 1260 518 
2	0.0: 413 679 840 758 
7	0.0: 191 678 1034 536 
7	0.0: 300 676 815 462 
2	0.0: 354 680 642 617 
7	0.0: 239 678 912 721 
7	0.0: 319 678 860 547 
7	0.0: 395 677 1198 817 
0	0.0: 640 677 865 657 
7	0.0: 250 676 1044 727 
7	0.0: 104 680 815 654 
7	0.0: 540 678 817 579 
7	0.0: 502 677 1080 506 
2	0.0: 285 678 733 596 
7	0.0: 276 678 1053 352 
7	0.0: 102 677 795 531 
7	0.0: 409 678 1044 564 
7	0.0: 377 673 1003 608 
7	0.0: 323 678 765 509 
7	0.0: 260 675 913 733 
7	0.0: 217 675 819 716 
2	0.0: 534 674 722 604 
2	0.0: 187 678 490 410 
2	0.0: 432 677 717 645 
7	0.0: 172 675 1011 507 
7	0.0: 228 678 915 700 
2	0.0: 364 680 796 819 
7	0.0: 148 675 986 775 
7	0.0: 105 673 986 698 
2	0.0: 123 677 530 784 
7	0.0: 179 679 1033 1014 
2	0.0: 470 678 541 738 
7	0.0: 299 674 1062 552 
7	0.0: 360 679 856 732 
7	0.0: 310 675 940 867 
7	0.0: 481 674 1038 762 
7	0.0: 444 677 940 690 
2	0.0: 531 674 542 776 
2	0.0: 394 681 860 820 
2	0.0: 464 680 773 689 
7	0.0: 281 676 1118 873 
7	0.0: 464 677 1086 711 
2	0.0: 203 676 495 830 
7	0.0: 371 680 1012 485 
7	0.0: 204 679 960 784 
7	0.0: 71 680 1270 751 
7	0.0: 325 681 1064 945 
