5	0.0: 801 442 1 330 
5	0.0: 764 390 72 249 
5	0.0: 701 420 1 436 
5	0.0: 681 427 74 326 
5	0.0: 941 375 22 226 
5	0.0: 760 414 1 457 
5	0.0: 552 397 1 490 
5	0.0: 688 422 1 411 
5	0.0: 672 377 1 309 
5	0.0: 504 376 1 402 
5	0.0: 852 359 46 356 
5	0.0: 774 413 1 271 
5	0.0: 808 394 21 421 
5	0.0: 610 380 8 401 
5	0.0: 825 374 1 364 
5	0.0: 493 397 1 447 
4	0.0: 961 350 1 520 
5	0.0: 517 418 1 267 
5	0.0: 573 441 15 457 
5	0.0: 853 427 1 421 
5	0.0: 685 390 19 457 
5	0.0: 800 423 65 416 
5	0.0: 862 389 22 265 
5	0.0: 584 397 90 376 
5	0.0: 589 374 24 386 
5	0.0: 671 386 1 351 
5	0.0: 700 442 1 309 
5	0.0: 725 370 46 445 
5	0.0: 599 390 1 374 
5	0.0: 898 390 1 437 
5	0.0: 751 401 1 367 
5	0.0: 387 389 31 397 
5	0.0: 619 407 1 531 
5	0.0: 939 416 1 309 
5	0.0: 683 403 27 330 
5	0.0: 807 436 33 282 
5	0.0: 641 358 1 362 
5	0.0: 617 390 1 438 
5	0.0: 613 418 11 483 
5	0.0: 959 353 1 346 
5	0.0: 686 427 15 207 
5	0.0: 694 440 1 417 
5	0.0: 572 416 38 525 
5	0.0: 640 361 11 456 
5	0.0: 795 421 14 371 
5	0.0: 720 364 1 514 
5	0.0: 899 374 1 481 
5	0.0: 786 421 1 443 
5	0.0: 560 349 1 477 
5	0.0: 745 372 32 400 
5	0.0: 538 398 1 434 
5	0.0: 784 402 67 442 
5	0.0: 680 371 1 291 
5	0.0: 520 433 1 225 
5	0.0: 615 415 56 412 
5	0.0: 559 451 1 423 
5	0.0: 838 356 2 376 
5	0.0: 622 457 35 319 
5	0.0: 654 424 53 320 
5	0.0: 788 429 94 374 
5	0.0: 711 364 49 475 
5	0.0: 658 407 10 411 
5	0.0: 504 415 1 498 
5	0.0: 963 426 7 381 
5	0.0: 721 445 1 374 
5	0.0: 642 422 1 352 
5	0.0: 792 409 1 316 
5	0.0: 808 375 1 278 
5	0.0: 708 426 1 477 
5	0.0: 702 370 1 504 
5	0.0: 594 410 26 417 
5	0.0: 378 390 1 440 
5	0.0: 786 438 1 284 
5	0.0: 703 424 29 321 
5	0.0: 842 427 17 393 
5	0.0: 855 356 1 417 
5	0.0: 602 440 96 446 
5	0.0: 701 446 1 209 
5	0.0: 733 404 1 441 
5	0.0: 684 383 20 435 
5	0.0: 781 416 45 481 
5	0.0: 758 411 38 295 
5	0.0: 734 375 17 493 
5	0.0: 936 437 30 355 
5	0.0: 557 425 1 468 
5	0.0: 803 349 1 409 
5	0.0: 790 405 54 401 
5	0.0: 833 407 1 279 
5	0.0: 672 479 1 484 
5	0.0: 839 376 1 247 
5	0.0: 1014 393 7 352 
5	0.0: 591 435 106 316 
5	0.0: 814 391 56 363 
5	0.0: 766 387 1 342 
5	0.0: 414 391 2 362 
5	0.0: 676 380 82 318 
5	0.0: 883 418 1 352 
5	0.0: 462 384 1 214 
4	0.0: 937 379 133 506 
5	0.0: 885 415 4 367 
5	0.0: 587 395 11 363 
5	0.0: 614 406 18 407 
5	0.0: 680 395 5 524 
5	0.0: 575 365 43 557 
5	0.0: 463 414 1 463 
5	0.0: 707 469 19 394 
5	0.0: 769 411 49 388 
5	0.0: 770 431 1 346 
5	0.0: 514 406 1 456 
5	0.0: 749 367 1 536 
5	0.0: 811 384 6 371 
5	0.0: 890 387 1 246 
5	0.0: 720 410 14 420 
5	0.0: 913 394 87 296 
5	0.0: 511 388 37 435 
5	0.0: 566 414 1 311 
5	0.0: 611 423 1 293 
5	0.0: 720 445 1 331 
5	0.0: 609 411 1 377 
5	0.0: 468 417 56 412 
5	0.0: 563 383 1 288 
5	0.0: 771 377 42 422 
5	0.0: 834 387 1 416 
4	0.0: 754 363 22 546 
5	0.0: 618 389 4 411 
5	0.0: 683 411 1 323 
5	0.0: 531 384 1 545 
5	0.0: 791 383 57 296 
5	0.0: 772 392 45 438 
5	0.0: 818 368 50 384 
5	0.0: 666 386 1 414 
5	0.0: 668 345 1 376 
5	0.0: 873 386 25 418 
5	0.0: 880 450 12 306 
5	0.0: 439 342 1 303 
5	0.0: 679 408 56 367 
5	0.0: 682 437 73 268 
5	0.0: 767 381 23 306 
5	0.0: 856 391 46 446 
5	0.0: 634 363 82 405 
5	0.0: 760 389 77 475 
5	0.0: 748 323 24 315 
5	0.0: 707 372 1 323 
5	0.0: 706 423 66 302 
5	0.0: 736 416 56 477 
5	0.0: 572 401 60 333 
5	0.0: 852 362 13 303 
5	0.0: 793 400 35 420 
5	0.0: 706 411 85 381 
5	0.0: 502 397 25 334 
5	0.0: 742 438 49 418 
5	0.0: 560 407 1 372 
5	0.0: 798 395 33 409 
5	0.0: 743 400 40 409 
5	0.0: 452 333 1 323 
5	0.0: 501 393 1 429 
5	0.0: 759 371 1 509 
5	0.0: 831 403 1 217 
5	0.0: 878 399 11 354 
5	0.0: 896 407 43 384 
5	0.0: 1003 427 1 377 
5	0.0: 677 375 13 347 
5	0.0: 729 415 5 404 
5	0.0: 500 414 40 442 
5	0.0: 562 367 1 255 
5	0.0: 923 434 33 359 
5	0.0: 762 378 1 499 
5	0.0: 726 405 1 440 
5	0.0: 827 397 1 395 
5	0.0: 585 407 44 433 
5	0.0: 601 350 38 431 
5	0.0: 673 452 1 410 
5	0.0: 884 407 98 432 
5	0.0: 888 419 1 501 
5	0.0: 819 430 7 385 
5	0.0: 595 363 1 322 
5	0.0: 570 413 32 524 
5	0.0: 725 387 22 452 
5	0.0: 458 413 1 402 
5	0.0: 887 418 64 462 
5	0.0: 658 362 1 484 
5	0.0: 788 407 3 329 
5	0.0: 830 403 1 312 
5	0.0: 776 358 88 346 
4	0.0: 751 410 36 578 
5	0.0: 849 421 1 261 
5	0.0: 531 399 1 384 
5	0.0: 896 418 32 413 
5	0.0: 702 424 13 504 
5	0.0: 885 396 19 362 
5	0.0: 736 323 1 403 
5	0.0: 725 379 59 341 
5	0.0: 870 438 1 208 
5	0.0: 813 392 1 273 
5	0.0: 807 385 1 424 
5	0.0: 859 376 1 347 
5	0.0: 867 452 36 347 
5	0.0: 879 462 1 487 
5	0.0: 789 396 45 347 
5	0.0: 1124 333 21 387 
5	0.0: 653 420 1 368 
5	0.0: 861 376 1 437 
5	0.0: 645 395 71 486 
4	0.0: 760 396 1 555 
5	0.0: 652 420 1 279 
5	0.0: 621 386 1 275 
5	0.0: 809 391 1 324 
5	0.0: 800 406 34 364 
5	0.0: 734 390 15 368 
5	0.0: 528 379 1 432 
5	0.0: 607 342 49 457 
5	0.0: 791 420 1 336 
5	0.0: 901 388 33 432 
5	0.0: 665 407 5 275 
5	0.0: 849 419 24 387 
5	0.0: 683 406 1 506 
5	0.0: 822 378 1 334 
5	0.0: 559 383 82 356 
5	0.0: 937 348 1 303 
5	0.0: 925 387 1 326 
5	0.0: 534 394 6 437 
5	0.0: 745 396 1 368 
5	0.0: 696 433 32 263 
5	0.0: 724 410 1 347 
5	0.0: 626 410 1 300 
5	0.0: 1047 440 9 285 
5	0.0: 528 352 1 334 
5	0.0: 603 384 1 333 
5	0.0: 597 352 1 328 
5	0.0: 756 382 1 183 
5	0.0: 856 409 7 446 
5	0.0: 335 379 1 385 
5	0.0: 553 415 2 573 
5	0.0: 757 416 1 474 
5	0.0: 504 365 86 250 
5	0.0: 853 389 14 273 
5	0.0: 707 360 5 439 
5	0.0: 698 376 1 287 
5	0.0: 971 369 13 421 
5	0.0: 776 410 25 321 
5	0.0: 434 423 1 383 
4	0.0: 725 381 1 603 
5	0.0: 892 382 1 422 
5	0.0: 513 375 87 374 
5	0.0: 797 357 1 475 
5	0.0: 685 363 1 348 
5	0.0: 797 387 29 443 
5	0.0: 573 455 1 360 
5	0.0: 882 442 52 334 
5	0.0: 695 443 1 397 
