1	0.0: 407 703 557 1 
1	0.0: 232 708 486 176 
1	0.0: 280 684 702 145 
1	0.0: 125 453 998 1 
1	0.0: 337 534 582 250 
1	0.0: 246 589 819 183 
1	0.0: 334 592 629 136 
7	0.0: 149 568 927 191 
1	0.0: 143 620 904 33 
1	0.0: 287 586 770 107 
1	0.0: 246 757 828 112 
1	0.0: 263 603 826 183 
7	0.0: 306 669 914 244 
1	0.0: 277 515 563 1 
1	0.0: 171 552 922 16 
1	0.0: 284 590 733 56 
1	0.0: 345 502 727 140 
1	0.0: 91 550 609 28 
1	0.0: 292 525 710 196 
1	0.0: 257 647 876 161 
1	0.0: 213 762 346 52 
7	0.0: 274 475 1055 190 
1	0.0: 363 644 957 1 
1	0.0: 239 646 588 1 
1	0.0: 321 755 659 23 
1	0.0: 217 603 791 223 
7	0.0: 231 652 970 177 
1	0.0: 292 664 674 189 
1	0.0: 199 505 687 83 
1	0.0: 184 543 408 103 
1	0.0: 162 712 596 73 
1	0.0: 280 497 569 110 
1	0.0: 139 524 698 185 
1	0.0: 288 612 983 1 
1	0.0: 259 693 654 240 
1	0.0: 252 652 838 32 
1	0.0: 150 547 634 208 
7	0.0: 147 618 1046 217 
1	0.0: 190 508 627 103 
1	0.0: 227 584 644 1 
1	0.0: 234 827 772 64 
1	0.0: 235 800 501 1 
1	0.0: 279 595 800 94 
1	0.0: 186 494 650 1 
1	0.0: 261 494 380 177 
1	0.0: 284 664 573 196 
7	0.0: 241 645 1035 235 
1	0.0: 278 720 706 32 
1	0.0: 102 496 684 50 
7	0.0: 245 701 1153 37 
1	0.0: 228 661 696 1 
1	0.0: 252 775 743 241 
1	0.0: 143 600 793 1 
1	0.0: 447 640 567 105 
1	0.0: 89 538 870 155 
1	0.0: 126 512 740 277 
1	0.0: 248 705 309 4 
1	0.0: 263 594 563 289 
1	0.0: 300 581 726 214 
1	0.0: 278 572 637 153 
7	0.0: 228 683 1103 31 
1	0.0: 321 649 769 1 
7	0.0: 196 624 992 78 
1	0.0: 66 691 695 199 
1	0.0: 238 551 683 1 
1	0.0: 233 546 720 231 
1	0.0: 277 763 674 1 
7	0.0: 388 689 872 308 
1	0.0: 115 721 452 1 
1	0.0: 296 600 776 111 
1	0.0: 186 754 644 238 
7	0.0: 321 542 1036 103 
1	0.0: 303 538 817 156 
7	0.0: 347 662 1041 303 
1	0.0: 318 624 736 1 
7	0.0: 341 655 1065 1 
1	0.0: 137 543 580 281 
1	0.0: 339 589 908 127 
1	0.0: 255 782 737 298 
1	0.0: 201 553 655 226 
1	0.0: 222 561 982 1 
1	0.0: 260 652 738 132 
7	0.0: 319 598 1146 215 
1	0.0: 227 720 659 58 
1	0.0: 196 699 889 44 
1	0.0: 363 605 520 53 
1	0.0: 301 729 444 304 
1	0.0: 171 678 770 45 
7	0.0: 459 674 1177 1 
7	0.0: 205 627 1069 63 
1	0.0: 213 588 786 1 
1	0.0: 230 463 367 251 
1	0.0: 150 781 797 99 
1	0.0: 136 831 269 125 
1	0.0: 88 624 614 149 
1	0.0: 116 473 827 201 
1	0.0: 187 583 1020 1 
1	0.0: 429 560 834 3 
1	0.0: 264 624 660 1 
1	0.0: 325 487 702 108 
1	0.0: 340 620 852 102 
7	0.0: 233 686 1092 122 
1	0.0: 336 576 962 31 
7	0.0: 362 707 1057 250 
1	0.0: 173 591 792 5 
1	0.0: 282 462 930 65 
1	0.0: 152 553 669 65 
1	0.0: 303 633 816 144 
1	0.0: 276 509 639 1 
1	0.0: 319 485 764 5 
1	0.0: 188 600 345 1 
7	0.0: 211 833 921 125 
1	0.0: 309 644 887 120 
1	0.0: 188 711 607 164 
1	0.0: 219 672 563 1 
1	0.0: 184 471 589 169 
1	0.0: 120 509 883 56 
1	0.0: 171 731 365 269 
1	0.0: 120 936 742 1 
1	0.0: 337 578 931 8 
1	0.0: 256 660 576 1 
1	0.0: 323 481 819 1 
7	0.0: 305 665 907 198 
1	0.0: 145 540 826 140 
1	0.0: 222 503 765 11 
1	0.0: 324 429 761 1 
1	0.0: 322 562 599 174 
7	0.0: 21 638 854 354 
1	0.0: 366 706 650 1 
7	0.0: 143 634 924 210 
1	0.0: 354 760 788 132 
1	0.0: 323 548 695 335 
1	0.0: 338 668 681 187 
1	0.0: 121 501 474 10 
1	0.0: 73 722 643 64 
1	0.0: 323 764 1003 1 
7	0.0: 199 424 945 175 
1	0.0: 177 603 910 107 
7	0.0: 243 604 1033 220 
1	0.0: 170 525 599 57 
1	0.0: 374 550 675 225 
1	0.0: 170 496 687 59 
1	0.0: 175 589 477 205 
1	0.0: 192 760 352 1 
1	0.0: 298 607 803 1 
1	0.0: 288 623 437 1 
1	0.0: 151 622 868 31 
1	0.0: 211 704 816 197 
7	0.0: 275 550 994 239 
1	0.0: 234 585 686 1 
1	0.0: 294 687 692 38 
1	0.0: 366 659 642 24 
7	0.0: 123 690 943 202 
1	0.0: 291 716 655 51 
1	0.0: 345 589 731 157 
1	0.0: 275 595 605 141 
1	0.0: 338 564 817 244 
1	0.0: 261 545 567 1 
1	0.0: 183 725 814 30 
1	0.0: 134 516 854 99 
7	0.0: 264 649 1172 61 
7	0.0: 257 756 951 234 
1	0.0: 203 676 709 240 
1	0.0: 250 657 1003 1 
1	0.0: 385 507 642 126 
1	0.0: 195 561 831 46 
1	0.0: 338 589 723 319 
1	0.0: 182 637 291 137 
1	0.0: 146 563 588 75 
1	0.0: 150 705 617 58 
1	0.0: 156 699 653 262 
1	0.0: 283 585 741 128 
1	0.0: 49 474 395 89 
1	0.0: 203 655 738 179 
7	0.0: 281 653 937 159 
1	0.0: 362 620 440 136 
7	0.0: 391 548 895 344 
1	0.0: 46 574 837 37 
1	0.0: 89 555 628 1 
1	0.0: 263 618 665 102 
1	0.0: 160 834 660 3 
1	0.0: 338 585 714 1 
1	0.0: 245 763 751 201 
1	0.0: 335 837 803 126 
1	0.0: 320 707 701 66 
1	0.0: 180 549 783 20 
1	0.0: 169 766 811 1 
1	0.0: 195 687 640 101 
1	0.0: 157 568 650 1 
1	0.0: 189 366 848 1 
1	0.0: 147 794 907 64 
1	0.0: 266 555 856 113 
1	0.0: 153 506 956 65 
1	0.0: 296 524 568 78 
1	0.0: 304 503 724 222 
1	0.0: 400 744 678 188 
1	0.0: 281 584 581 194 
1	0.0: 176 594 430 195 
1	0.0: 195 743 654 54 
1	0.0: 405 613 552 84 
2	0.0: 248 729 529 381 
1	0.0: 325 508 587 3 
1	0.0: 101 686 660 108 
1	0.0: 253 584 437 34 
6	0.0: 460 537 882 164 
1	0.0: 120 674 678 198 
7	0.0: 317 648 1289 123 
1	0.0: 151 664 404 41 
1	0.0: 242 624 888 76 
1	0.0: 258 626 638 11 
1	0.0: 108 439 682 31 
1	0.0: 237 684 767 99 
1	0.0: 199 708 478 244 
7	0.0: 329 777 879 296 
7	0.0: 145 681 904 258 
1	0.0: 294 802 548 106 
1	0.0: 265 567 725 119 
1	0.0: 403 573 723 115 
1	0.0: 116 390 590 1 
1	0.0: 164 532 996 1 
1	0.0: 154 428 466 17 
7	0.0: 310 737 1023 139 
1	0.0: 92 531 821 151 
1	0.0: 252 515 713 1 
7	0.0: 320 620 987 255 
1	0.0: 233 655 782 234 
1	0.0: 161 566 520 160 
1	0.0: 303 642 649 55 
1	0.0: 243 547 452 1 
1	0.0: 161 653 841 67 
1	0.0: 307 613 730 234 
1	0.0: 429 755 987 3 
1	0.0: 291 656 396 1 
1	0.0: 257 625 412 194 
7	0.0: 308 576 911 215 
1	0.0: 347 716 820 153 
1	0.0: 303 627 871 126 
1	0.0: 230 501 522 1 
1	0.0: 312 664 851 1 
7	0.0: 161 597 956 202 
1	0.0: 242 503 716 63 
1	0.0: 268 627 768 66 
1	0.0: 273 564 912 28 
7	0.0: 317 578 765 428 
1	0.0: 272 511 697 31 
1	0.0: 167 721 894 10 
1	0.0: 174 712 690 295 
1	0.0: 260 632 874 151 
1	0.0: 289 631 568 8 
1	0.0: 254 672 885 171 
