2	0.0: 1 733 524 536 
2	0.0: 1 803 557 704 
2	0.0: 1 802 417 796 
2	0.0: 158 766 309 855 
2	0.0: 287 637 430 491 
2	0.0: 271 743 514 755 
2	0.0: 293 720 444 772 
2	0.0: 275 724 613 861 
2	0.0: 137 618 470 665 
2	0.0: 64 598 478 756 
2	0.0: 1 735 453 1141 
2	0.0: 73 554 345 658 
2	0.0: 319 787 538 974 
2	0.0: 312 730 405 403 
2	0.0: 687 607 390 505 
2	0.0: 318 766 366 765 
2	0.0: 175 811 445 878 
2	0.0: 1 925 520 984 
2	0.0: 518 798 563 413 
2	0.0: 190 608 408 816 
2	0.0: 179 498 363 795 
2	0.0: 22 616 540 533 
2	0.0: 173 722 523 729 
2	0.0: 398 648 288 474 
2	0.0: 8 711 337 874 
1	0.0: 93 593 538 179 
2	0.0: 555 722 384 990 
2	0.0: 66 721 404 726 
2	0.0: 44 657 458 628 
2	0.0: 370 842 446 900 
2	0.0: 1 567 465 994 
2	0.0: 185 632 260 551 
2	0.0: 172 678 431 592 
2	0.0: 235 795 392 648 
2	0.0: 1 670 486 693 
2	0.0: 1 481 355 1008 
2	0.0: 299 759 466 580 
2	0.0: 1 773 386 836 
2	0.0: 239 951 620 774 
2	0.0: 110 792 292 621 
2	0.0: 84 608 410 719 
2	0.0: 1 791 454 1018 
2	0.0: 236 721 494 590 
2	0.0: 119 580 411 1232 
2	0.0: 1 855 452 720 
2	0.0: 1 640 443 867 
2	0.0: 274 573 498 753 
2	0.0: 168 696 370 454 
0	0.0: 483 964 416 804 
2	0.0: 73 609 561 952 
2	0.0: 106 958 460 891 
2	0.0: 1 738 410 639 
2	0.0: 98 585 516 711 
2	0.0: 268 590 521 683 
2	0.0: 172 648 389 770 
2	0.0: 318 686 405 441 
2	0.0: 74 798 602 879 
2	0.0: 277 580 602 967 
2	0.0: 174 603 306 706 
2	0.0: 60 811 408 518 
2	0.0: 20 585 515 741 
2	0.0: 63 738 390 774 
2	0.0: 116 639 409 991 
2	0.0: 91 749 374 970 
2	0.0: 83 531 441 432 
2	0.0: 1 695 440 949 
2	0.0: 307 798 445 745 
2	0.0: 310 832 554 788 
2	0.0: 455 796 344 838 
2	0.0: 192 727 470 841 
2	0.0: 596 751 434 549 
2	0.0: 199 742 516 814 
2	0.0: 89 705 516 863 
2	0.0: 1 648 426 691 
2	0.0: 143 581 432 732 
2	0.0: 133 932 446 611 
2	0.0: 147 520 424 886 
1	0.0: 213 674 357 347 
1	0.0: 71 791 518 307 
2	0.0: 1 828 349 879 
2	0.0: 272 628 315 845 
2	0.0: 1 567 381 730 
2	0.0: 77 544 402 546 
2	0.0: 85 760 466 657 
2	0.0: 123 718 422 972 
2	0.0: 122 759 409 1064 
2	0.0: 142 597 554 990 
2	0.0: 272 660 311 544 
1	0.0: 111 680 540 309 
2	0.0: 96 648 469 970 
2	0.0: 129 751 408 1160 
2	0.0: 266 669 480 462 
2	0.0: 382 546 552 799 
2	0.0: 78 578 509 696 
2	0.0: 49 652 556 510 
2	0.0: 445 718 503 587 
2	0.0: 437 765 446 756 
2	0.0: 507 638 551 670 
2	0.0: 527 591 415 466 
2	0.0: 256 654 407 678 
2	0.0: 301 772 318 1218 
0	0.0: 415 1051 509 517 
2	0.0: 141 549 356 440 
2	0.0: 199 636 477 775 
2	0.0: 35 921 386 591 
2	0.0: 39 640 318 642 
2	0.0: 175 653 505 670 
2	0.0: 1 825 407 553 
2	0.0: 532 657 312 616 
2	0.0: 242 802 411 741 
2	0.0: 107 632 393 794 
2	0.0: 1 690 345 594 
2	0.0: 144 704 681 717 
2	0.0: 208 972 575 755 
2	0.0: 1 884 451 768 
2	0.0: 377 745 458 744 
2	0.0: 76 567 383 555 
2	0.0: 2 649 489 673 
2	0.0: 292 807 646 665 
2	0.0: 134 562 456 621 
2	0.0: 117 825 428 834 
1	0.0: 57 508 511 371 
2	0.0: 49 848 466 1132 
2	0.0: 233 908 404 945 
2	0.0: 242 790 537 852 
2	0.0: 218 789 381 841 
2	0.0: 307 594 592 502 
2	0.0: 321 757 421 511 
2	0.0: 225 862 503 422 
2	0.0: 233 825 426 603 
2	0.0: 80 738 481 685 
2	0.0: 197 812 573 523 
2	0.0: 109 626 293 734 
2	0.0: 175 837 242 585 
2	0.0: 96 747 343 987 
2	0.0: 1 606 426 783 
2	0.0: 1 816 533 799 
2	0.0: 98 753 391 387 
2	0.0: 142 720 480 738 
2	0.0: 124 698 493 775 
2	0.0: 1 625 598 523 
2	0.0: 48 905 415 643 
2	0.0: 174 678 465 587 
2	0.0: 1 688 398 630 
2	0.0: 1 760 539 1220 
2	0.0: 362 484 465 521 
2	0.0: 86 589 495 923 
2	0.0: 302 649 295 770 
2	0.0: 169 533 501 976 
2	0.0: 132 843 420 627 
2	0.0: 264 539 529 696 
2	0.0: 286 665 581 741 
2	0.0: 45 674 411 669 
2	0.0: 66 672 456 884 
2	0.0: 359 740 462 408 
2	0.0: 299 584 544 831 
2	0.0: 16 533 517 733 
2	0.0: 87 624 465 638 
2	0.0: 60 678 579 766 
2	0.0: 1 657 495 1000 
2	0.0: 390 886 481 614 
2	0.0: 1 882 533 1243 
2	0.0: 1 738 518 530 
2	0.0: 272 624 592 961 
2	0.0: 109 647 495 659 
2	0.0: 1 662 500 1089 
2	0.0: 46 667 365 464 
2	0.0: 17 487 444 521 
2	0.0: 1 791 472 900 
2	0.0: 154 555 415 582 
2	0.0: 133 704 439 663 
2	0.0: 241 608 522 694 
2	0.0: 1 829 261 733 
2	0.0: 1 672 450 710 
2	0.0: 269 707 370 571 
2	0.0: 318 601 570 659 
1	0.0: 238 789 399 355 
2	0.0: 414 698 504 783 
2	0.0: 411 713 479 710 
2	0.0: 167 756 346 678 
2	0.0: 87 628 374 453 
2	0.0: 448 793 326 743 
2	0.0: 312 482 361 713 
2	0.0: 1 622 550 570 
2	0.0: 163 836 567 500 
1	0.0: 111 541 411 329 
2	0.0: 57 640 523 484 
2	0.0: 395 830 367 975 
2	0.0: 54 763 436 574 
2	0.0: 356 867 424 925 
2	0.0: 173 742 348 721 
2	0.0: 264 941 385 837 
2	0.0: 1 709 409 493 
2	0.0: 115 773 407 691 
2	0.0: 32 526 531 713 
2	0.0: 273 780 413 506 
2	0.0: 71 602 393 626 
2	0.0: 105 761 395 639 
2	0.0: 355 571 360 486 
2	0.0: 1 672 559 653 
2	0.0: 187 584 576 1114 
2	0.0: 27 511 546 653 
2	0.0: 231 690 589 583 
2	0.0: 204 708 485 873 
2	0.0: 329 948 504 618 
2	0.0: 213 639 553 427 
2	0.0: 61 982 411 473 
2	0.0: 80 833 548 899 
2	0.0: 1 660 402 896 
2	0.0: 199 456 531 749 
2	0.0: 165 392 407 642 
2	0.0: 20 650 422 850 
2	0.0: 335 866 419 591 
1	0.0: 111 742 573 369 
2	0.0: 106 647 441 413 
2	0.0: 465 625 530 819 
2	0.0: 461 687 392 665 
2	0.0: 13 489 542 732 
2	0.0: 439 596 432 808 
2	0.0: 66 667 362 604 
2	0.0: 368 734 567 668 
2	0.0: 208 667 487 570 
2	0.0: 33 874 677 880 
2	0.0: 1 727 507 531 
2	0.0: 48 609 509 715 
2	0.0: 129 731 359 535 
2	0.0: 77 680 462 647 
2	0.0: 1 905 458 926 
2	0.0: 80 790 349 790 
2	0.0: 233 732 268 698 
2	0.0: 321 692 312 588 
2	0.0: 511 731 463 776 
2	0.0: 89 786 503 721 
2	0.0: 13 557 550 1097 
2	0.0: 224 543 500 583 
2	0.0: 52 716 467 697 
2	0.0: 376 762 467 1025 
2	0.0: 342 703 413 504 
2	0.0: 384 721 362 664 
2	0.0: 1 868 395 1078 
2	0.0: 123 657 398 654 
2	0.0: 213 670 380 556 
2	0.0: 461 853 524 686 
2	0.0: 1 675 386 641 
2	0.0: 1 476 410 540 
2	0.0: 6 693 416 437 
2	0.0: 78 720 434 964 
2	0.0: 198 647 309 496 
2	0.0: 157 658 418 943 
2	0.0: 1 518 462 1269 
