4	0.0: 159 154 221 713 
2	0.0: 151 150 291 695 
2	0.0: 158 157 281 654 
2	0.0: 154 193 294 657 
2	0.0: 158 303 229 599 
4	0.0: 152 47 326 707 
5	0.0: 166 94 211 546 
5	0.0: 158 81 305 519 
2	0.0: 154 153 289 647 
4	0.0: 167 69 302 903 
5	0.0: 144 130 253 600 
2	0.0: 154 247 292 548 
4	0.0: 157 180 277 818 
2	0.0: 146 184 281 730 
5	0.0: 166 226 234 478 
2	0.0: 143 70 309 638 
5	0.0: 155 218 225 394 
4	0.0: 156 35 283 767 
2	0.0: 152 236 261 694 
4	0.0: 148 172 243 801 
4	0.0: 154 125 230 794 
4	0.0: 160 53 301 765 
2	0.0: 145 146 299 607 
4	0.0: 154 80 298 786 
2	0.0: 160 224 284 776 
4	0.0: 154 42 341 847 
4	0.0: 155 161 213 1009 
4	0.0: 160 84 278 654 
4	0.0: 164 205 251 783 
2	0.0: 163 200 274 674 
2	0.0: 161 122 285 675 
4	0.0: 166 234 256 877 
4	0.0: 164 139 278 690 
4	0.0: 158 101 265 718 
5	0.0: 145 195 218 458 
5	0.0: 147 114 250 608 
4	0.0: 155 256 233 833 
4	0.0: 149 108 282 738 
5	0.0: 154 113 277 508 
2	0.0: 154 188 275 746 
4	0.0: 167 107 331 763 
2	0.0: 166 209 293 689 
5	0.0: 152 81 257 619 
5	0.0: 146 232 252 517 
4	0.0: 147 88 234 662 
2	0.0: 165 263 256 760 
4	0.0: 157 115 319 769 
4	0.0: 171 160 258 760 
4	0.0: 152 125 281 907 
2	0.0: 151 323 281 679 
4	0.0: 153 205 218 1030 
4	0.0: 164 130 248 695 
4	0.0: 151 199 263 857 
4	0.0: 158 137 235 660 
5	0.0: 145 93 292 568 
2	0.0: 146 268 264 767 
2	0.0: 155 253 222 704 
2	0.0: 151 224 287 843 
5	0.0: 157 99 307 505 
2	0.0: 152 304 292 576 
2	0.0: 152 203 293 771 
2	0.0: 152 184 317 687 
5	0.0: 148 195 256 576 
4	0.0: 163 123 244 845 
4	0.0: 162 137 256 834 
2	0.0: 142 234 224 626 
4	0.0: 164 86 258 698 
4	0.0: 151 108 292 724 
2	0.0: 157 190 270 678 
5	0.0: 163 154 289 565 
4	0.0: 163 15 283 764 
5	0.0: 156 109 153 539 
2	0.0: 157 237 223 717 
4	0.0: 149 148 194 691 
5	0.0: 143 127 222 410 
2	0.0: 153 194 265 637 
4	0.0: 162 160 239 717 
4	0.0: 156 179 242 748 
2	0.0: 154 148 345 591 
2	0.0: 156 157 309 743 
4	0.0: 152 157 196 741 
4	0.0: 146 202 242 803 
2	0.0: 152 269 287 538 
2	0.0: 160 249 280 717 
4	0.0: 148 90 243 703 
5	0.0: 165 218 206 573 
2	0.0: 153 157 327 771 
2	0.0: 149 172 307 644 
2	0.0: 152 228 305 668 
5	0.0: 159 168 291 375 
4	0.0: 164 189 236 847 
4	0.0: 148 92 229 847 
2	0.0: 159 282 313 614 
2	0.0: 161 240 343 759 
2	0.0: 159 171 273 691 
5	0.0: 159 90 230 568 
4	0.0: 155 1 226 723 
2	0.0: 147 164 265 661 
2	0.0: 152 197 323 883 
4	0.0: 165 8 236 767 
2	0.0: 150 338 261 814 
4	0.0: 158 85 276 726 
5	0.0: 142 79 255 548 
5	0.0: 157 151 203 620 
2	0.0: 164 198 321 859 
2	0.0: 163 102 322 684 
4	0.0: 143 184 236 941 
2	0.0: 151 147 330 800 
4	0.0: 149 234 187 903 
2	0.0: 155 306 327 630 
2	0.0: 160 205 260 702 
2	0.0: 149 279 225 712 
4	0.0: 161 135 250 819 
2	0.0: 146 245 261 631 
2	0.0: 147 296 286 575 
4	0.0: 169 209 211 706 
2	0.0: 159 251 286 807 
5	0.0: 153 100 277 606 
4	0.0: 158 186 182 825 
2	0.0: 167 224 320 702 
4	0.0: 159 67 298 655 
4	0.0: 159 16 284 687 
2	0.0: 166 195 258 629 
2	0.0: 159 258 275 796 
4	0.0: 158 136 222 769 
4	0.0: 151 188 247 786 
5	0.0: 151 149 227 621 
2	0.0: 168 250 293 556 
4	0.0: 160 202 196 664 
4	0.0: 172 214 237 785 
2	0.0: 158 255 348 779 
4	0.0: 159 139 295 886 
4	0.0: 160 115 261 728 
4	0.0: 168 147 258 794 
5	0.0: 159 95 233 579 
5	0.0: 152 149 225 625 
2	0.0: 156 173 285 727 
2	0.0: 166 228 378 631 
4	0.0: 161 194 201 692 
4	0.0: 162 75 293 775 
4	0.0: 157 164 299 788 
4	0.0: 155 71 284 732 
2	0.0: 157 146 297 679 
2	0.0: 142 240 217 745 
4	0.0: 163 228 216 908 
2	0.0: 164 216 277 571 
2	0.0: 160 91 325 623 
5	0.0: 161 20 199 621 
5	0.0: 155 127 204 548 
5	0.0: 137 51 274 528 
5	0.0: 145 175 254 539 
2	0.0: 152 139 316 613 
5	0.0: 161 198 282 553 
2	0.0: 154 264 366 726 
2	0.0: 152 209 308 867 
5	0.0: 156 106 280 623 
2	0.0: 153 289 271 829 
5	0.0: 161 165 264 501 
5	0.0: 150 188 202 662 
2	0.0: 149 209 288 703 
2	0.0: 157 188 296 610 
5	0.0: 156 157 240 615 
5	0.0: 147 85 266 608 
2	0.0: 162 205 259 710 
2	0.0: 155 242 256 744 
2	0.0: 152 268 243 793 
5	0.0: 160 192 202 556 
5	0.0: 165 155 245 606 
5	0.0: 159 277 225 579 
5	0.0: 161 86 292 609 
2	0.0: 168 236 229 657 
2	0.0: 162 182 267 678 
4	0.0: 151 109 266 763 
2	0.0: 153 251 294 714 
2	0.0: 159 251 326 639 
2	0.0: 148 320 311 697 
5	0.0: 164 130 290 561 
2	0.0: 167 241 315 641 
4	0.0: 164 121 310 904 
2	0.0: 159 255 386 690 
4	0.0: 158 56 230 864 
4	0.0: 151 224 182 852 
4	0.0: 155 168 226 739 
5	0.0: 141 210 306 472 
5	0.0: 155 85 347 566 
4	0.0: 151 197 254 791 
2	0.0: 154 229 342 810 
2	0.0: 155 239 312 640 
4	0.0: 154 225 214 865 
4	0.0: 151 127 267 767 
5	0.0: 152 134 193 619 
2	0.0: 148 236 256 582 
4	0.0: 150 165 203 697 
5	0.0: 145 75 258 569 
4	0.0: 165 156 191 687 
2	0.0: 144 232 314 777 
4	0.0: 154 135 232 682 
5	0.0: 152 173 287 572 
4	0.0: 152 154 245 839 
4	0.0: 153 146 204 728 
5	0.0: 155 197 260 595 
4	0.0: 158 248 204 939 
2	0.0: 159 151 374 533 
4	0.0: 151 197 255 770 
2	0.0: 154 314 238 797 
2	0.0: 149 237 207 665 
2	0.0: 143 166 279 744 
5	0.0: 164 224 234 578 
4	0.0: 140 149 277 781 
2	0.0: 155 255 240 769 
2	0.0: 146 213 244 672 
4	0.0: 142 112 259 977 
2	0.0: 156 332 309 910 
4	0.0: 159 26 252 756 
2	0.0: 148 185 305 663 
2	0.0: 158 231 302 785 
5	0.0: 162 100 288 606 
2	0.0: 168 237 279 682 
2	0.0: 147 36 324 640 
5	0.0: 155 65 198 463 
2	0.0: 164 220 248 685 
5	0.0: 149 94 307 579 
4	0.0: 160 123 272 726 
5	0.0: 155 224 250 504 
2	0.0: 156 179 326 645 
4	0.0: 153 131 262 659 
5	0.0: 163 139 230 597 
5	0.0: 161 145 271 593 
2	0.0: 157 348 257 587 
4	0.0: 167 142 245 764 
5	0.0: 156 194 246 620 
5	0.0: 154 232 264 561 
2	0.0: 151 207 254 734 
4	0.0: 152 188 246 906 
4	0.0: 157 68 307 909 
2	0.0: 138 234 295 735 
2	0.0: 153 201 358 697 
5	0.0: 148 107 276 621 
2	0.0: 159 186 363 690 
2	0.0: 145 212 310 694 
4	0.0: 156 180 173 803 
4	0.0: 137 134 281 830 
5	0.0: 153 172 243 627 
2	0.0: 157 255 250 731 
2	0.0: 148 194 293 629 
5	0.0: 134 125 310 570 
4	0.0: 153 242 168 789 
5	0.0: 155 240 219 526 
5	0.0: 156 136 241 616 
4	0.0: 149 181 218 677 
