5	0.0: 475 257 161 195 
5	0.0: 514 236 406 196 
1	0.0: 91 163 361 186 
6	0.0: 606 303 431 193 
5	0.0: 415 303 302 190 
5	0.0: 421 380 390 189 
1	0.0: 400 467 374 186 
6	0.0: 571 218 421 183 
6	0.0: 871 289 578 191 
5	0.0: 536 431 353 181 
6	0.0: 506 273 646 172 
6	0.0: 384 211 588 180 
5	0.0: 402 208 382 182 
6	0.0: 425 329 541 194 
6	0.0: 498 411 495 187 
6	0.0: 643 347 655 189 
6	0.0: 290 231 709 189 
5	0.0: 443 390 190 183 
1	0.0: 302 343 616 192 
6	0.0: 472 278 681 190 
6	0.0: 346 259 1088 189 
6	0.0: 391 383 700 187 
3	0.0: 845 386 859 192 
6	0.0: 371 224 558 199 
5	0.0: 483 276 297 191 
6	0.0: 727 307 609 187 
6	0.0: 580 200 506 186 
6	0.0: 452 318 815 184 
6	0.0: 446 271 647 188 
1	0.0: 275 296 578 189 
6	0.0: 440 208 645 184 
6	0.0: 395 260 436 184 
6	0.0: 424 366 475 181 
5	0.0: 349 411 198 188 
6	0.0: 620 254 609 193 
6	0.0: 649 320 799 191 
6	0.0: 481 307 504 189 
1	0.0: 200 300 632 187 
5	0.0: 231 482 176 186 
6	0.0: 218 118 480 181 
5	0.0: 277 296 187 193 
6	0.0: 531 245 777 184 
6	0.0: 438 453 676 183 
6	0.0: 742 194 435 188 
1	0.0: 397 451 409 188 
6	0.0: 553 295 735 181 
5	0.0: 505 444 98 174 
6	0.0: 695 135 430 180 
1	0.0: 364 427 407 189 
6	0.0: 409 396 813 181 
6	0.0: 443 324 862 188 
5	0.0: 713 101 32 186 
6	0.0: 428 332 777 191 
1	0.0: 248 460 848 189 
5	0.0: 413 279 393 177 
6	0.0: 463 294 488 181 
5	0.0: 516 431 389 185 
6	0.0: 584 391 742 185 
6	0.0: 262 325 766 191 
5	0.0: 511 325 301 184 
6	0.0: 365 306 617 188 
1	0.0: 291 555 386 183 
5	0.0: 645 236 390 185 
5	0.0: 392 306 205 191 
6	0.0: 615 423 519 185 
6	0.0: 481 309 640 190 
6	0.0: 531 274 454 189 
6	0.0: 432 292 513 189 
5	0.0: 526 438 380 192 
6	0.0: 511 226 738 178 
6	0.0: 332 310 780 190 
5	0.0: 505 208 262 193 
5	0.0: 532 342 362 193 
6	0.0: 621 248 723 182 
5	0.0: 382 251 182 189 
6	0.0: 383 291 617 178 
6	0.0: 313 157 665 181 
6	0.0: 500 409 772 178 
1	0.0: 178 434 505 186 
7	0.0: 256 307 1063 185 
6	0.0: 515 328 596 183 
6	0.0: 576 340 979 185 
5	0.0: 562 358 204 185 
6	0.0: 408 191 447 177 
6	0.0: 457 358 490 197 
1	0.0: 415 506 418 185 
5	0.0: 441 254 337 184 
6	0.0: 495 285 564 188 
1	0.0: 143 300 344 182 
5	0.0: 632 162 405 185 
5	0.0: 527 341 353 186 
6	0.0: 603 174 526 186 
5	0.0: 660 261 407 182 
5	0.0: 270 146 282 179 
7	0.0: 242 344 1055 190 
5	0.0: 516 261 349 187 
1	0.0: 242 380 329 185 
6	0.0: 418 339 806 187 
6	0.0: 542 236 505 182 
1	0.0: 191 346 454 183 
6	0.0: 442 391 616 190 
6	0.0: 262 293 648 193 
6	0.0: 591 308 603 183 
5	0.0: 424 314 224 184 
1	0.0: 257 337 455 187 
1	0.0: 111 274 475 183 
5	0.0: 772 388 393 184 
5	0.0: 420 311 377 182 
1	0.0: 236 335 606 184 
1	0.0: 254 370 403 180 
6	0.0: 387 326 441 186 
6	0.0: 337 71 636 185 
6	0.0: 460 280 637 194 
5	0.0: 377 92 178 184 
6	0.0: 509 318 698 182 
1	0.0: 249 222 501 191 
6	0.0: 409 320 512 192 
5	0.0: 311 170 224 184 
1	0.0: 316 458 329 184 
6	0.0: 485 361 649 178 
5	0.0: 651 218 383 179 
6	0.0: 643 299 447 192 
6	0.0: 373 414 816 183 
1	0.0: 241 238 492 182 
6	0.0: 455 258 544 188 
5	0.0: 466 270 315 187 
6	0.0: 566 125 634 185 
6	0.0: 496 406 674 189 
6	0.0: 649 114 664 183 
6	0.0: 464 448 776 190 
6	0.0: 622 352 565 181 
6	0.0: 653 363 622 184 
5	0.0: 385 386 387 188 
5	0.0: 458 332 299 185 
1	0.0: 332 428 477 182 
5	0.0: 388 296 271 192 
6	0.0: 384 318 704 187 
5	0.0: 336 175 169 188 
6	0.0: 506 302 475 186 
6	0.0: 653 318 478 175 
1	0.0: 273 395 462 177 
1	0.0: 286 254 411 187 
6	0.0: 275 248 555 189 
6	0.0: 469 307 538 187 
1	0.0: 205 356 659 193 
1	0.0: 175 241 624 187 
6	0.0: 502 396 604 184 
6	0.0: 465 222 750 187 
6	0.0: 368 307 569 182 
7	0.0: 197 324 1045 189 
5	0.0: 625 379 343 185 
6	0.0: 525 289 620 186 
6	0.0: 574 332 546 192 
6	0.0: 610 344 613 187 
5	0.0: 288 304 356 187 
1	0.0: 214 322 762 185 
1	0.0: 38 209 710 187 
6	0.0: 406 304 687 180 
1	0.0: 125 258 303 191 
6	0.0: 679 453 494 187 
6	0.0: 552 255 543 189 
6	0.0: 401 200 554 182 
1	0.0: 229 490 313 196 
5	0.0: 534 436 358 188 
6	0.0: 298 286 590 184 
6	0.0: 471 311 834 188 
1	0.0: 321 536 346 189 
1	0.0: 153 292 696 180 
6	0.0: 487 359 599 189 
6	0.0: 631 78 466 186 
7	0.0: 220 418 943 186 
6	0.0: 574 125 945 186 
6	0.0: 489 267 459 187 
5	0.0: 443 251 233 187 
1	0.0: 227 267 400 183 
5	0.0: 482 172 166 187 
6	0.0: 482 242 601 190 
6	0.0: 430 125 552 181 
6	0.0: 555 259 496 183 
6	0.0: 631 265 834 188 
6	0.0: 572 355 568 185 
1	0.0: 321 421 646 182 
6	0.0: 493 481 670 189 
6	0.0: 553 354 727 187 
6	0.0: 346 438 742 184 
6	0.0: 553 299 443 180 
6	0.0: 355 378 720 191 
5	0.0: 247 406 290 187 
6	0.0: 658 318 679 197 
6	0.0: 590 316 661 196 
6	0.0: 727 320 795 185 
6	0.0: 262 337 752 188 
6	0.0: 398 254 959 180 
6	0.0: 432 321 746 185 
5	0.0: 700 412 275 190 
1	0.0: 316 386 361 186 
5	0.0: 458 182 314 192 
5	0.0: 533 321 290 183 
6	0.0: 478 373 492 184 
6	0.0: 468 291 507 182 
6	0.0: 258 285 671 183 
1	0.0: 377 400 481 191 
6	0.0: 537 394 542 188 
6	0.0: 319 186 577 181 
5	0.0: 446 383 327 184 
6	0.0: 358 300 526 185 
6	0.0: 631 219 624 188 
6	0.0: 486 305 908 189 
6	0.0: 528 317 756 186 
6	0.0: 607 386 439 189 
1	0.0: 229 388 591 189 
6	0.0: 546 391 709 178 
5	0.0: 434 391 373 176 
5	0.0: 336 322 142 190 
1	0.0: 328 320 432 191 
1	0.0: 393 477 465 193 
1	0.0: 226 332 544 187 
6	0.0: 474 374 710 187 
1	0.0: 285 299 428 190 
5	0.0: 599 276 357 187 
6	0.0: 519 308 477 186 
6	0.0: 453 292 536 183 
6	0.0: 339 155 887 186 
6	0.0: 501 291 737 185 
5	0.0: 494 247 406 183 
5	0.0: 404 292 194 192 
1	0.0: 365 390 394 190 
5	0.0: 281 325 321 186 
5	0.0: 443 449 69 185 
1	0.0: 445 527 559 180 
1	0.0: 419 440 473 187 
6	0.0: 509 465 515 186 
6	0.0: 561 375 635 190 
6	0.0: 373 272 467 187 
6	0.0: 407 302 581 187 
6	0.0: 431 395 533 186 
6	0.0: 407 223 690 189 
6	0.0: 569 361 639 177 
5	0.0: 432 143 342 184 
1	0.0: 220 372 649 185 
6	0.0: 625 477 850 192 
6	0.0: 385 357 919 185 
6	0.0: 465 309 803 190 
6	0.0: 521 200 730 185 
5	0.0: 467 206 410 184 
5	0.0: 507 286 381 181 
6	0.0: 347 170 452 178 
6	0.0: 711 309 987 184 
6	0.0: 496 244 522 187 
5	0.0: 434 255 134 180 
