4	0.0: 428 311 241 973 
4	0.0: 663 292 274 901 
4	0.0: 431 213 240 858 
4	0.0: 484 250 266 858 
4	0.0: 763 299 254 980 
4	0.0: 652 215 334 823 
4	0.0: 582 250 290 924 
4	0.0: 618 395 342 986 
4	0.0: 352 290 353 1044 
4	0.0: 442 263 179 910 
4	0.0: 765 271 246 916 
4	0.0: 383 376 321 1128 
4	0.0: 841 197 114 954 
4	0.0: 535 287 279 880 
4	0.0: 535 226 259 1032 
4	0.0: 406 269 217 895 
4	0.0: 366 188 170 920 
4	0.0: 633 259 318 1014 
4	0.0: 499 252 68 964 
4	0.0: 537 247 26 1014 
4	0.0: 707 302 314 943 
4	0.0: 589 280 384 951 
4	0.0: 674 304 253 940 
4	0.0: 307 151 198 886 
4	0.0: 683 266 195 1074 
4	0.0: 563 211 240 1145 
4	0.0: 560 252 322 1113 
4	0.0: 513 242 396 974 
4	0.0: 744 202 284 1031 
4	0.0: 578 231 431 846 
4	0.0: 315 268 114 975 
4	0.0: 301 298 231 932 
4	0.0: 361 291 363 938 
4	0.0: 847 309 227 935 
4	0.0: 765 225 255 1026 
4	0.0: 487 309 152 881 
2	0.0: 328 334 528 1048 
4	0.0: 735 275 222 860 
4	0.0: 652 246 290 901 
4	0.0: 585 243 400 1015 
4	0.0: 826 290 332 985 
4	0.0: 685 263 161 916 
4	0.0: 398 303 362 945 
4	0.0: 207 195 177 815 
4	0.0: 375 221 181 1060 
4	0.0: 509 225 250 756 
2	0.0: 209 316 295 880 
4	0.0: 449 333 305 920 
4	0.0: 373 292 173 1052 
4	0.0: 253 232 314 1073 
4	0.0: 477 324 184 1123 
4	0.0: 522 279 183 913 
4	0.0: 395 249 235 1073 
4	0.0: 764 342 244 905 
4	0.0: 674 294 375 836 
4	0.0: 731 201 449 1000 
4	0.0: 610 174 353 929 
4	0.0: 697 243 165 1006 
4	0.0: 430 332 290 923 
4	0.0: 612 192 227 1001 
4	0.0: 669 352 304 932 
4	0.0: 417 297 150 945 
2	0.0: 319 276 463 959 
4	0.0: 399 180 194 1032 
4	0.0: 410 251 126 996 
4	0.0: 600 272 300 1033 
4	0.0: 482 331 267 955 
4	0.0: 572 269 154 910 
4	0.0: 505 308 290 918 
4	0.0: 448 196 279 961 
4	0.0: 552 323 285 928 
4	0.0: 696 267 249 951 
4	0.0: 594 295 291 1031 
4	0.0: 509 323 70 934 
4	0.0: 514 279 77 910 
4	0.0: 462 220 86 981 
4	0.0: 378 260 322 1059 
4	0.0: 630 237 337 851 
4	0.0: 506 230 233 899 
4	0.0: 644 220 205 993 
4	0.0: 304 220 208 1099 
4	0.0: 716 179 353 1014 
4	0.0: 784 363 351 1069 
4	0.0: 589 194 258 850 
4	0.0: 372 251 280 757 
4	0.0: 712 406 334 951 
2	0.0: 296 353 490 902 
4	0.0: 445 332 228 829 
4	0.0: 394 274 422 821 
4	0.0: 700 281 238 1004 
4	0.0: 432 243 243 905 
4	0.0: 538 309 114 1158 
4	0.0: 759 223 421 1038 
4	0.0: 537 266 365 984 
4	0.0: 688 238 419 1032 
4	0.0: 694 308 242 958 
4	0.0: 512 318 205 1070 
4	0.0: 274 255 239 1078 
4	0.0: 812 225 240 937 
4	0.0: 330 199 189 803 
4	0.0: 685 277 114 811 
4	0.0: 428 316 229 1040 
4	0.0: 439 313 265 935 
4	0.0: 631 287 202 1009 
4	0.0: 630 358 247 969 
4	0.0: 713 225 82 913 
4	0.0: 333 261 403 913 
4	0.0: 570 259 221 971 
4	0.0: 456 315 379 869 
4	0.0: 589 287 426 739 
4	0.0: 409 278 237 1083 
4	0.0: 287 224 163 946 
4	0.0: 609 251 290 1048 
4	0.0: 592 265 243 808 
4	0.0: 814 289 290 847 
4	0.0: 829 294 381 1113 
4	0.0: 504 239 243 1023 
4	0.0: 491 223 204 910 
4	0.0: 428 193 283 892 
4	0.0: 612 268 157 831 
4	0.0: 771 246 113 897 
4	0.0: 597 274 187 995 
4	0.0: 498 258 293 1010 
4	0.0: 721 270 351 944 
4	0.0: 599 258 363 818 
4	0.0: 710 330 422 793 
4	0.0: 392 342 311 838 
4	0.0: 455 274 264 941 
4	0.0: 506 271 208 959 
4	0.0: 824 303 155 1071 
4	0.0: 687 250 215 1010 
4	0.0: 321 327 310 816 
4	0.0: 639 223 269 921 
4	0.0: 204 271 207 958 
4	0.0: 508 188 386 997 
4	0.0: 1074 296 178 997 
4	0.0: 490 251 390 1095 
4	0.0: 812 239 270 1032 
4	0.0: 585 197 271 1005 
4	0.0: 906 260 435 1001 
4	0.0: 293 236 221 931 
4	0.0: 515 344 404 994 
4	0.0: 506 295 396 943 
4	0.0: 275 186 384 1029 
2	0.0: 147 220 366 909 
4	0.0: 496 241 141 999 
4	0.0: 473 314 316 990 
4	0.0: 650 330 346 980 
4	0.0: 329 243 308 998 
4	0.0: 419 260 352 796 
4	0.0: 384 274 208 950 
4	0.0: 458 321 283 863 
4	0.0: 360 221 181 1082 
4	0.0: 504 262 204 884 
4	0.0: 775 282 383 852 
4	0.0: 760 354 95 975 
4	0.0: 806 318 364 889 
4	0.0: 410 286 380 886 
4	0.0: 744 254 222 824 
4	0.0: 548 268 417 1202 
4	0.0: 469 238 300 1036 
4	0.0: 348 288 140 970 
4	0.0: 887 215 404 1040 
4	0.0: 699 338 376 1046 
4	0.0: 818 229 260 1003 
4	0.0: 329 223 172 947 
4	0.0: 548 231 187 1003 
4	0.0: 577 213 328 875 
4	0.0: 474 282 442 1066 
4	0.0: 627 341 298 886 
4	0.0: 751 308 311 932 
4	0.0: 529 131 320 966 
4	0.0: 376 267 356 1037 
4	0.0: 656 290 249 882 
4	0.0: 323 233 304 1073 
4	0.0: 795 306 181 889 
4	0.0: 573 305 285 1009 
4	0.0: 665 219 230 1048 
4	0.0: 617 332 265 838 
4	0.0: 802 353 152 1080 
4	0.0: 360 352 250 914 
4	0.0: 553 339 315 948 
4	0.0: 527 345 316 1028 
4	0.0: 705 170 248 1000 
4	0.0: 703 155 195 902 
4	0.0: 673 306 292 849 
4	0.0: 709 232 74 876 
4	0.0: 794 254 388 1053 
4	0.0: 524 338 211 951 
4	0.0: 529 224 117 951 
4	0.0: 221 326 337 1037 
4	0.0: 669 133 220 1098 
4	0.0: 549 257 386 1069 
4	0.0: 435 278 306 923 
4	0.0: 483 214 315 998 
4	0.0: 758 217 280 925 
4	0.0: 649 319 178 881 
4	0.0: 638 342 223 922 
4	0.0: 661 273 194 1078 
4	0.0: 522 210 261 945 
4	0.0: 727 251 310 1004 
4	0.0: 509 269 357 830 
4	0.0: 773 384 414 986 
4	0.0: 488 308 307 900 
4	0.0: 591 408 413 1105 
4	0.0: 450 276 224 865 
4	0.0: 452 210 324 895 
4	0.0: 699 243 210 992 
4	0.0: 428 328 247 904 
4	0.0: 734 230 287 1034 
4	0.0: 397 292 440 986 
4	0.0: 693 272 360 990 
4	0.0: 672 254 301 953 
4	0.0: 466 274 302 964 
4	0.0: 460 235 193 1040 
4	0.0: 515 162 147 994 
4	0.0: 257 277 204 987 
4	0.0: 461 276 307 857 
4	0.0: 525 328 261 1084 
4	0.0: 727 254 182 725 
4	0.0: 550 370 250 1086 
4	0.0: 409 275 294 902 
4	0.0: 486 216 401 1026 
4	0.0: 338 257 154 949 
4	0.0: 450 252 451 961 
4	0.0: 853 197 168 918 
4	0.0: 382 249 163 1122 
4	0.0: 752 287 185 927 
4	0.0: 703 252 476 896 
4	0.0: 793 304 319 775 
4	0.0: 434 342 373 945 
4	0.0: 610 250 489 1023 
4	0.0: 530 204 362 992 
4	0.0: 356 395 304 995 
4	0.0: 430 234 215 794 
4	0.0: 204 178 186 980 
4	0.0: 526 236 293 952 
4	0.0: 308 188 342 848 
4	0.0: 430 393 80 810 
4	0.0: 896 311 295 886 
4	0.0: 539 299 183 949 
4	0.0: 553 300 140 998 
4	0.0: 806 308 329 1055 
4	0.0: 405 337 452 1051 
4	0.0: 517 301 226 739 
4	0.0: 513 310 194 902 
4	0.0: 616 279 296 933 
4	0.0: 574 300 257 999 
4	0.0: 529 254 448 1020 
4	0.0: 552 296 152 1021 
