0	0.0: 745 1112 892 489 
0	0.0: 763 1026 870 499 
0	0.0: 688 1119 853 510 
0	0.0: 784 1140 823 487 
0	0.0: 869 895 873 486 
0	0.0: 536 1001 883 323 
0	0.0: 763 876 867 553 
3	0.0: 824 689 915 497 
0	0.0: 729 992 872 504 
3	0.0: 674 680 900 496 
0	0.0: 695 1142 896 408 
0	0.0: 760 992 908 438 
0	0.0: 804 992 855 476 
0	0.0: 820 1009 928 434 
3	0.0: 709 818 893 345 
0	0.0: 784 925 885 397 
3	0.0: 719 871 881 351 
0	0.0: 629 974 859 484 
3	0.0: 760 662 832 507 
0	0.0: 786 910 863 360 
3	0.0: 698 705 893 533 
3	0.0: 700 639 825 336 
0	0.0: 639 900 839 509 
3	0.0: 800 652 905 385 
0	0.0: 518 887 839 277 
0	0.0: 757 838 927 469 
0	0.0: 738 1229 815 530 
0	0.0: 691 1295 964 465 
0	0.0: 675 747 853 606 
0	0.0: 747 942 832 354 
0	0.0: 754 1006 849 569 
0	0.0: 772 970 871 429 
3	0.0: 649 814 902 397 
0	0.0: 793 853 850 454 
3	0.0: 687 520 853 394 
0	0.0: 778 1200 929 600 
0	0.0: 487 821 887 573 
0	0.0: 770 1041 830 554 
0	0.0: 675 1198 893 276 
0	0.0: 723 1079 907 429 
0	0.0: 804 779 852 607 
3	0.0: 739 750 969 467 
0	0.0: 763 1194 818 554 
0	0.0: 717 992 895 584 
0	0.0: 587 1189 892 659 
0	0.0: 655 996 944 387 
0	0.0: 637 1112 825 472 
0	0.0: 714 945 872 590 
0	0.0: 635 1079 845 268 
0	0.0: 756 1016 877 477 
0	0.0: 637 915 894 476 
0	0.0: 645 988 803 571 
0	0.0: 872 1133 911 471 
0	0.0: 628 1097 871 602 
3	0.0: 666 788 869 229 
0	0.0: 777 844 797 448 
0	0.0: 545 1040 775 517 
0	0.0: 618 881 930 548 
0	0.0: 678 930 906 484 
0	0.0: 675 708 808 610 
0	0.0: 764 924 897 401 
0	0.0: 761 812 942 514 
0	0.0: 677 1168 938 523 
0	0.0: 803 985 875 493 
0	0.0: 727 964 931 480 
0	0.0: 755 965 890 455 
3	0.0: 723 816 853 410 
3	0.0: 711 739 932 518 
0	0.0: 698 1070 791 460 
0	0.0: 573 1298 820 492 
0	0.0: 680 896 871 739 
3	0.0: 715 847 795 357 
0	0.0: 789 1048 850 424 
3	0.0: 723 728 806 373 
0	0.0: 699 1052 882 384 
3	0.0: 679 766 877 302 
0	0.0: 731 1069 918 483 
0	0.0: 766 863 923 540 
3	0.0: 740 718 848 466 
0	0.0: 811 895 831 462 
3	0.0: 870 747 858 371 
0	0.0: 725 1080 897 597 
0	0.0: 848 953 876 415 
0	0.0: 834 936 827 596 
3	0.0: 698 743 848 535 
0	0.0: 536 937 846 543 
0	0.0: 733 912 838 454 
0	0.0: 817 880 852 493 
0	0.0: 618 1143 880 594 
3	0.0: 713 791 860 422 
0	0.0: 685 970 928 536 
0	0.0: 560 871 886 529 
0	0.0: 670 866 878 639 
0	0.0: 758 973 822 451 
0	0.0: 719 971 790 364 
0	0.0: 846 904 871 470 
0	0.0: 639 965 877 487 
3	0.0: 768 859 914 291 
0	0.0: 734 929 898 420 
3	0.0: 726 675 903 483 
0	0.0: 651 1174 842 443 
0	0.0: 656 1093 825 493 
0	0.0: 700 993 870 459 
3	0.0: 762 641 919 436 
0	0.0: 762 1132 881 398 
0	0.0: 641 928 914 325 
0	0.0: 615 898 861 509 
3	0.0: 742 762 828 436 
3	0.0: 572 523 917 453 
0	0.0: 729 920 895 550 
0	0.0: 756 1017 831 537 
0	0.0: 798 980 870 357 
0	0.0: 728 1011 894 455 
0	0.0: 747 1051 865 411 
3	0.0: 696 730 791 445 
0	0.0: 651 1030 862 278 
0	0.0: 689 811 813 438 
0	0.0: 763 857 866 434 
0	0.0: 639 1073 853 653 
3	0.0: 695 724 925 433 
0	0.0: 731 994 824 460 
3	0.0: 751 801 822 452 
0	0.0: 648 870 901 432 
3	0.0: 684 734 841 275 
0	0.0: 767 928 887 485 
0	0.0: 862 1002 847 485 
0	0.0: 761 1004 899 517 
3	0.0: 768 869 860 386 
0	0.0: 763 1121 933 725 
0	0.0: 733 1059 856 317 
0	0.0: 606 825 893 414 
3	0.0: 741 784 865 412 
0	0.0: 672 1044 799 417 
0	0.0: 619 889 847 544 
3	0.0: 749 777 864 482 
0	0.0: 764 874 915 478 
0	0.0: 814 932 935 682 
0	0.0: 621 1087 802 529 
0	0.0: 600 1166 891 501 
3	0.0: 790 738 930 509 
0	0.0: 749 1142 865 541 
3	0.0: 753 711 950 431 
0	0.0: 752 1226 862 520 
0	0.0: 723 758 812 542 
0	0.0: 723 727 858 579 
0	0.0: 669 922 938 401 
0	0.0: 796 1224 849 376 
0	0.0: 734 974 929 578 
0	0.0: 717 979 818 596 
0	0.0: 672 967 860 547 
0	0.0: 729 993 919 466 
0	0.0: 645 965 896 449 
0	0.0: 856 1279 880 172 
3	0.0: 769 719 839 415 
0	0.0: 703 945 877 408 
3	0.0: 857 899 898 362 
3	0.0: 705 750 825 372 
3	0.0: 692 783 858 428 
0	0.0: 700 1071 957 432 
0	0.0: 849 1241 834 624 
0	0.0: 654 981 924 641 
0	0.0: 710 1039 790 466 
0	0.0: 782 863 832 431 
0	0.0: 745 831 834 529 
0	0.0: 674 1012 876 288 
0	0.0: 539 1043 845 596 
3	0.0: 811 829 843 350 
0	0.0: 818 1071 856 327 
0	0.0: 701 824 853 467 
3	0.0: 778 819 874 364 
3	0.0: 668 615 874 292 
0	0.0: 707 890 921 457 
0	0.0: 649 1035 876 421 
3	0.0: 736 786 832 491 
0	0.0: 767 1253 818 424 
0	0.0: 566 755 779 526 
0	0.0: 707 904 835 332 
0	0.0: 759 1077 841 442 
0	0.0: 800 880 849 518 
0	0.0: 833 938 927 454 
0	0.0: 756 960 934 452 
0	0.0: 697 878 844 535 
0	0.0: 611 952 862 374 
3	0.0: 753 781 842 313 
0	0.0: 752 938 893 332 
0	0.0: 733 1060 836 582 
0	0.0: 808 1033 835 376 
3	0.0: 742 828 862 438 
0	0.0: 764 818 887 635 
3	0.0: 813 729 831 535 
0	0.0: 673 998 868 361 
0	0.0: 750 896 841 392 
3	0.0: 710 690 887 357 
0	0.0: 743 912 995 443 
0	0.0: 774 977 850 602 
3	0.0: 663 783 874 437 
0	0.0: 736 999 908 420 
3	0.0: 789 838 878 395 
3	0.0: 665 813 892 432 
0	0.0: 679 1132 930 433 
0	0.0: 604 989 889 296 
0	0.0: 670 763 856 522 
0	0.0: 660 1010 875 612 
3	0.0: 794 792 939 492 
0	0.0: 692 883 907 521 
0	0.0: 729 879 909 513 
0	0.0: 668 907 898 417 
3	0.0: 891 716 874 494 
0	0.0: 698 1064 844 508 
3	0.0: 739 905 863 254 
0	0.0: 760 1054 824 472 
0	0.0: 718 1025 834 483 
0	0.0: 687 908 876 561 
0	0.0: 767 933 972 577 
3	0.0: 717 905 843 302 
3	0.0: 745 688 823 360 
0	0.0: 691 963 803 528 
0	0.0: 665 1082 851 494 
3	0.0: 599 721 899 497 
0	0.0: 640 954 867 547 
0	0.0: 635 885 875 495 
0	0.0: 631 1164 895 538 
0	0.0: 695 989 851 468 
0	0.0: 671 826 876 468 
0	0.0: 717 944 849 386 
0	0.0: 630 777 813 497 
0	0.0: 786 1079 893 464 
3	0.0: 604 713 864 536 
0	0.0: 644 930 880 326 
3	0.0: 736 809 885 385 
0	0.0: 808 1107 859 673 
0	0.0: 705 1105 848 337 
0	0.0: 732 1051 911 554 
0	0.0: 650 1081 814 246 
0	0.0: 709 921 925 590 
0	0.0: 775 1103 925 407 
0	0.0: 882 1353 881 452 
0	0.0: 700 970 877 435 
0	0.0: 544 819 901 614 
0	0.0: 752 1055 862 359 
0	0.0: 709 1034 917 493 
0	0.0: 639 953 870 503 
0	0.0: 756 865 876 429 
0	0.0: 703 965 908 430 
0	0.0: 855 1078 914 382 
3	0.0: 643 849 788 231 
0	0.0: 733 1199 906 519 
0	0.0: 728 1335 830 473 
0	0.0: 665 1170 879 507 
0	0.0: 750 1037 871 605 
