6393
3250
3114
5524
4770
6587
3980
7687
4929
5049
5296
4818
7985
2989
4006
7133
7994
4108
3012
4395
4891
5898
7708
6694
5998
7937
5086
7491
6955
7842
7092
6209
7041
7627
4765
7557
3586
7804
6285
4520
3087
4235
5130
7304
4233
6619
6916
5300
5779
3612
4887
2896
6737
4488
6482
6302
5897
4536
7789
7832
7162
6942
7670
6928
5964
6038
5196
3981
7759
7303
4294
4816
5508
4261
3340
4291
3719
7209
5604
6009
7746
4466
7703
3396
7607
7087
4511
3048
5498
7682
5880
6361
2959
7501
6946
5091
7521
4316
3109
3983
4871
4153
7554
7701
6598
5637
7979
6733
7013
7875
6612
6211
3848
6868
5479
3493
4947
4100
5857
4037
7955
3731
7203
7039
6968
5929
4779
7843
4839
3022
4009
5434
3972
4967
3042
4704
4575
5429
3221
3659
7757
5724
5157
7100
5284
4242
7516
6624
5310
7344
6969
4406
6528
7312
3003
5365
7457
7760
4812
3908
7819
3997
3890
4847
5879
3847
4363
4232
7893
5688
4234
3517
5862
5425
4286
5899
4726
6349
6293
7839
6461
7188
3923
7987
4995
5777
4632
6683
7357
6695
6936
7017
7004
5413
7715
7722
6389
7336
6741
4638
5222
2993
3772
3292
6050
4058
3925
5259
5224
3789
7410
6993
3684
5198
4194
3985
3515
5458
3296
6864
6114
6166
3689
2693
4211
7329
5541
4566
5039
4236
4199
7221
2960
2916
7637
5052
5048
7386
6143
7186
6452
7622
4749
4015
5896
4568
4552
4139
6297
7917
2946
6018
4138
4070
7131
4957
7568
3202
3367
4819
3014
5657
4008
2974
3600
7446
3322
2990
5096
5181
6608
3145
4103
7656
7777
5278
5376
6769
2924
6915
7420
3382
3793
3917
7585
5433
2965
7524
4227
5040
6403
4030
7459
7787
7999
3914
7194
5944
5979
6667
5162
5913
3088
6521
6790
4485
6944
7362
5099
7666
7845
3258
4918
7614
6480
3430
5625
7683
7920
3978
4035
4308
4972
7161
3178
3508
3932
3641
4024
4696
3774
3592
5658
7594
7677
7829
5237
5821
5312
6550
4544
6900
2962
4324
6773
4040
6565
5476
6083
5677
5728
6041
5751
7710
6132
6658
3060
4663
5583
6515
5748
6432
4434
7691
7711
5487
5539
6967
6061
5139
6843
7207
2899
7397
3017
4729
7369
3699
5200
5233
6653
5555
3966
3543
6987
3463
6420
7534
5341
5972
3474
6723
2952
4973
3794
7951
7296
7912
7596
7536
3727
6931
2893
7541
4248
6295
5646
4545
4877
7107
7294
2987
4593
5607
7184
3466
4137
6611
4482
3492
6260
2938
6924
6799
4126
7729
7868
3776
7932
6986
7977
3650
7103
4644
5628
6862
6489
5195
6965
3988
7297
4193
5519
3125
3886
7237
3016
3272
2957
7508
6137
5725
5993
4793
6199
3617
7082
6182
6334
4721
3227
4961
5629
6525
3467
4296
6360
7394
4496
6072
5081
5175
4084
6680
7882
5392
6003
7308
7337
4789
4735
5308
6895
6669
4941
5594
6735
7474
3154
7076
6123
6690
6676
7338
5569
3026
3355
4979
7478
5650
5855
4078
5655
4221
5075
7447
3181
5994
5735
4556
5833
4304
5424
5844
3155
7049
3210
7651
6957
7016
4087
7958
4679
4454
5794
5518
3496
5863
4915
6179
4673
7702
5095
3047
5871
4256
6386
7422
5764
6886
5767
7960
4012
4692
6590
7089
6851
7245
4860
7404
5942
6782
4572
7402
4453
4984
4000
6809
6494
7894
5956
7840
5926
6533
6205
3598
6701
6317
2955
6910
3851
4039
6529
5543
4490
6269
3657
4504
5924
6870
4460
6854
6054
3242
5332
6465
7645
6811
2976
5546
3506
6562
5731
3842
6367
4213
6780
5047
3555
6070
7471
4869
6614
5154
3924
4326
4303
7466
5864
4258
6555
3436
5564
7147
3182
3421
5560
7265
5719
3652
6643
6309
4351
7388
5263
3053
5389
4089
3004
6059
3478
5893
6884
3230
3820
4886
7361
5451
7828
3589
5616
7906
2979
7495
6158
4450
3511
4741
4349
5647
4152
5573
3122
5497
6517
3444
3940
5066
3845
6582
6407
3939
3953
4033
6492
6940
7159
7513
6999
6202
4272
3964
6049
5971
6903
4926
3634
7808
6264
4924
4241
3655
5265
7976
4239
7762
6153
6736
5122
7580
5707
7758
6599
3156
4913
3130
4427
4618
4313
5791
3667
3149
6791
2928
5041
3118
5875
7048
5584
7812
7593
3809
6642
6289
3187
5226
7553
5853
5256
4656
7543
3519
5019
5187
4267
4289
7030
5697
3561
7849
6794
2943
6321
4705
4021
6436
3437
7345
7943
4385
2977
5553
5396
7171
4639
6373
3176
5895
6591
4254
7854
4703
7055
4203
7183
6689
7886
6704
4971
6792
6603
3692
5609
5337
6427
7617
7619
6930
7441
7042
6473
4440
2754
4757
7469
4222
7155
3318
2942
7314
5737
2982
3852
7731
4865
6113
7924
3093
6570
6279
4067
4676
2873
7431
3390
6752
3337
3311
3333
5598
3234
6891
3241
7883
4091
5571
2886
7208
5522
7650
6333
4963
5620
6675
3897
5572
5504
6032
6365
4805
7302
7334
4457
6487
5796
6919
3151
6416
7690
7876
3989
7246
5401
6907
3194
4529
4400
6394
6283
5600
7544
6012
4773
4428
6796
4029
4664
4813
7033
7949
5736
4175
5353
5025
7250
6509
6601
6410
3044
4436
6271
5306
3696
7769
5967
5013
6315
3838
3875
6379
7648
5525
7012
7998
4305
3670
3611
4905
5768
4534
4312
6485
4822
3623
7187
7298
4054
3837
3998
3626
3032
6204
6242
6840
6354
6475
5502
3449
3571
6998
4057
3743
3056
3450
6280
5714
5042
5676
3417
7464
7688
6860
6443
6925
6118
5885
5548
3823
6691
6176
4806
4166
3286
3383
6813
4128
4690
7591
6103
5761
2966
6274
7137
7078
2265
4910
5115
6100
4379
6803
7810
7487
5627
6726
6568
7735
3740
4317
7075
3108
4986
4725
6224
5248
5534
7243
2885
5360
3128
1609
6546
4150
4557
5986
7286
3310
7905
4474
7316
5229
6129
4826
5892
5960
3344
6635
7750
4633
5839
7229
3973
6045
3098
4461
3676
6743
4994
6983
7062
7719
5982
6055
5789
7305
7185
5775
7272
4148
3198
7177
6872
5644
5596
4216
6467
4287
7424
3290
5603
5955
3443
6369
5672
6885
3260
6108
4798
7767
6663
7160
5769
7247
6713
5635
5834
6734
5427
5754
7067
6275
5452
3368
6512
6378
5097
3371
6282
3432
4277
4733
4369
2941
4821
4113
3069
4433
5475
7548
6131
3661
3928
3786
5890
4479
4538
3795
5368
7101
5211
4850
6426
7299
5326
6080
4184
6539
4615
3792
4784
6815
6821
4767
5966
7970
7174
6997
3946
7529
4346
3113
6751
4145
7290
3264
6402
3660
4935
7522
5738
5136
6073
3577
5480
7443
5858
3686
4771
7144
6117
6592
5733
2967
3948
4114
3418
4056
3502
3139
2996
4052
6253
4196
5912
5649
7058
6146
2983
7399
4845
3468
4897
5405
5795
6368
7971
3892
7600
7320
4880
4776
5953
5904
7576
3347
5741
3822
5055
5267
3698
4958
4343
6655
5952
4407
6249
6231
4641
4331
4896
6772
5227
6542
5566
5911
2991
5860
4814
3438
3062
5189
3865
4658
5920
5874
6707
3876
7546
3595
7652
6314
6975
3818
4195
6466
4432
4494
7088
3977
3949
4389
5937
4348
3379
5643
5928
5074
7435
3947
7197
6328
6501
5345
4180
3921
4731
7780
3072
3339
5442
5679
6069
3622
4669
7483
6245
7929
7321
7095
6911
6747
7589
4844
5705
6444
7110
3307
5299
5692
5456
4353
7865
7982
7726
6727
4906
7204
5826
7444
3027
7310
3618
6319
6136
5213
4990
7043
7448
6548
7018
3746
7375
4500
7654
6905
3896
5581
2975
7153
5214
7799
6805
4183
7745
3514
6079
3271
3976
6609
5568
3937
5999
3415
4620
5744
3239
5493
3742
4878
6387
6507
4422
3651
4147
4537
3739
7240
6830
5291
4902
3219
3951
4744
4857
6617
6939
5351
5307
4462
4842
5750
3116
5659
5305
4884
4766
3336
4576
6434
3721
3441
3759
4178
4115
3576
4751
3713
6381
6449
6720
5038
6767
3491
4532
7476
5760
5407
6190
6340
5090
5554
7374
4738
6284
6962
5933
5832
5776
7605
6456
4914
5275
7065
7925
3926
5431
4127
7173
3375
6203
6973
4168
3902
4685
5509
4372
5184
7451
3399
4559
7288
4124
5908
3175
4782
6225
6484
7518
7482
3802
4846
6559
3338
6797
7141
3485
7991
3542
3035
6029
4515
4173
3350
7258
3866
3834
5169
5168
7861
6338
5159
4610
4284
3887
6783
7551
4285
5207
3150
6200
3189
6748
3448
4655
4547
4616
4501
4038
7380
3266
4626
3046
4908
4338
4951
4144
3170
5143
3900
4018
5251
5008
7581
4068
5825
6579
6547
6134
2958
3958
7387
6890
3162
4930
6808
5906
4347
3305
2900
3629
6300
4680
5108
6005
6496
6428
3038
7285
4505
4627
5613
5494
4518
4368
6250
5356
4637
7433
5046
5367
5453
7097
6384
4151
7870
5354
6503
7833
6874
5873
3232
6261
4210
6222
1714
2898
7279
7790
3996
3470
6766
7963
4358
7405
6970
3365
4217
3074
4072
3222
5409
4987
5651
5529
6777
4378
2913
3356
5215
5981
4079
4876
7132
4447
6882
3346
7644
5503
7373
5361
3912
4955
7672
6852
4171
7519
7830
5399
6084
6677
7852
6982
3512
4993
7921
5726
6804
6586
3775
4111
5984
4498
6413
7057
5774
3121
7712
7202
7919
6832
4279
4004
6745
5759
2971
7025
2911
3807
6834
7009
7157
5262
3335
5927
5333
5158
4503
5311
7632
5666
3853
5264
6371
3603
3944
7000
3147
3423
6207
5477
4483
3209
5656
6013
7142
7449
4588
5322
5338
7823
3129
6347
6685
4366
7063
7261
5661
5680
4044
4096
3631
5946
7363
3459
7807
4093
7625
5068
5186
1666
4382
3833
4071
6301
5054
7398
6468
3850
5281
3104
7511
3037
4478
3406
7782
5675
7660
5239
7368
6101
4059
3967
3385
4827
3771
5959
7163
7878
6756
6405
3933
2981
3773
5579
6901
3059
7749
3901
3214
4156
4252
4384
6511
5386
7411
5552
4300
6921
7154
3839
5253
4716
7686
4452
5327
4999
4938
5798
4921
5416
7775
7538
7346
4653
4335
3824
5807
6439
3429
5342
4185
4229
3869
6263
4149
7990
3788
4386
7234
3068
7655
4314
7282
7364
7560
6596
5149
6538
5301
7773
3628
7432
2912
7738
6513
5595
2927
3077
4739
4231
6001
5700
3427
7421
4192
3123
7634
3041
5684
7497
3827
3089
6057
6764
3471
5708
5975
4130
3666
3265
3702
6415
4477
5444
2992
7765
3918
7681
5077
4571
4274
5212
7148
7430
5948
4569
5191
6972
7260
3717
6382
4069
4140
4743
6216
4480
4041
3903
6954
3993
7784
7523
3254
3633
4119
2926
3752
7705
3426
6500
5377
6829
7838
3681
3171
5970
5335
3849
3280
3572
3298
3694
7755
6130
7791
7481
4621
7211
2936
6376
6380
7896
3312
5098
4131
3134
4962
4936
6429
3763
4318
3701
3414
3111
7700
5280
3392
4129
4527
5866
3374
2905
4623
7907
6094
7051
4870
4795
4642
7744
7646
3909
3959
5962
5799
4681
6155
5489
3248
5331
4112
7853
6397
5589
7817
5245
5593
3630
6226
5443
4803
5829
7995
2908
3528
7952
3009
6140
4188
4522
5135
5533
3632
6294
7371
5856
6081
2034
7164
4404
4706
6730
3591
5915
4694
7149
7616
3550
6286
3157
7923
6342
7015
6355
3043
6875
6165
7226
5303
6918
7736
5559
5043
4110
7525
5314
3294
6437
4975
6926
5408
6307
6088
2897
3097
3455
3708
3922
4083
5923
5919
6818
3672
4177
3585
5639
7488
6213
5403
5755
7657
5770
4521
7822
7396
6887
6042
3766
6573
2906
6095
6313
1981
5406
3720
5462
3783
2945
5388
3597
5686
4244
3615
4253
3539
5889
5235
5633
3891
6127
3204
7253
3479
3362
6672
4672
3031
5123
3229
7778
5947
5828
6510
6230
7104
5817
7224
6718
7254
6112
6541
6486
5014
2480
4506
7628
5089
3546
3224
4724
3500
6457
5260
7766
3826
5722
5140
3384
7989
5617
6020
5441
4473
7601
3393
4134
4723
6441
3378
5500
5203
4463
6731
3057
6074
5716
4969
7365
3882
6327
5507
4179
7936
7266
3405
7724
3621
7047
5119
5063
7292
4142
4933
5678
3361
7126
6671
3642
3079
4671
4417
7216
6883
6979
4299
7029
7315
7390
7847
4523
6880
4442
3302
6857
7733
3537
3723
7608
5208
5850
5486
2998
6372
3566
5481
6716
7228
5404
3334
3058
7935
3141
5883
3604
3081
7318
4197
3962
3303
5094
6679
4245
3846
4797
5302
4247
4064
4028
6071
3005
3831
5178
7800
4275
4838
5373
6163
7278
5420
4817
3086
7409
7857
7324
3707
4856
2887
5772
6251
3424
1606
4502
3843
5105
1839
3710
3363
6233
5216
7293
5371
7939
4728
5044
3495
7892
3152
6746
3904
7050
7514
6363
6104
5435
4772
3889
3161
6196
7193
7192
5990
5549
6142
4063
3317
4670
5349
3001
6823
3704
5743
4225
4090
4073
6167
7850
3353
5667
6175
4659
5383
5438
6034
4238
2972
3236
6659
2895
2978
5070
7502
5872
2939
5877
6626
6004
7826
7816
4909
4752
3364
6306
5715
3965
3293
4470
5080
5069
6495
5015
7218
4050
7587
5118
6064
7515
4116
2069
7552
7490
7831
5003
3460
3008
6296
7138
4800
3028
6820
6786
7090
7367
6086
7771
7415
4944
5357
5249
5681
6014
6604
5809
4927
3956
4898
4687
7191
3516
4209
1507
2521
5060
5202
6206
4628
6406
6138
7934
6923
6002
3100
4607
4249
4330
7707
5515
6472
4200
6871
4563
2858
4762
3342
7091
4710
5330
6502
3330
3992
4399
3071
3196
5557
3975
4413
7257
4080
3304
5940
4410
6530
4102
6682
7633
7461
6332
6877
6448
7438
5653
7307
4792
5888
3323
3064
7640
5626
3677
4051
3558
3829
3084
3872
3614
5611
4866
6180
6893
3431
7909
4455
7555
3675
2970
7445
3205
4472
4619
7931
3319
7401
7563
4514
4943
3960
7120
6194
3857
3136
7168
7355
4851
7964
7996
4342
6488
3562
4409
3913
6724
3105
6212
4204
4991
7436
4182
3986
2890
6873
7689
6634
6913
3548
4476
6516
3588
4101
4612
6721
7890
7281
3107
5366
5194
4309
5250
4707
5765
3643
6732
6343
3482
2071
6974
6400
1647
3203
4539
6686
7967
7136
3132
7573
5362
7038
6090
7134
4714
6418
7199
7643
5630
5272
4558
6896
5121
5753
6806
6481
5590
6706
4543
5787
5410
7578
5298
4499
7825
3952
4495
5592
7152
5228
5536
5273
5328
3579
6906
3884
5470
4756
4777
4598
4561
1735
7805
5468
7391
7383
7613
4602
6370
5471
3810
6479
6719
4970
5654
2917
4794
4415
7419
2824
5576
4165
5073
6305
3345
2889
4403
6700
6316
5035
5261
4357
6247
7499
4596
4695
4854
5459
7860
2933
7942
3425
6934
4423
4861
3096
5103
7676
3726
7061
4383
4121
6927
3380
7453
5954
6594
6258
4391
3006
6438
5101
4042
7263
3216
6839
6345
3800
7372
6826
3881
6632
6576
3873
5309
3808
6044
4965
7467
6121
7124
3955
7575
6789
3760
5538
6554
7389
7888
6178
4650
7739
6801
5400
7145
4533
5587
4026
5020
5419
1656
4458
7900
6154
4435
5289
3963
4356
5313
3464
5721
7070
4829
3168
6849
2163
2907
7718
3935
6898
5439
5072
3942
4074
7824
3893
4402
6575
5849
7720
7178
4066
3733
5138
3397
5531
4340
3757
5148
4257
5402
3324
6197
5640
5530
4098
3473
5384
5062
4937
3582
3877
6115
6845
4948
4608
6356
7115
3982
4587
6949
5687
3769
6670
4882
5851
4345
3541
5018
6602
6788
6665
3718
6047
7698
6164
3870
5466
5835
4278
3477
5514
4774
7086
1553
5011
5093
4614
7330
4708
4419
7986
7913
2969
4940
7150
7926
7200
4809
6350
3238
7836
6661
4276
7540
3861
6606
6725
4412
5642
6837
3497
3920
4734
7205
4297
4775
7414
3313
5325
6855
4007
5742
5246
3559
3206
3971
4325
6214
5757
5126
2894
7001
4981
7026
5387
4646
5160
7663
7988
7503
6798
6010
6160
4894
5793
7938
6383
7108
6639
5819
7811
5532
3402
3814
3099
7118
5645
7867
4855
7815
3970
4094
5846
7214
6128
1651
3453
6681
7210
3370
5378
4099
4220
7679
4438
3092
3217
6257
4540
7577
5155
3662
3729
4467
4468
3276
3840
3327
3895
5059
3228
3898
7353
4352
4315
7721
6848
7311
2566
5980
1979
5695
4689
4606
2909
6007
4600
4759
5506
7313
7008
6477
4143
6519
7821
2950
5690
7869
6227
5523
7269
4666
3762
5128
4645
3002
3447
2178
7756
4516
5766
7918
3756
6588
6527
3832
7642
7059
4475
5811
3351
5164
4047
6215
4573
5182
4375
6536
7623
7898
7693
6702
6022
7741
6703
2089
3066
3000
3669
7232
7284
4802
7599
4548
7462
3247
5781
3703
7611
3653
7489
7027
1895
4768
3135
7400
2002
3021
5837
5749
6560
5542
2085
4223
5903
7492
7309
7980
5132
3498
7036
6831
4323
7559
6298
7649
4966
3010
3552
4022
6150
3499
3709
7748
6110
5024
4760
6028
7685
5234
3645
4903
5910
5969
4564
7066
3391
4983
4661
4755
7940
4810
4076
3785
2925
2934
2930
4872
1530
6929
2616
2986
7381
3779
3931
3301
6744
6408
2892
3712
6684
6152
7014
7699
5996
7533
6504
3658
4535
6952
3987
7326
7856
5455
5813
7195
3811
7020
6330
7974
3859
3138
4841
7641
6255
4988
5321
7096
4031
3688
4750
3915
3691
7680
4107
5963
3625
6758
3140
3844
4189
6362
7774
4224
6037
5379
5965
6712
3518
5463
4092
3030
6067
5563
5190
6459
3777
5107
7172
3574
5193
4648
4591
5257
3034
3722
7350
5788
6945
1977
3639
7858
3148
6666
7590
7565
3164
3273
5417
5241
5668
5057
6299
5968
3291
3764
4531
3679
6240
3050
3115
5943
5395
4899
6287
5045
2634
7725
7742
5065
7547
4377
3269
2988
3169
3446
3091
6262
5030
7730
5244
6932
6563
7561
4109
5891
3724
7948
4740
5499
5894
5570
7626
3687
6254
5323
7301
7331
7957
4268
4992
3095
6958
7941
7903
4916
3638
6902
6819
3899
5002
1799
3126
3578
7837
7809
4077
6711
6161
5192
4885
7040
2937
2424
6518
6850
7764
3520
2733
7129
7566
7978
7099
6595
3799
4636
2902
3624
2882
7156
4437
6099
4652
5841
5252
4825
2156
7954
1753
3253
6613
3486
5501
4295
4698
4931
5485
5247
2372
7930
5562
3637
1514
4863
5580
5171
5786
3208
3457
3285
3190
4167
5720
3331
5385
3055
5812
6060
3867
3728
3879
7238
5293
5412
6673
6310
4359
7119
6935
5141
5985
7653
5382
4118
7227
5495
5460
3536
6324
4949
4811
5696
6740
7384
2553
5117
7902
3654
4259
1801
7959
4622
3613
5423
5282
6996
7517
3765
7671
3085
2412
4061
5861
3801
6008
5935
7158
5939
5050
3910
6352
5061
5114
7328
5473
4001
3510
5621
2391
7248
4484
3995
6409
7510
5397
3159
7895
5932
3387
4062
7456
3640
3919
6185
5612
6654
5051
2947
7442
5297
2915
7820
5221
3735
5100
5418
6035
3841
4912
7239
7169
4228
5205
4250
5619
6699
3678
4198
7965
6770
4420
5652
4270
3255
4932
6336
6318
7604
5713
6281
4446
6337
4625
5854
6858
5997
4858
7972
3874
4883
4736
5398
6551
6291
2921
6526
4862
4875
7846
5217
5698
3024
6662
4934
2221
3300
5352
4491
5545
4186
2083
5701
3461
6238
3407
3524
6366
4398
7295
3476
6722
6960
3039
4701
5951
2919
4517
7713
2127
6768
6177
3299
7236
2999
4712
6011
4212
5329
6447
5739
5544
6303
4290
7901
5492
4873
4302
5269
3199
3051
5792
3941
3868
3452
5334
7545
3179
6966
3950
6846
7122
6241
4595
6645
2692
3172
7412
3575
4509
6647
3523
5634
5905
5238
2199
6308
6836
5852
7747
6816
5859
4202
2948
6610
3734
5053
6234
7498
5254
7182
6749
3607
4579
5936
7037
5882
6454
6398
7667
4904
3674
2102
4954
7434
5151
4262
6899
5513
4271
7871
3352
7219
6359
6053
3412
7993
5274
6866
4264
6581
4787
3173
4421
6246
5125
7532
3714
4939
5374
6920
5694
2794
7786
5845
5422
7973
4950
5448
7520
5622
3570
4786
4864
3400
7851
5810
4492
5995
4519
6585
5712
3736
3580
5316
6992
4580
3343
5344
4135
7139
7366
6963
2797
7899
7638
6181
2629
3389
3663
6757
3871
5691
5206
4512
4964
3411
6030
6938
6656
5230
7354
6411
3094
6198
7060
7621
6091
6144
4820
3509
5683
5922
7259
6664
1683
6006
2133
5483
3434
4831
6401
7723
4158
4418
5987
3767
2030
3567
4456
4032
7094
5847
7922
4997
7692
7235
4584
3133
4594
6742
3243
3372
7437
4169
4603
5752
5036
6688
4425
7564
7855
3805
6453
4922
4700
6856
5197
7370
4528
3490
5699
4977
4120
7818
5343
1706
6031
6493
3784
7378
7792
2209
4429
3557
7342
5602
3163
3394
5236
4430
5745
5120
4487
3348
7848
7606
6869
6399
7121
3101
7813
5174
7658
5242
3804
5869
7127
5220
7031
5350
3812
4046
5674
4310
5623
7927
6046
4086
6597
4874
3855
5496
4748
7106
5007
7470
7035
5218
4830
6640
4416
6469
7360
6364
4339
3938
4329
7450
4524
5567
7407
4849
6273
1974
4439
2837
4176
4243
4319
5445
2604
6412
5989
5104
6201
5881
3433
2910
5087
3593
2823
7531
2074
7275
4868
3332
3309
7233
2183
6710
7603
2507
6455
6395
3501
2940
7113
7072
3665
6141
6621
5931
4088
5240
6268
5746
5876
4508
4019
7230
7117
6325
4978
4510
5578
6574
6220
4719
7841
5165
6715
5071
5664
6995
6348
6557
5961
7737
6951
2923
4162
7003
1634
5223
4758
4361
6535
7468
7528
7413
5575
3252
6027
1999
5083
3270
3131
7512
2964
4660
4014
7348
5511
3366
6985
1878
5785
5001
4263
4160
3521
7484
5110
3619
4053
7647
6506
3120
5028
5009
4394
3806
5909
7947
4005
7916
3246
3245
4801
4322
5585
5152
4560
6564
6738
6463
5491
5818
6087
4161
7428
5124
5317
3054
5056
7024
4341
4668
4582
2994
5930
4631
4730
7440
3201
5827
5465
4828
4187
4489
5918
6458
2789
6135
3277
6414
5803
3231
1512
5763
6374
4907
6961
6346
3401
4823
3551
3568
7674
7884
7332
7761
6729
6714
3398
7068
2360
7684
3073
4036
4174
6814
7662
3233
4686
7956
5339
4237
5088
3610
5131
4840
3905
5673
3770
6937
4888
7728
5801
6063
7019
6892
6580
5900
4010
6989
5727
6019
6981
6879
3856
6244
7429
7034
4604
7562
7427
3183
7077
3530
4859
6375
6243
6618
5988
1748
6219
5838
4597
7835
6499
3261
4441
5663
7734
3076
6649
5447
7795
6693
6833
1473
6450
6641
2920
5983
3715
5166
3969
6184
5092
5428
5058
5800
5771
5709
6329
7877
5867
1686
3583
3274
3458
3215
3817
7356
3529
7165
7179
6266
3015
4769
3191
5824
5006
4586
7073
6425
4170
4334
5740
6157
6341
5957
2771
6048
2903
7572
6239
4630
7961
1740
5173
6058
5886
7081
3282
6616
3481
3564
1976
5079
6841
5977
5318
4570
3682
5773
6252
6953
6537
5783
4507
5718
6787
4159
7910
2334
3749
6620
6122
4387
4097
5474
6584
3360
6534
7897
5199
2664
3416
7109
5671
6947
2935
4574
4104
6183
2175
4280
6470
5156
4589
3487
2747
5172
7382
3671
4065
5512
6698
7423
3341
4282
4837
6089
4260
4207
6561
7291
7530
3124
3990
7788
7803
7322
5703
3404
3554
4190
1884
6265
3469
7046
4376
7225
4281
3758
5527
6523
4583
2741
4105
4715
7527
7074
7325
4732
5255
5804
5142
3472
6119
4624
3540
3943
5660
7032
4424
6451
7080
3587
3507
4269
3750
2881
2257
7914
4414
3730
6111
2770
3697
4218
5359
4852
2997
3197
5276
4785
7944
3040
7797
4123
4911
3747
6687
5210
3160
7175
6353
5618
6678
6761
6822
2411
5780
6505
6696
7694
7505
4718
4486
7992
4541
3480
6358
5432
5830
7358
6865
3835
6964
6605
4843
5945
5605
6033
5315
6569
4974
5535
6421
7085
3177
2446
7880
7079
4215
3020
3075
6558
6066
4702
6567
3200
4585
4562
3732
4332
6909
7592
1986
3244
7289
3979
3049
7280
7454
6853
5336
7251
3700
7968
3256
4408
3295
2196
3315
3668
3494
7814
6125
3451
6807
3165
7021
3798
3218
3192
3991
5370
5393
6828
3606
2430
6802
7983
3316
7507
4640
5085
4201
6812
4895
3819
3306
1955
7222
3349
6312
4251
7754
7452
6876
5209
6660
7151
3166
3503
4327
7598
7556
3117
5478
6423
6026
7776
4370
6600
5163
7071
7425
1950
7196
6017
3488
5597
6922
2874
6878
5484
4081
5033
5279
4867
2557
1575
3180
4465
7610
6147
4048
3167
6320
3748
3737
6881
4879
7550
6107
5201
4682
3207
2880
7915
3011
4525
7473
6133
5134
5925
3745
4043
4551
7928
5219
6778
5488
7327
2421
6189
6126
4952
3547
4464
7629
5446
6433
6043
6188
6092
4945
7252
2842
3067
5372
7379
3395
1860
7093
4219
4890
3325
3936
6442
3862
5231
6326
7678
7268
6186
5017
5037
6497
6657
3080
7639
7300
7827
4146
6636
6292
3753
3297
6124
7189
1661
7002
4605
2380
3563
4020
5528
5421
7220
6339
7763
7781
5010
6149
4265
2738
6192
4549
5161
3854
7244
4337
1873
5693
5648
5064
3235
4980
1555
4892
4444
6276
3146
6566
6625
2888
2281
3083
7706
6272
5450
5670
4396
4764
1869
3608
7801
5102
6498
6096
3070
5577
4214
5380
4634
6543
7834
3144
5887
7866
6514
3664
6145
6775
5992
4320
3526
5034
2023
4643
3321
3279
6980
3284
6847
7463
6217
4431
3635
6785
2845
4392
4085
4998
2774
4959
7486
3369
5831
7793
5805
6623
1690
6943
5415
5802
5842
7339
2608
4617
6173
4667
5285
6162
6377
2470
1630
4365
7752
7180
3106
4226
7392
4355
6977
3283
4833
5414
7333
6978
6278
5127
5540
2078
3153
2646
3489
4745
7962
7612
1829
4577
4799
7946
5949
7624
7460
5901
4834
6827
4426
5934
7772
5319
1676
2984
5723
4388
1479
7385
2593
3929
4923
4136
3584
3211
6036
4662
6056
6552
7770
7249
5295
7783
7494
6440
3019
2349
4060
5702
3999
3907
3259
1938
3556
3137
6445
6888
4808
7217
6093
3267
6016
3184
2746
4459
4727
2879
6068
2489
7349
3185
6417
4298
1506
6717
5610
5490
4989
2009
3885
7351
5437
6784
6553
5375
3462
3781
3780
2708
3863
5814
7277
6085
7166
6116
3646
7242
7223
7011
3569
2985
4208
6544
7010
6390
3930
6520
7975
4411
5558
7376
3033
2728
6040
1695
5482
6385
7908
4155
3193
7112
2173
2502
4471
6290
5109
3883
7695
5286
1345
6170
3934
3813
7044
7558
5685
3741
5978
5270
2307
4925
7287
4381
7668
4780
4654
3609
5870
2835
7911
1791
2297
5232
6648
7317
5836
7753
2425
6221
7212
6259
3821
3954
3627
7571
6674
3858
7341
3377
6422
5032
6172
4311
4635
6646
3673
7213
6760
2951
4968
4380
6863
5574
1820
3408
7583
5176
4049
1628
6897
4742
6755
3894
4003
5440
1607
4853
4791
5430
2954
5601
7727
1874
6193
2048
5358
5454
4283
6392
7582
4206
3025
5517
1765
7485
3957
2399
4677
6148
4350
5582
1704
2107
7953
4919
7779
2238
3968
5129
1857
7359
7102
4691
6288
3744
2109
2740
3525
2512
5614
7549
7028
5868
2197
3656
5797
5907
5472
4172
2137
3594
1490
5133
1645
4629
3439
7933
3888
4889
7064
3007
6589
2980
4688
7859
2337
6464
4141
5145
6633
5381
1946
6971
7069
7176
1728
5822
4901
4713
2431
1572
5363
3828
7128
3386
2128
3226
7506
5588
4469
2540
6988
2223
7618
3738
3538
4122
5469
2441
1951
4684
4011
5974
5747
5461
1990
2904
2501
4443
6556
5294
6151
7526
6062
7588
5902
3278
4657
2973
3422
5608
6139
2245
3018
3413
3796
6023
6256
7215
6446
6762
7455
5729
4546
2785
3409
4301
4592
7602
7319
4553
1804
6795
3036
6894
2463
4045
3754
5706
3545
4815
7098
5243
6109
4804
6650
6627
2527
3435
2825
1773
7732
4781
5916
2711
6824
5973
5840
7542
2067
6105
4154
6168
2850
6098
1563
2498
6793
3328
4393
3906
1679
7267
6323
4367
5778
2153
2413
7231
5551
4397
5411
7105
7053
5631
1846
7271
1784
4157
5027
5624
3029
3112
2076
3354
4763
2302
7904
5521
5717
5756
6577
3755
3419
1899
1783
4683
6424
4205
2929
3288
4448
4445
1937
3544
3257
5369
5815
6322
5031
3706
5153
4292
5556
4255
2437
4364
1759
1587
7472
2406
4542
3410
4344
3596
6771
1980
2111
3090
7586
5116
3648
3605
7403
2010
3237
6476
1929
1723
4835
3376
5287
6708
3484
6039
3052
4675
1825
4266
4917
4720
6169
2410
7167
3143
5606
4082
7567
3065
4125
1772
6311
6652
4920
7439
6237
7881
7664
2854
5364
3815
2859
4578
4513
7535
4246
7872
4497
3864
1724
2105
2635
3483
1908
7570
1544
5665
6195
3357
5820
3961
6593
4649
2101
1594
5638
5268
1876
2877
2020
2398
7170
3373
3388
7862
1892
6235
3308
5146
2475
4163
3565
3693
7740
6491
2503
6228
7146
7198
7751
3790
1678
4181
4960
4796
2685
1582
7863
3984
5390
7609
7794
1626
5547
7130
6531
4373
2136
2426
1499
2777
6779
5137
5022
1718
6914
7306
1707
6638
3249
5550
5266
2012
3359
1597
6990
7969
2145
2559
3188
2205
2931
2025
2494
1943
2698
6304
7283
7255
7785
7509
1577
5167
2833
7864
2482
5271
2642
2671
2262
7796
1907
2580
2386
2583
6351
6912
1500
5029
7005
3768
6065
4788
2066
4336
2775
5355
4778
5615
7406
7704
3649
7408
4942
2767
4697
5304
6102
5467
1278
4565
5391
4982
5283
1484
6051
1519
6959
1629
5520
5180
1595
6478
2599
4374
2748
2668
5782
1821
2100
2040
2203
2389
6728
2272
6859
7135
5734
1928
7802
6781
3690
6075
4601
2140
6232
6607
5510
7340
6431
6208
7022
3110
6082
6106
1693
2944
7844
7323
3013
1813
6335
5340
1866
1880
7595
6739
5170
2683
1483
2179
7262
1838
6692
2273
7496
3553
7887
4401
3287
5426
2162
2395
6904
2300
3725
5641
6460
7416
1865
6941
2429
1961
6077
2232
4034
4240
1576
1967
2068
3830
6391
5111
6025
2148
5457
2243
3945
5144
2242
1746
1848
1856
2496
5730
1924
1502
4609
5586
2600
3263
3326
7056
6270
2248
2636
6615
5704
4013
1796
3695
7504
7696
4481
5762
7273
3213
2684
6844
7630
1827
1911
1915
2932
2549
2702
4928
4848
2542
6076
7264
4288
6191
5950
1851
2347
3647
2381
6572
2117
3711
1579
3329
7395
7635
6223
3225
4737
4133
5669
2276
3880
3620
6776
6024
4567
7879
1596
3475
3560
6248
5026
4581
1960
2766
2113
2788
2743
7123
3262
4985
7480
7417
7675
6644
2314
1716
5632
2158
3581
3974
4360
1997
4976
1949
1859
7274
1816
5958
3602
3705
6490
7054
1229
4753
4900
7276
1730
4321
2781
2269
5790
5258
4699
7270
1745
2751
1809
6404
1494
2953
3102
2062
5004
1956
6759
1518
5599
5288
2044
2562
7006
3186
2370
4106
5561
6000
3240
3601
2365
1627
1742
7426
2776
6097
7717
1546
3716
4754
5449
6994
2408
5147
5016
2995
7023
6976
2165
5023
4027
2701
5823
2807
4023
1762
4953
6021
5082
7574
1578
2390
6628
2207
4790
5884
1717
6462
7597
3158
5865
5464
3816
3685
3174
1763
3513
5941
4550
7874
6210
6578
5277
2122
4371
2176
5711
4783
2551
2791
5591
6750
2597
1476
1590
3803
2376
6120
3428
1604
5848
6267
3522
3103
6357
4164
6950
2236
4293
2259
5000
1474
7569
7584
6344
1669
7579
2159
1769
7493
4611
2761
2812
1963
7477
6052
2215
1685
3860
4881
2330
2328
5225
3220
2216
3916
1761
3504
1480
7084
3761
6800
4746
2876
2206
2840
7631
1953
6549
1785
2509
4693
5505
1491
7393
7891
2167
6015
3680
2778
2827
2796
3223
2181
1752
2104
7697
890
6435
7709
1672
1818
2164
1797
3445
6838
4230
6765
2577
1903
7806
3534
2359
1054
2623
2547
4055
6388
6984
1080
6651
1658
2468
6825
7659
3127
7352
1478
2757
4191
1503
4017
1883
7206
4451
3381
6419
1894
2574
1513
2495
7125
4761
2901
7052
5917
3023
6774
6532
5682
2801
2166
3119
1624
2210
2267
2780
7347
1831
3797
1549
1906
7007
6483
2611
1613
1760
5816
3778
1945
1855
2120
3573
6763
2554
4333
1984
4824
2000
5290
5320
1653
3456
1611
1580
2615
5150
1890
6810
1552
5183
2170
7116
2687
1528
7475
2261
4405
7981
7335
6753
6908
7665
2186
7984
3063
2674
7143
2124
2872
7636
4526
1795
6396
2956
3195
2327
1870
4095
4449
2762
6218
1574
2081
6571
2150
1902
2590
6331
1792
4717
2353
6622
2844
3644
7661
2809
2134
6631
2392
2487
2313
1993
4362
7111
2884
2691
4711
2633
3061
2260
2263
3082
1700
2435
1858
2200
2346
2182
2112
7458
6697
4747
2717
2077
3440
1841
3535
2963
1472
7418
1972
1670
2345
1660
2432
2736
4590
5991
7885
5005
2011
6545
4946
2306
1775
5436
2388
992
6524
5537
3281
3825
2152
6277
2834
2602
2213
1948
1996
1522
4678
2252
2364
2696
1573
5662
1891
2464
5076
2226
4307
5636
1721
5710
2805
4722
1554
5758
5324
5204
2720
2571
1719
3045
6583
3289
1520
6917
2722
3787
2160
2765
7950
2779
1930
3751
2258
2922
2790
2054
3314
7997
2713
4709
1598
7201
1833
2286
2517
1971
2428
1713
7465
1622
1662
2735
3268
2144
4832
3465
5067
953
2949
1649
2451
4665
4956
1567
2582
2799
2065
5106
3636
2680
4651
3212
6668
2576
2115
3683
1729
5188
1867
3927
1739
2715
2465
1593
5078
2768
2670
6236
1725
2367
2283
2545
1551
2639
5732
6229
7873
6705
2119
2296
5689
2449
1800
6889
2764
2298
1925
1777
7256
1901
6078
1501
2651
3320
2289
6187
1424
2322
7343
7241
4807
3275
1694
2811
4273
2090
4075
7045
2515
5976
7620
3533
7479
1940
7945
2254
2325
2822
1368
1565
2222
6835
1561
7889
1655
2669
2961
2352
2763
1616
2135
3782
6508
6991
1750
2050
2853
7966
2280
916
2036
2056
1973
2072
2042
7798
2279
3616
7539
1720
1889
4025
2455
1934
2843
2846
2637
2214
5347
1810
5565
1787
1620
5921
2592
6817
1461
2868
2643
3791
6956
1208
3532
1687
2565
7377
1969
6709
7743
1985
1558
6948
2513
4530
3527
5878
5112
2094
6861
1527
2284
2130
2864
1727
1496
2268
3549
1947
1774
2591
2003
2407
2707
2332
1832
1495
2217
2417
4893
5394
2255
1749
1635
2572
4354
2174
7140
1682
2138
2645
3442
1959
1641
3078
2299
2233
4016
1488
2533
6474
1736
5177
5012
1778
2883
6933
3454
1918
2750
6630
2187
4613
4554
6637
2343
2218
1962
2132
2667
3599
1657
1982
7500
6430
1515
2678
1741
7673
2484
1636
1847
7615
7181
2508
2660
1197
1850
2250
1926
5806
2131
5179
2026
2038
2229
4555
2294
4002
2466
2340
2725
1543
2251
1076
1852
2362
2649
2587
1770
4599
2070
1712
3251
1665
1385
6159
2106
2292
5348
7114
1581
1534
2274
2519
3142
1621
2656
1603
1822
6156
6629
1868
2848
2581
2787
2866
1837
964
1754
2914
2060
2869
2605
1571
2121
2235
1648
2149
2211
2143
6867
1493
1568
1592
2114
2029
1942
2506
2404
2032
1610
1886
2816
2344
1025
3878
1270
1824
2500
2433
2230
952
2006
2860
2420
1053
2755
5113
7768
2619
2737
2157
1631
2709
2855
1600
2373
1916
6171
2415
2657
5084
2603
2483
901
1482
2719
5346
1909
4996
2438
1722
1823
2331
2546
1251
2561
1744
5843
2699
925
2617
1935
2155
2857
6540
2227
2532
1433
1652
1521
5516
1734
7716
1995
2304
2108
2063
2295
1732
5185
2098
1733
2584
2172
2256
4647
6174
4117
2266
5526
2169
5292
5808
1550
1051
1352
2418
1614
1509
2538
1877
1826
1529
1989
2968
3836
1547
1562
1814
1964
967
2427
4328
1764
2524
1920
1812
2477
1703
2035
1673
2724
1793
2308
1808
3531
6842
2005
2550
2520
2191
1556
2493
4132
1075
2447
1767
2772
2234
2610
1105
2689
2198
2456
2049
2472
1931
1711
2544
1540
3403
2246
1751
5914
2817
2739
2293
3505
1691
4674
2510
2461
984
1103
2595
2271
2282
1538
1158
2681
2454
2564
2061
1323
2560
2870
2714
2057
2758
1569
2342
1150
4493
4390
2317
1525
2804
6522
1602
2414
1210
4306
2453
2350
4836
1510
1992
3358
2568
2679
2861
1853
2031
3420
1646
2831
2422
2195
2847
1591
1584
2324
2444
7669
1757
1644
1802
1367
1715
2393
2290
1477
2024
1786
2004
1369
1418
2537
2891
1917
2585
1789
1654
2129
1586
1319
2201
2409
2123
1790
2043
6471
2624
2488
2103
2185
1340
2088
2534
1668
2686
3590
1148
2676
1798
2474
2371
1487
2064
1393
2485
2706
1952
2769
1758
2356
1535
1338
2579
2832
1475
2303
1617
2377
2703
5021
2673
2849
2467
1663
2047
1589
1542
2310
1443
2541
2627
2202
2383
2918
2374
7537
1639
2338
1864
2368
1351
2188
2321
2648
1037
2028
2543
2241
2387
2193
1854
2516
2288
1692
2052
2588
7083
2228
1207
2497
1771
5784
2486
1122
1420
2285
2792
1410
914
2607
1689
2208
2756
2573
1888
1504
1968
2753
1781
1922
2535
1912
1845
2641
2079
2786
1348
2622
2867
2759
1517
1486
2264
7190
2319
1097
2154
1696
1701
1863
2734
2403
1893
2326
2659
2095
1113
2839
1954
2784
2320
1280
2810
2526
2239
2396
1426
1346
2316
1994
1861
1905
1738
2402
2348
1768
2710
2836
1159
2084
2442
1664
2366
1360
1835
1283
2490
2110
2663
2151
1322
2237
2802
2862
2375
2598
2126
2570
1545
2184
2016
1541
1957
1469
2405
1615
2829
1056
2027
2219
998
937
2177
2567
7714
2798
2614
2039
2091
2631
1470
2732
2443
1923
1557
2536
1919
2212
1238
3994
2558
1559
1303
2341
2852
1608
2800
2601
1659
2530
2460
1708
1511
1524
2548
2473
2628
2773
1684
2820
2652
1623
1064
1885
2723
2589
2097
1564
799
2612
1583
2275
1172
1862
1697
2700
2712
2815
1755
1460
1243
2116
2086
2469
2808
1295
2037
1428
1366
1844
1803
1872
2354
2329
2806
2665
1246
1425
2655
1139
1815
1675
2462
2021
2661
938
1508
2647
1311
2336
1523
2141
1632
905
2224
2871
1254
2476
1807
2401
1983
1275
2528
6754
1618
2118
2225
1049
2416
1698
2448
2311
2333
1194
1843
662
2045
2287
2662
1966
2450
2007
1747
1293
1321
2363
1710
1914
1179
2613
1409
2727
1297
2650
1560
1020
981
2505
1779
2479
1029
1726
1401
2818
2019
2514
2518
2125
2018
2575
2168
2459
2240
2828
2355
2596
2851
2351
1199
2803
1625
2838
930
2672
1991
1640
5938
1677
2180
1731
1009
2793
948
2008
2309
1532
3911
2875
2385
1498
1045
1998
2220
1633
617
1958
2147
1489
1299
1882
1605
895
2677
2075
2606
2253
1871
1921
2440
1988
1933
1840
2082
1671
2555
1910
708
2675
2017
2384
1225
1140
2378
1699
1188
1302
2278
1516
1836
1897
1485
1074
2594
2556
1830
1358
2014
2813
1463
1371
1680
1342
962
2511
2419
965
910
988
2231
2826
2744
2436
2819
2704
1887
2099
1059
1794
1175
2718
1376
2033
1264
1688
1811
1039
1241
2423
1174
1900
1642
2382
2092
990
1043
1817
1450
1497
1344
951
2609
1842
2760
2189
1466
2244
1780
2618
1332
2080
2315
2358
2632
2666
934
2522
1381
2690
696
2301
2539
2339
2621
1407
2452
2055
2053
2059
2795
969
1195
2878
983
2400
2142
2481
1339
2783
1452
1481
1533
1939
1421
2626
1440
2697
2865
1468
1643
1013
1247
2721
2190
1913
2357
1566
1570
903
2087
963
1248
2270
777
1451
1081
1743
933
1588
2749
929
1737
960
1143
2563
1110
1200
2491
2731
1327
1242
1115
947
1548
2586
2640
1702
976
1193
1446
1362
1183
900
1281
1316
1896
1125
1326
1422
1709
2058
823
1828
1178
1341
2644
1619
2752
2471
1320
1141
999
1444
1585
1336
1806
1936
1312
1788
1397
1198
1211
1079
2015
2041
1308
1073
1978
2478
1282
1292
1599
1114
2204
1457
1146
994
1776
1160
2073
1124
1206
2051
1021
1526
1427
755
1078
977
2249
2821
943
2439
1100
1849
1650
1492
1375
1667
1756
1879
1285
927
1239
922
2705
1638
2277
2379
1002
1834
911
2499
1471
1505
2305
2653
1944
932
950
1215
2578
2745
747
1612
807
907
1356
892
2856
2093
1310
2146
1539
1060
789
2504
1434
973
1881
1205
1334
1104
1090
1044
1904
1155
906
1408
1383
1389
1898
1004
1932
2638
1092
1082
2726
913
1406
1036
1987
2247
654
957
1000
1024
2531
1164
1083
1347
618
2654
979
1190
2814
1015
2323
2013
868
2782
1435
917
1536
1255
1091
1256
1046
1184
1388
1138
1674
1805
2335
2457
1219
2192
1637
2830
1399
2318
806
1003
1284
893
2434
2525
1350
1119
2291
1970
1287
1537
2841
1975
725
1467
2730
1355
1309
1370
704
1965
1094
987
2863
815
2445
1365
2492
1203
1212
1185
641
954
1245
1102
1166
974
1068
1137
1147
1244
1462
1038
2312
1335
1927
1392
1216
1033
1005
1705
891
928
2394
1214
904
1359
1093
2161
958
1267
940
1016
1088
1026
2523
2620
1402
1455
1394
798
1253
1062
1265
1011
2096
1298
1357
2397
915
1277
819
936
1086
1274
636
1069
1095
1374
1180
1128
2569
1008
1237
1429
1681
1010
1279
972
1329
763
995
1031
1231
2529
1087
1262
1436
2552
2361
1412
1058
1249
894
1465
1766
2682
1396
2729
1531
996
2630
1294
1228
821
1030
1012
966
757
1439
2658
1217
1364
1266
2742
1041
664
1601
680
2716
985
1260
1191
1061
1819
1291
898
1098
926
1050
971
1028
941
1263
2022
671
902
1176
1144
634
1382
741
655
2046
879
1108
514
1305
1226
2695
673
1324
626
1186
1127
1162
1415
1441
949
1112
2458
1117
1192
706
845
1165
689
1218
1169
1142
986
1032
1187
1027
793
613
896
1109
968
1213
908
946
1261
710
1296
767
651
1099
2171
1084
1220
876
622
1066
1941
975
1438
1379
1181
843
1391
1173
1271
1234
1204
1170
1417
1325
1252
674
1430
1363
775
1072
2194
1123
1288
909
1048
846
659
640
430
1131
1089
1273
694
978
1221
1023
810
1230
863
751
1349
1121
1132
1390
1224
1378
1071
1447
1414
1120
1361
2694
919
1304
575
1135
788
1022
1201
1404
797
1227
1330
1448
2688
2625
1126
1454
1272
956
1445
1006
1331
1301
607
1047
1353
1085
1403
1168
920
874
2001
2369
1337
1289
961
1065
942
1018
826
1223
1300
702
1007
889
1405
1034
888
599
931
778
1136
1222
1257
1307
1052
729
784
918
1276
1055
1163
1380
1343
1130
707
1317
748
944
727
921
791
1077
1240
1416
1250
849
785
1118
595
1315
883
1453
1290
1145
1096
1171
1152
684
1129
1209
1161
439
2139
1286
1057
1386
1106
980
1268
668
1196
840
1387
1042
601
856
811
1875
1040
851
1377
1017
604
690
1232
1449
1306
1111
1014
703
828
1067
1259
1432
1202
608
1153
1101
1395
1070
1328
1156
709
993
1035
647
1116
1313
959
1063
716
1419
886
1782
667
660
1177
945
1464
1235
827
762
1107
1133
764
991
1437
924
548
882
1372
955
1318
653
635
679
897
857
705
1333
609
872
1151
854
381
970
624
648
644
1354
632
1373
834
939
629
877
780
1269
772
860
1154
611
923
661
602
687
1411
686
765
731
665
724
1400
824
831
1001
783
587
432
1157
675
1134
997
853
681
1442
808
749
758
678
436
733
735
719
1182
606
1459
743
899
803
740
504
739
688
770
713
663
630
691
714
584
722
859
711
935
614
597
836
666
628
838
657
699
615
737
912
650
1149
802
801
734
701
759
546
537
774
520
717
633
795
488
792
1236
1456
603
1233
715
861
1314
794
809
833
1413
786
521
652
532
700
1019
1458
866
835
453
870
581
558
557
1423
596
565
637
345
736
779
887
429
813
646
728
571
552
431
610
621
752
754
850
744
847
1398
481
573
858
513
885
818
989
800
682
776
480
623
619
712
837
499
742
612
841
844
804
582
1167
483
746
591
781
848
516
855
830
878
768
586
865
822
433
542
670
867
530
502
585
658
605
625
676
816
881
782
579
1258
732
695
497
390
753
600
515
873
649
677
864
474
832
631
451
506
1431
442
445
825
553
820
726
457
484
566
766
468
598
479
563
627
656
720
473
839
620
427
750
639
685
418
567
760
528
1384
422
503
829
769
454
645
1189
790
683
721
796
884
491
693
462
723
460
478
543
350
638
455
593
982
805
529
814
337
461
517
817
539
434
541
692
559
471
880
360
842
562
549
761
368
465
476
490
773
583
450
372
467
672
787
469
446
875
519
730
522
869
616
574
342
812
466
852
540
438
334
477
395
389
500
428
771
402
492
443
437
564
560
495
526
452
738
697
745
413
412
756
698
339
271
328
718
410
344
320
669
341
447
459
594
577
588
551
361
518
524
862
355
535
458
359
572
642
550
387
509
493
536
580
346
505
338
400
392
871
351
498
424
470
374
531
354
496
544
347
362
426
475
494
501
276
554
441
456
555
489
253
547
463
561
556
356
545
380
383
382
578
568
408
292
507
324
385
305
472
405
523
321
391
592
486
511
373
435
485
482
265
643
307
249
508
576
379
419
349
512
393
270
510
407
278
420
527
396
322
343
326
358
449
538
589
487
310
369
464
534
323
357
525
409
403
590
569
448
364
352
411
440
406
319
254
421
415
331
533
348
416
386
365
336
313
301
375
205
378
281
267
296
335
280
325
302
279
332
414
425
388
570
330
298
282
417
269
291
312
216
329
384
444
397
300
353
367
401
240
318
252
363
284
215
248
245
371
258
327
377
404
250
316
283
293
309
273
297
340
210
202
204
423
317
394
303
251
207
315
261
299
174
260
234
257
237
255
311
295
333
223
308
399
239
290
256
366
314
259
370
263
232
262
285
199
212
221
268
294
398
266
274
288
211
231
213
176
229
246
225
144
272
238
220
304
286
158
169
218
275
241
376
177
180
244
227
277
235
214
217
189
162
264
224
201
166
147
185
209
228
242
226
306
186
178
188
194
289
171
287
219
230
203
148
168
121
190
233
153
247
206
157
156
165
154
208
187
167
170
236
200
136
222
161
175
151
123
172
192
243
181
182
193
140
183
184
115
191
139
195
134
198
124
146
117
164
150
132
149
179
110
125
145
137
143
163
130
129
88
131
197
141
173
160
138
196
127
118
102
126
111
120
119
142
135
152
159
128
116
133
113
106
94
95
155
114
96
83
105
103
99
112
109
122
104
100
107
90
84
74
85
82
78
89
101
98
93
87
70
92
75
68
86
67
97
108
73
71
79
72
76
69
66
91
81
60
59
62
63
64
65
53
77
58
56
61
52
50
55
49
40
44
80
54
43
48
46
39
42
57
45
51
37
47
33
36
41
38
35
28
29
32
34
27
31
30
22
25
26
23
20
24
19
21
16
18
15
17
14
13
12
10
11
8
9
7
6
5
4
3
2
1
0
