0	0.0: 281 989 1 218 
0	0.0: 391 1005 192 245 
0	0.0: 546 1077 1 247 
0	0.0: 549 856 156 217 
0	0.0: 711 891 180 236 
0	0.0: 596 852 111 227 
0	0.0: 456 610 108 218 
0	0.0: 349 1105 103 229 
0	0.0: 575 992 295 257 
0	0.0: 521 1025 159 247 
0	0.0: 451 1172 1 257 
0	0.0: 506 990 177 225 
0	0.0: 500 1268 1 242 
0	0.0: 775 985 164 252 
0	0.0: 627 1085 1 271 
0	0.0: 559 1041 109 273 
0	0.0: 799 823 13 238 
0	0.0: 488 999 1 261 
0	0.0: 583 922 256 240 
0	0.0: 446 872 16 234 
0	0.0: 410 954 124 243 
0	0.0: 555 995 195 254 
0	0.0: 371 1117 1 257 
0	0.0: 279 808 1 241 
0	0.0: 554 950 1 243 
0	0.0: 414 966 218 253 
0	0.0: 628 898 2 242 
0	0.0: 491 900 1 236 
0	0.0: 477 904 255 241 
0	0.0: 695 1000 1 274 
0	0.0: 661 1172 1 240 
0	0.0: 672 1085 1 232 
0	0.0: 552 963 37 225 
0	0.0: 540 866 100 239 
0	0.0: 558 886 243 257 
0	0.0: 337 927 13 228 
0	0.0: 633 909 1 236 
0	0.0: 641 962 273 228 
0	0.0: 536 979 195 245 
0	0.0: 554 1092 192 240 
0	0.0: 676 869 65 247 
0	0.0: 394 885 146 247 
0	0.0: 640 947 1 241 
0	0.0: 521 992 1 241 
0	0.0: 439 1091 1 246 
0	0.0: 694 982 1 234 
0	0.0: 548 960 216 260 
0	0.0: 442 937 1 251 
0	0.0: 254 1029 121 264 
0	0.0: 417 934 141 208 
0	0.0: 467 1133 1 263 
0	0.0: 544 899 8 251 
0	0.0: 648 893 243 244 
0	0.0: 550 1007 77 252 
0	0.0: 504 1003 278 248 
0	0.0: 644 1054 1 258 
0	0.0: 453 1071 189 242 
0	0.0: 498 944 303 225 
0	0.0: 403 945 1 254 
0	0.0: 527 1072 208 257 
0	0.0: 606 891 1 242 
0	0.0: 503 1050 172 242 
0	0.0: 492 741 94 257 
0	0.0: 583 968 1 269 
0	0.0: 532 1149 1 243 
0	0.0: 398 967 1 254 
0	0.0: 554 817 1 239 
0	0.0: 460 826 251 248 
0	0.0: 537 1012 1 249 
0	0.0: 616 929 1 249 
0	0.0: 709 838 1 232 
0	0.0: 603 1023 1 233 
0	0.0: 571 907 1 238 
0	0.0: 642 859 1 244 
0	0.0: 352 917 394 259 
0	0.0: 564 1174 217 242 
0	0.0: 554 898 62 237 
0	0.0: 527 939 1 257 
0	0.0: 562 969 1 256 
0	0.0: 427 993 169 220 
0	0.0: 595 814 1 233 
0	0.0: 596 894 1 247 
0	0.0: 459 871 87 255 
0	0.0: 560 1024 1 240 
0	0.0: 298 920 1 255 
0	0.0: 487 987 1 258 
0	0.0: 532 1040 81 250 
0	0.0: 621 1179 161 265 
0	0.0: 530 1000 1 258 
0	0.0: 572 781 180 237 
0	0.0: 479 870 38 239 
0	0.0: 635 862 16 233 
0	0.0: 502 951 243 238 
0	0.0: 642 947 6 245 
0	0.0: 522 848 256 265 
0	0.0: 453 990 87 226 
0	0.0: 513 815 126 264 
0	0.0: 533 987 142 246 
0	0.0: 591 981 58 224 
0	0.0: 306 859 1 233 
0	0.0: 540 925 1 241 
0	0.0: 494 1019 1 260 
0	0.0: 546 1028 138 221 
0	0.0: 506 1045 1 250 
0	0.0: 584 956 13 264 
0	0.0: 560 915 92 249 
0	0.0: 651 1119 1 236 
0	0.0: 412 1109 1 265 
0	0.0: 515 888 189 250 
0	0.0: 517 1015 25 234 
0	0.0: 670 793 1 248 
0	0.0: 621 959 1 263 
0	0.0: 307 952 173 242 
0	0.0: 625 1006 167 251 
0	0.0: 472 876 1 227 
0	0.0: 552 1016 261 225 
0	0.0: 596 892 71 240 
0	0.0: 721 826 26 251 
0	0.0: 445 866 1 235 
0	0.0: 653 1108 65 242 
0	0.0: 737 799 149 240 
0	0.0: 517 908 185 235 
0	0.0: 483 991 4 256 
0	0.0: 487 1057 1 260 
0	0.0: 535 1025 1 243 
0	0.0: 641 907 219 248 
0	0.0: 608 912 1 229 
0	0.0: 712 812 450 266 
0	0.0: 608 928 263 230 
0	0.0: 459 842 78 244 
0	0.0: 471 985 331 252 
0	0.0: 499 1003 51 243 
0	0.0: 590 940 253 261 
0	0.0: 573 936 270 229 
0	0.0: 572 1036 1 251 
0	0.0: 521 847 203 253 
0	0.0: 438 807 265 259 
0	0.0: 517 841 159 236 
0	0.0: 650 1019 380 234 
0	0.0: 569 1009 22 259 
0	0.0: 698 1117 1 279 
0	0.0: 616 1081 47 247 
0	0.0: 490 799 257 240 
0	0.0: 547 773 33 249 
0	0.0: 415 875 318 223 
0	0.0: 453 944 1 241 
0	0.0: 625 1114 89 238 
0	0.0: 504 870 6 260 
0	0.0: 403 864 249 228 
0	0.0: 483 870 1 248 
0	0.0: 609 897 1 239 
0	0.0: 495 936 36 248 
0	0.0: 553 976 92 233 
0	0.0: 504 977 148 266 
0	0.0: 453 802 347 242 
0	0.0: 489 1007 184 247 
0	0.0: 596 1051 347 238 
0	0.0: 557 937 216 246 
0	0.0: 340 912 1 239 
0	0.0: 530 971 197 244 
0	0.0: 562 1081 138 232 
0	0.0: 569 1025 241 232 
0	0.0: 524 943 396 257 
0	0.0: 505 859 1 266 
0	0.0: 580 917 8 251 
0	0.0: 525 1054 282 269 
0	0.0: 566 1015 1 237 
0	0.0: 609 971 24 245 
0	0.0: 424 908 152 225 
0	0.0: 528 876 209 237 
0	0.0: 554 1038 1 250 
0	0.0: 540 1002 82 242 
0	0.0: 549 903 1 230 
0	0.0: 468 1122 74 243 
0	0.0: 450 904 1 246 
0	0.0: 577 910 1 256 
0	0.0: 626 1009 1 278 
0	0.0: 386 1032 1 234 
0	0.0: 338 937 1 245 
0	0.0: 549 1146 241 243 
0	0.0: 533 1175 116 241 
0	0.0: 614 833 191 218 
0	0.0: 469 963 1 261 
0	0.0: 652 830 1 243 
0	0.0: 768 933 394 248 
0	0.0: 511 1008 13 266 
0	0.0: 489 1133 1 237 
0	0.0: 657 866 210 262 
0	0.0: 600 921 60 226 
0	0.0: 447 950 52 255 
0	0.0: 437 807 1 249 
0	0.0: 719 962 1 231 
0	0.0: 546 1073 512 235 
0	0.0: 613 995 81 241 
0	0.0: 653 999 43 239 
0	0.0: 382 908 1 259 
0	0.0: 533 964 236 255 
0	0.0: 625 966 62 262 
0	0.0: 520 994 10 251 
0	0.0: 597 959 323 250 
0	0.0: 474 864 1 242 
0	0.0: 574 863 1 239 
0	0.0: 577 889 1 241 
0	0.0: 614 990 45 238 
0	0.0: 652 949 65 261 
0	0.0: 538 1090 1 258 
0	0.0: 504 972 1 248 
0	0.0: 374 985 40 257 
0	0.0: 508 942 83 239 
0	0.0: 685 1093 97 247 
0	0.0: 453 873 95 247 
0	0.0: 547 877 157 248 
0	0.0: 549 922 1 257 
0	0.0: 804 982 213 261 
0	0.0: 544 758 1 245 
0	0.0: 493 977 218 242 
0	0.0: 447 960 40 249 
0	0.0: 513 785 1 271 
0	0.0: 596 1063 1 253 
0	0.0: 569 957 1 265 
0	0.0: 506 872 1 259 
0	0.0: 572 934 17 241 
0	0.0: 585 914 111 261 
0	0.0: 465 920 1 254 
0	0.0: 617 924 39 233 
0	0.0: 539 974 126 238 
0	0.0: 521 709 337 234 
0	0.0: 261 996 461 236 
0	0.0: 347 965 1 231 
0	0.0: 506 1031 1 235 
0	0.0: 497 1055 307 243 
0	0.0: 640 884 91 269 
0	0.0: 594 997 4 256 
0	0.0: 563 931 1 248 
0	0.0: 526 1028 379 225 
0	0.0: 574 1065 8 247 
0	0.0: 439 792 123 218 
0	0.0: 601 988 239 276 
0	0.0: 349 1029 1 263 
0	0.0: 451 989 127 238 
0	0.0: 567 913 201 226 
0	0.0: 613 1004 43 258 
0	0.0: 377 964 1 244 
0	0.0: 585 840 1 241 
0	0.0: 579 783 1 243 
0	0.0: 469 1086 1 258 
0	0.0: 521 836 1 270 
0	0.0: 653 858 72 234 
0	0.0: 448 903 1 225 
0	0.0: 565 898 255 239 
