5	0.0: 435 589 333 119 344 756 492 852 774 986 
5	0.0: 414 729 220 116 334 787 494 777 809 1139 
5	0.0: 450 644 295 324 250 636 305 889 760 1010 
5	0.0: 322 1093 362 429 348 745 432 662 759 840 
5	0.0: 472 857 493 361 241 835 458 707 798 1012 
5	0.0: 318 1066 396 422 224 708 423 577 791 1008 
5	0.0: 485 677 338 289 210 754 445 905 802 965 
5	0.0: 369 665 128 169 262 903 473 494 823 1050 
5	0.0: 462 544 350 789 186 678 538 995 792 948 
5	0.0: 372 643 256 184 136 837 437 1027 814 875 
5	0.0: 391 900 784 84 254 734 608 789 770 937 
5	0.0: 462 922 304 305 268 724 431 766 782 1024 
5	0.0: 438 686 320 291 319 689 510 1188 773 879 
5	0.0: 412 201 413 634 243 829 471 954 802 1001 
5	0.0: 310 822 442 437 331 700 455 779 796 840 
5	0.0: 437 1085 274 1 209 617 484 726 783 1012 
5	0.0: 364 734 351 420 112 677 470 450 808 989 
5	0.0: 378 558 271 447 210 802 392 911 794 1148 
5	0.0: 341 792 340 247 251 610 477 773 805 1020 
5	0.0: 437 810 365 242 262 866 499 677 764 1027 
