1947
1610
1679
1641
964
1410
1077
1132
1430
1300
1404
879
1109
1003
1696
1688
1275
1973
1836
1192
1017
867
1918
1036
1821
1395
1337
1778
1902
1844
1767
933
1466
847
1989
1032
802
1615
1766
1026
1839
919
1830
1039
1352
1041
1461
1897
1124
1399
1125
1829
1171
1783
1617
1472
1001
1524
812
1745
1265
1859
1763
1207
965
1660
1376
1846
845
1450
1318
1332
762
1047
1434
1006
1885
1448
882
877
892
1518
1986
1185
1498
1394
1365
1810
1588
1961
1255
1868
1363
1780
1677
909
797
1636
1574
1317
1312
1209
1857
1362
1877
1223
1045
1648
1184
1147
1292
989
1833
813
1988
1758
1152
1247
1350
1439
1115
839
1315
1941
1356
1470
1546
1069
1594
1073
1755
1509
1246
1706
1791
1183
1944
1241
848
901
1496
1872
1031
1993
1884
1046
1964
1354
1330
1307
793
755
1130
1517
1476
1837
1608
1893
1566
1196
1336
1473
920
1345
1334
1455
941
1684
1906
1469
1998
1226
585
766
956
862
1959
1401
1112
834
1342
1674
1297
1360
1599
1094
1529
846
859
1515
873
1355
1970
1485
1560
1585
1805
946
1735
1070
914
818
1864
996
1965
1062
1576
1388
1725
1802
1587
819
1236
777
881
1029
923
740
1581
1539
1729
1683
1957
1488
1676
1922
1537
1801
1382
1876
1692
828
1995
954
1764
1776
1924
1429
1562
1004
1678
1424
1438
1709
1157
1210
1164
1217
1348
1033
1193
1822
1549
1946
1167
1244
1933
927
1214
729
1841
745
1551
1478
1796
981
780
769
1492
985
938
1570
1852
875
1609
1850
1512
1878
1353
463
1256
1284
976
1634
782
932
1276
906
1451
731
1423
1716
1426
1713
929
1393
1848
1422
1054
1680
1782
1953
1916
1578
1327
1984
1153
988
1299
1748
764
1896
1623
899
1341
1436
1682
1870
1880
1467
1658
1500
1386
1874
1752
1501
1412
1507
896
1290
1225
1502
794
1126
1632
1702
1474
737
962
1799
790
1013
866
1482
1825
1812
832
1357
1591
1443
1838
1541
915
1540
726
1860
1173
1051
1930
961
1568
869
1513
1954
1621
1909
1016
1914
1991
1234
1572
1710
1149
1915
1556
887
1316
1212
1981
1417
1519
781
1063
1454
1044
814
865
1101
1304
1727
1892
1945
1737
1359
1618
1105
902
1020
1555
936
771
1598
1339
1653
937
1057
1187
1595
1012
1453
1487
1432
1559
1066
1979
1831
1951
978
1035
1699
723
1773
1110
1627
1503
911
1853
1920
761
1024
1055
1261
1351
1845
1635
1384
1099
1306
1969
1809
1060
516
1650
1468
1305
853
1552
1058
1148
1374
1928
1213
1854
1120
1138
1828
1465
1996
1971
908
1116
1440
948
1218
1331
1243
1050
1881
1644
874
1687
1108
1835
1672
1086
955
1000
1769
1088
912
1606
1816
785
1493
1389
1117
973
1730
1387
1652
1787
1759
1396
1249
1616
1657
963
944
1322
885
1182
1907
1204
1075
788
1018
1442
605
966
394
957
984
1254
1415
1201
826
742
1133
1592
1433
1049
1037
1463
1324
1834
842
1238
1479
1203
1310
1283
1271
836
883
744
958
1232
1083
768
789
1795
1614
1806
661
900
1407
854
1602
851
1554
1579
487
960
823
775
1526
1873
974
664
1619
728
1259
642
1179
924
982
1620
1320
1211
904
1221
734
1427
805
1402
1098
970
1030
1535
1862
1824
1739
1456
774
968
1966
1146
1597
1963
1792
1295
1309
1895
1092
1788
1686
1043
1761
1960
1154
1700
861
1491
1178
1894
1174
1008
1180
860
1419
449
1542
967
1934
1333
1701
1413
1421
1253
1949
1398
824
905
1027
1313
1790
1499
1414
1514
1938
1080
1375
1208
1774
799
1343
1522
1669
1056
786
953
1711
1691
1090
1847
1279
876
724
999
1890
1085
1222
1200
1740
1523
1798
1142
1007
1563
1589
716
759
1191
1408
1754
1550
1252
1380
721
872
1521
1757
1289
1593
581
1245
1106
1257
838
1842
1968
1999
926
1093
1274
1505
810
1937
1695
1649
1888
750
1335
377
841
1983
1227
770
1477
1760
732
1082
1127
895
1997
939
1159
1023
1794
1103
975
1136
1694
739
1139
1569
1510
991
1962
760
1169
1028
1715
583
1068
1462
1742
1286
1622
803
1747
1646
1308
678
679
907
779
1819
1095
1817
1188
1321
1158
891
855
747
1590
1484
1534
1750
829
1722
735
884
1155
767
1640
1789
1129
1580
972
1913
404
1926
934
1096
1144
1823
1718
1639
1577
1866
817
1486
709
1771
1656
1911
849
821
464
1104
1248
1511
804
1673
1800
1670
1975
835
1228
1804
1626
1903
1583
1664
1690
1176
1391
878
1698
426
1349
806
947
1675
763
1091
624
1785
870
1457
1925
1567
1921
1122
1645
1899
1189
1262
800
1446
1369
1731
943
1910
1976
1165
736
1240
1940
890
1840
1525
1435
1067
1967
1298
1282
1411
1659
753
1849
1464
778
783
1538
532
1545
1561
1202
1170
1671
1497
757
1128
1693
1982
1264
1215
458
1118
1186
405
898
1904
1654
913
868
671
1021
1808
700
1220
1855
897
1582
746
1733
1425
1237
811
1781
1663
1743
635
1980
1239
1856
1311
580
1858
1195
1385
1867
1163
690
765
1536
1865
1883
1301
843
558
1717
1471
1630
752
1575
1084
1772
722
1818
1151
1383
1319
1723
1071
1637
1296
1418
1416
1770
419
1371
830
1272
833
916
1285
370
997
758
559
1168
1229
1504
717
1111
1022
1952
1972
676
1950
1843
1628
808
1445
1194
795
1293
1851
743
620
1768
998
1406
1712
1724
738
1908
1931
1260
1987
1992
990
1053
1216
1612
569
1613
1633
452
1444
827
1728
1314
1746
1235
1665
660
840
1697
825
1530
1494
1231
1160
1584
1250
1014
1458
526
1631
684
858
959
1162
1367
1205
751
407
1936
1832
1190
550
1198
1233
1166
1294
420
1977
917
639
1230
1624
444
1219
654
388
949
1815
490
1807
1813
741
756
791
1347
1270
1079
749
772
815
1744
1887
784
441
1775
1901
1326
590
557
903
1917
498
1002
1089
977
462
1459
950
1558
1490
1642
893
409
1495
1531
478
374
543
1107
1905
708
1662
1601
1820
467
969
1145
971
1025
1543
1372
1685
440
1667
889
776
1269
857
940
606
1814
1370
484
1338
910
1604
1010
1882
1100
1891
418
1377
1871
1704
1121
1329
1751
1929
1061
570
1958
1586
625
796
1974
397
730
1403
593
1943
1978
1611
1827
809
1736
456
1666
527
486
1605
1206
373
1879
1784
1267
1140
1786
1571
880
1826
1266
1361
1565
1288
1638
1506
748
1197
986
1368
692
1134
1765
1431
1131
594
1803
1719
294
1607
696
1705
544
1323
1912
992
1119
1527
1603
602
1081
837
792
672
597
1481
993
1643
1557
1661
1756
551
1762
930
589
628
622
1325
983
733
1064
1548
1420
591
798
1009
1600
412
1651
987
393
1932
831
1544
522
1074
607
1123
1328
1994
1143
1738
1346
616
577
1689
1956
495
1721
482
719
1625
471
621
518
1489
1793
727
922
1553
1547
1087
611
406
428
850
1437
1172
1161
1726
652
376
1268
1447
267
1948
1939
1364
1280
1935
448
1990
1263
665
667
600
807
928
820
1150
1379
387
1927
694
537
1042
1861
687
1040
1533
693
610
609
429
1707
438
1287
662
502
1137
615
1668
1177
384
382
1281
623
1302
1340
475
603
641
512
573
596
1520
863
1405
352
1483
430
1708
535
1460
801
427
787
627
415
1734
283
1753
1034
457
1390
1392
604
1681
725
431
754
541
1428
566
674
1273
979
582
275
668
435
666
871
1714
530
918
579
886
375
1528
1919
1366
637
1452
816
1019
1224
1141
1113
538
1303
483
1076
1779
446
1720
1102
1596
942
1811
773
1900
417
1381
638
578
631
1777
822
1005
663
683
556
888
592
1135
894
511
445
574
612
423
496
1072
489
499
547
1277
995
980
636
552
454
1052
1397
587
411
1741
1358
476
371
434
416
1048
1869
935
386
1400
519
1508
1655
524
651
1875
864
945
682
1449
711
436
715
1156
421
686
455
844
453
653
1344
228
488
1378
237
494
493
1889
655
298
632
718
856
852
1863
400
1564
473
379
250
472
459
229
413
714
648
614
225
1114
365
994
1955
263
480
656
536
650
691
1647
481
264
1078
1059
1898
546
1985
533
223
1251
309
548
634
334
1480
598
317
618
523
613
310
1749
255
392
588
503
414
422
402
1797
673
1373
378
497
468
1242
525
372
626
658
599
439
282
1441
286
396
1065
470
619
669
698
931
363
1258
561
359
443
368
425
381
554
720
505
1532
303
248
205
460
360
549
1015
389
474
1175
366
450
689
230
1038
410
299
705
925
500
1011
432
680
702
531
361
254
491
515
553
707
287
645
465
451
442
307
633
323
1886
681
261
466
1629
647
601
401
172
659
699
1703
520
293
391
504
501
447
395
251
437
285
534
469
509
572
335
521
568
646
344
289
675
353
403
1409
358
514
507
319
542
1278
320
670
461
567
367
249
369
291
586
383
1181
649
380
608
399
951
433
703
952
362
385
701
325
921
1516
321
314
253
506
315
685
305
333
279
271
232
247
697
266
539
242
560
571
241
336
357
186
704
210
562
224
1475
555
712
265
1942
269
564
201
688
239
278
280
529
155
629
273
584
349
563
710
479
160
221
292
240
311
540
340
643
182
302
1097
390
212
1291
348
306
595
398
318
485
128
262
342
576
183
677
695
192
277
231
1732
341
351
236
246
331
259
1199
347
238
209
617
211
630
222
528
328
313
330
706
657
157
338
213
565
713
513
156
181
117
1573
477
260
234
350
141
545
508
356
343
214
153
177
272
257
243
345
424
134
220
199
492
575
312
517
296
364
1923
166
301
290
258
190
256
308
245
276
175
354
193
510
644
173
206
131
168
355
244
171
268
284
346
161
184
326
274
142
198
195
288
337
196
202
322
235
316
270
640
219
126
329
300
408
304
204
113
191
106
116
252
324
281
194
162
297
130
215
185
167
111
174
150
233
189
140
125
127
89
327
332
143
179
149
197
226
169
133
188
295
107
136
216
180
115
339
164
152
151
165
148
158
178
110
135
83
176
137
132
218
138
207
145
208
129
109
119
123
105
227
121
159
203
86
187
114
104
146
144
87
97
88
91
154
100
81
122
139
72
101
163
92
95
84
108
200
98
62
79
103
120
217
118
82
93
112
124
66
67
94
85
70
170
53
68
90
51
74
56
75
73
65
59
147
102
99
63
58
69
54
80
50
77
96
55
64
46
52
47
57
71
76
45
60
33
61
40
34
41
44
32
36
42
39
37
78
35
30
43
49
38
29
48
31
27
28
24
25
26
19
18
23
21
16
22
20
17
14
13
15
11
12
10
8
9
6
7
5
4
3
2
1
0
