3	0.0: [970, 965, 276, 612, 553, 781, 72, 468, 389, 205, ]
3	0.0: [846, 919, 201, 612, 628, 858, 1, 357, 458, 58, ]
3	0.0: [947, 995, 28, 602, 633, 782, 1, 336, 379, 250, ]
3	0.0: [839, 1217, 188, 589, 547, 615, 155, 445, 369, 1, ]
3	0.0: [919, 799, 260, 633, 620, 693, 1, 394, 357, 250, ]
3	0.0: [846, 905, 200, 604, 480, 785, 23, 467, 429, 272, ]
3	0.0: [917, 844, 256, 618, 478, 695, 83, 162, 382, 373, ]
3	0.0: [967, 878, 270, 605, 407, 870, 1, 371, 438, 378, ]
3	0.0: [824, 1054, 256, 595, 379, 606, 99, 255, 406, 19, ]
3	0.0: [954, 1171, 321, 604, 600, 639, 1, 574, 361, 320, ]
3	0.0: [898, 837, 277, 647, 591, 783, 5, 102, 416, 1, ]
3	0.0: [861, 1088, 270, 632, 760, 733, 235, 502, 396, 198, ]
3	0.0: [849, 1210, 172, 591, 491, 853, 144, 430, 396, 60, ]
3	0.0: [1046, 979, 229, 586, 519, 745, 1, 111, 391, 2, ]
3	0.0: [1004, 1033, 266, 601, 491, 678, 3, 436, 409, 120, ]
3	0.0: [869, 1038, 277, 606, 587, 674, 1, 583, 374, 417, ]
3	0.0: [949, 893, 151, 580, 505, 761, 118, 330, 426, 113, ]
3	0.0: [844, 1043, 316, 600, 491, 803, 55, 468, 407, 187, ]
3	0.0: [831, 1135, 210, 622, 548, 714, 1, 599, 405, 201, ]
3	0.0: [1057, 793, 180, 585, 549, 597, 24, 603, 390, 18, ]
3	0.0: [912, 668, 307, 605, 481, 648, 139, 635, 389, 1, ]
3	0.0: [866, 711, 277, 597, 642, 710, 1, 603, 362, 84, ]
3	0.0: [928, 1076, 164, 601, 299, 751, 1, 433, 345, 215, ]
3	0.0: [915, 981, 104, 607, 601, 580, 1, 496, 426, 135, ]
3	0.0: [1026, 1210, 218, 624, 282, 717, 315, 622, 393, 147, ]
3	0.0: [883, 764, 400, 622, 679, 797, 1, 492, 388, 441, ]
3	0.0: [804, 942, 202, 618, 517, 646, 198, 637, 476, 351, ]
3	0.0: [887, 1013, 293, 605, 710, 716, 196, 440, 380, 129, ]
3	0.0: [955, 726, 314, 603, 649, 633, 187, 694, 433, 1, ]
3	0.0: [889, 1320, 318, 618, 343, 769, 225, 443, 466, 174, ]
3	0.0: [926, 1119, 242, 607, 640, 669, 1, 399, 485, 258, ]
3	0.0: [978, 864, 300, 600, 387, 655, 181, 306, 381, 1, ]
3	0.0: [890, 1203, 266, 613, 474, 804, 157, 304, 406, 58, ]
3	0.0: [987, 1347, 279, 597, 536, 732, 30, 251, 372, 343, ]
3	0.0: [991, 1034, 193, 598, 701, 641, 211, 422, 439, 263, ]
3	0.0: [1024, 968, 241, 618, 498, 813, 102, 407, 371, 244, ]
3	0.0: [724, 692, 197, 624, 555, 633, 373, 490, 353, 73, ]
3	0.0: [869, 925, 156, 611, 522, 683, 17, 475, 327, 200, ]
3	0.0: [981, 1012, 54, 595, 270, 724, 117, 360, 392, 259, ]
3	0.0: [808, 1284, 273, 591, 565, 800, 1, 495, 408, 181, ]
3	0.0: [780, 894, 111, 598, 658, 745, 163, 463, 388, 167, ]
3	0.0: [823, 859, 168, 603, 632, 705, 192, 274, 480, 26, ]
3	0.0: [892, 869, 280, 610, 758, 787, 306, 506, 385, 86, ]
3	0.0: [832, 843, 293, 616, 563, 639, 349, 722, 334, 24, ]
3	0.0: [949, 1120, 203, 611, 524, 731, 1, 441, 367, 326, ]
3	0.0: [801, 895, 256, 626, 410, 762, 311, 169, 342, 127, ]
3	0.0: [920, 811, 140, 601, 476, 646, 76, 664, 409, 1, ]
3	0.0: [941, 1116, 267, 587, 412, 885, 116, 253, 330, 80, ]
3	0.0: [931, 1329, 254, 611, 762, 805, 21, 629, 397, 81, ]
3	0.0: [835, 968, 339, 602, 392, 751, 91, 583, 395, 140, ]
3	0.0: [769, 1107, 151, 619, 494, 871, 46, 186, 386, 199, ]
3	0.0: [1033, 909, 149, 609, 553, 728, 1, 568, 374, 88, ]
3	0.0: [820, 1138, 257, 578, 544, 673, 656, 291, 422, 11, ]
3	0.0: [951, 973, 211, 603, 747, 721, 50, 452, 432, 46, ]
3	0.0: [817, 819, 252, 608, 758, 749, 210, 425, 394, 121, ]
3	0.0: [894, 1061, 240, 595, 680, 789, 371, 168, 402, 109, ]
3	0.0: [901, 1095, 271, 607, 384, 772, 343, 635, 410, 123, ]
3	0.0: [878, 988, 179, 622, 680, 684, 182, 680, 406, 72, ]
3	0.0: [790, 1049, 200, 602, 370, 846, 69, 505, 440, 258, ]
3	0.0: [741, 970, 224, 601, 531, 869, 130, 158, 310, 19, ]
3	0.0: [927, 1244, 238, 608, 410, 749, 203, 369, 397, 120, ]
3	0.0: [943, 1167, 288, 594, 545, 731, 1, 587, 405, 86, ]
3	0.0: [847, 1012, 105, 591, 544, 757, 241, 418, 434, 114, ]
3	0.0: [905, 1149, 285, 606, 658, 788, 193, 445, 370, 1, ]
3	0.0: [949, 1020, 233, 612, 739, 814, 268, 407, 414, 51, ]
3	0.0: [868, 1156, 214, 612, 650, 748, 197, 213, 403, 1, ]
3	0.0: [973, 993, 155, 625, 573, 835, 92, 378, 362, 109, ]
3	0.0: [846, 1234, 113, 596, 530, 694, 417, 484, 352, 248, ]
3	0.0: [885, 1100, 308, 609, 507, 716, 1, 686, 408, 329, ]
3	0.0: [856, 966, 308, 623, 718, 847, 89, 587, 386, 242, ]
3	0.0: [863, 891, 173, 606, 356, 693, 288, 400, 429, 1, ]
3	0.0: [788, 1223, 181, 592, 363, 744, 312, 313, 395, 16, ]
3	0.0: [767, 1066, 367, 615, 359, 642, 64, 258, 363, 89, ]
3	0.0: [834, 1215, 388, 615, 638, 725, 66, 515, 435, 63, ]
3	0.0: [843, 995, 263, 609, 542, 693, 28, 409, 399, 10, ]
3	0.0: [886, 882, 192, 614, 537, 762, 148, 286, 380, 248, ]
3	0.0: [907, 1092, 254, 592, 414, 598, 332, 580, 454, 1, ]
3	0.0: [934, 1371, 249, 598, 720, 734, 232, 457, 453, 321, ]
3	0.0: [850, 860, 216, 588, 374, 694, 1, 696, 416, 1, ]
3	0.0: [890, 884, 279, 605, 630, 578, 189, 682, 386, 87, ]
3	0.0: [934, 936, 191, 605, 708, 745, 1, 865, 391, 148, ]
3	0.0: [941, 927, 200, 617, 659, 682, 135, 493, 432, 42, ]
3	0.0: [900, 964, 318, 607, 720, 735, 120, 589, 413, 10, ]
3	0.0: [839, 736, 324, 608, 652, 847, 27, 640, 365, 220, ]
3	0.0: [898, 894, 134, 601, 502, 657, 372, 675, 357, 258, ]
3	0.0: [958, 847, 209, 604, 143, 726, 123, 427, 420, 372, ]
3	0.0: [863, 795, 92, 605, 459, 645, 279, 669, 375, 1, ]
3	0.0: [777, 1258, 83, 614, 630, 804, 1, 379, 371, 21, ]
3	0.0: [982, 864, 260, 605, 649, 714, 212, 534, 405, 1, ]
3	0.0: [927, 1294, 261, 609, 626, 743, 1, 327, 392, 30, ]
3	0.0: [1012, 884, 203, 609, 593, 766, 390, 686, 440, 107, ]
3	0.0: [952, 1135, 213, 624, 537, 761, 1, 597, 325, 1, ]
3	0.0: [883, 997, 160, 598, 469, 790, 1, 545, 316, 163, ]
3	0.0: [776, 1326, 298, 602, 322, 718, 1, 395, 465, 110, ]
3	0.0: [876, 912, 321, 598, 482, 742, 22, 559, 442, 1, ]
3	0.0: [914, 942, 194, 621, 719, 797, 293, 386, 423, 15, ]
3	0.0: [873, 1095, 277, 606, 587, 829, 9, 466, 394, 54, ]
3	0.0: [981, 923, 343, 626, 349, 741, 21, 443, 466, 256, ]
3	0.0: [866, 1086, 266, 609, 528, 795, 47, 472, 357, 218, ]
3	0.0: [1042, 1351, 232, 606, 496, 801, 260, 594, 418, 1, ]
