1826
1793
814
1208
778
1123
1928
1215
1186
1361
1069
733
1357
934
1732
1378
1615
1176
929
1443
1759
828
1621
1889
1788
952
1114
1509
1922
1447
997
872
1231
928
1596
1848
752
792
1446
1581
1285
1308
1746
840
1453
1474
1138
996
1404
1433
1137
957
1595
1436
1311
944
1201
1763
1107
1603
1608
1501
755
990
848
807
1832
751
774
1519
1785
1614
1466
1780
1996
1733
1852
1791
1332
866
1089
1771
1755
1187
975
1527
1228
926
977
1613
1379
1083
1164
1462
1612
935
1457
1349
1408
1916
1734
1204
1476
1798
1454
1496
1525
1646
1710
1739
1419
1456
1936
1012
1745
1689
1570
873
1983
791
1549
999
726
1753
1837
1812
1940
1768
1823
888
763
1659
1984
1073
1765
1048
1721
1706
1498
1843
1259
1194
1126
1979
1434
820
987
1666
1606
1276
1767
1860
891
1803
1085
1601
1172
1380
1248
1409
1699
1335
1061
1431
1591
1968
1200
1351
993
1772
1500
1562
1014
1133
973
810
1437
1277
1441
1430
1098
1969
1820
1389
1593
1749
841
1036
1948
1786
1542
1020
1491
932
1210
879
1347
1977
1569
1135
951
924
815
959
1623
760
1275
1024
1858
1328
1895
1090
1592
1052
1873
1173
1717
1958
1097
1503
912
892
1782
1998
972
1320
1206
1831
1784
1009
1989
863
1644
1124
1245
1841
906
943
1795
1722
1872
842
1286
1368
818
953
1424
1330
1442
1605
783
1815
898
1629
1502
1371
1479
894
737
1937
1896
813
738
1756
1129
1241
883
1050
1806
833
921
1410
1586
911
981
1084
1161
1752
1588
1917
1342
1297
1635
1327
832
785
1185
1299
794
1232
1049
1323
1355
1866
1670
1044
1956
1507
1411
1047
753
1583
1769
1064
1316
729
1862
1290
1891
1641
1899
1599
1314
978
1435
1550
1811
1942
1198
1055
731
1961
745
1740
1560
1162
1727
867
984
1023
1111
509
1789
1147
902
947
1931
1963
1258
1082
1800
1538
1561
1120
1645
1973
762
1242
1188
1227
1844
986
1108
899
1835
1452
804
1551
1861
1294
1483
854
1859
1485
802
850
1272
1331
915
1783
1056
1165
1617
1971
1482
917
1391
1324
1919
1517
750
1531
893
1901
1867
793
1648
741
1566
1045
1421
923
1830
767
1857
1388
1112
1109
903
742
1130
1691
905
1903
1624
1495
1065
1022
995
1274
1978
700
941
1473
1037
1117
1159
1700
1305
885
1450
954
1438
1486
1611
1271
1681
1982
1121
1465
1217
1341
877
998
1508
1882
1317
1031
1134
1577
865
1006
1804
1251
1334
1444
1079
1602
1132
955
1223
799
1909
1915
1236
1366
1637
1464
1402
1058
964
950
1853
1590
1870
1459
1365
1346
1761
1589
869
1141
1352
1387
827
1736
1211
1914
795
508
1127
1880
1929
1122
1066
475
1638
1163
1304
1536
1260
979
1492
1145
1776
1461
824
1106
1957
1547
805
1548
1078
831
940
1904
803
1092
790
1077
1932
524
1125
1268
1169
1587
904
1205
1610
1728
1243
1099
1511
1934
1855
1196
800
821
1552
1633
1178
1871
853
1374
1898
1142
1631
1758
708
1393
1927
1043
651
1195
1754
890
779
1540
1068
789
1750
1620
1348
1558
1738
1216
1062
1403
1692
1846
1522
1762
1401
1105
1874
985
1289
1455
1458
1218
916
1585
1150
1578
1149
1709
744
1839
1817
806
1868
1252
938
1015
1518
1990
1869
1647
1226
773
1420
1924
1741
1516
956
1960
1805
1394
1359
1649
1070
1790
1263
1283
1980
861
1572
1247
1634
1524
1008
728
1088
1643
1668
1514
1981
1877
1523
1521
1354
1322
1967
1067
1095
723
1913
768
1238
1711
1854
835
1293
735
1021
1813
1152
1825
1384
1256
1677
846
732
914
1713
1505
1267
1864
1326
982
1307
823
1053
781
1821
1336
875
1484
1423
1849
1554
1460
849
1093
739
749
1537
784
919
1876
1154
1556
1632
1730
1636
1321
927
1510
1270
1246
1151
1964
1625
1714
1042
756
945
1298
758
1719
721
1086
1207
1530
901
1628
844
1705
1910
1193
766
1907
1405
913
1333
909
1921
930
1667
1257
1016
1565
949
1766
1827
608
1533
1949
931
933
1863
1725
1292
1838
1381
787
851
1555
1529
1693
1004
1938
1027
504
1174
1269
1609
1954
1690
1343
1809
1313
859
1177
1678
1939
1887
1179
1041
1777
1312
1512
1372
1344
1856
1959
1712
1737
1029
769
772
1616
797
1947
677
378
761
845
654
397
1199
1694
1955
994
991
1030
1742
1701
1356
1794
962
881
582
1087
1526
421
1671
1999
1390
1568
922
1883
1688
1428
1708
1912
1400
1213
1383
1104
1748
1013
1244
1799
1966
1094
1128
1829
1642
746
1467
855
1422
958
1751
1534
1261
1406
780
620
1113
843
860
1962
1716
1278
1253
1655
971
1002
1396
1385
776
1254
1704
1143
856
720
597
1189
1265
1686
980
817
1229
1148
925
1814
889
775
1953
1306
1300
1101
968
942
1781
1972
939
1541
1662
1054
1650
764
812
1480
1925
1888
1528
983
1057
1965
874
740
1478
759
1893
1618
1468
706
1222
1166
852
887
1884
907
466
1715
937
1944
1412
1280
1220
1370
628
1685
1796
1237
1060
1427
1584
1295
1908
1000
1377
1807
1140
463
1654
1787
1878
1946
1975
1952
1262
1445
1535
1559
1824
1703
1449
1600
736
910
1360
1676
1487
1992
1582
1651
1426
1687
1695
816
1697
1136
1673
1190
1943
1684
1249
725
918
1607
1810
1100
1622
1325
822
1240
1840
796
1920
801
876
1892
1350
1836
724
1358
1287
1026
650
1472
1504
484
976
588
1875
1369
1557
920
969
747
1663
1102
1669
564
1674
1415
1119
1202
1264
1376
722
478
1212
1418
386
1051
1463
1063
1039
1096
1935
1515
836
1890
1488
1731
711
1019
1801
1726
908
1345
1081
757
1160
679
1729
1897
743
1657
1192
1773
1640
633
1604
1506
1413
1945
1520
1091
1918
671
1182
1744
897
579
788
895
1296
1234
1988
1900
1885
1417
1115
631
1075
1339
543
1318
1367
1025
900
1802
1664
1481
1905
1639
1364
988
1724
1735
830
878
1315
452
1414
1475
1818
1158
880
1698
837
1976
1398
1658
1407
1432
1926
1842
573
1497
1118
1627
965
1770
1319
777
811
1429
1994
1779
1266
1382
1028
1011
1362
422
1397
1652
1353
1470
1986
391
1209
523
1469
1183
782
1203
1181
1764
1933
1702
1499
1375
1471
1743
1490
1170
1010
1225
1235
560
1879
1046
786
1513
1995
514
847
419
1175
442
1845
1894
1563
1034
1985
1997
1757
557
862
948
1071
432
1902
1661
1074
1847
705
1828
748
1003
1489
1597
974
1180
1284
1281
1425
1139
1774
963
809
1301
1337
1214
713
992
1076
1310
1906
798
1363
1923
834
1950
1564
1197
682
690
1580
1656
1146
1951
392
1579
1546
429
1386
665
989
1017
1340
1665
1576
1675
838
1672
1250
1416
770
545
1571
1574
960
1110
1851
1850
449
884
627
489
1059
476
502
383
1033
1532
1221
563
1778
896
886
1707
1653
970
1273
1993
1987
384
1970
1040
1255
1116
1303
703
1309
1493
587
1911
1775
1302
1038
1282
1567
871
1865
570
649
663
1720
1144
1619
734
370
485
961
1451
1080
667
455
555
1723
511
658
1191
1816
870
1630
1279
1575
1338
684
613
1718
374
311
688
936
1156
1219
882
460
771
864
1153
559
710
456
1941
647
614
858
1594
808
1005
1991
1291
604
431
754
1184
470
1573
1626
544
445
659
1680
451
1544
1171
520
727
714
857
1598
428
1808
1072
539
1167
595
1539
430
1792
382
826
698
967
407
946
416
966
1157
433
819
1543
535
1392
525
368
1230
712
393
519
492
1395
394
1696
388
1233
618
825
1131
530
558
701
599
486
1477
548
1035
1660
1682
765
556
839
625
1018
1440
638
440
1679
459
389
435
1007
496
683
1373
675
1833
1819
480
472
1224
694
1797
1239
640
1760
565
581
660
468
474
656
1168
403
538
1001
1494
561
469
410
1822
612
402
1886
424
461
639
601
676
868
578
1553
462
1930
1103
642
491
458
425
467
437
664
648
531
577
1683
693
1974
657
1881
1545
730
678
1747
629
1329
1834
444
586
615
593
1439
550
495
387
562
482
1448
829
516
691
547
670
549
400
499
473
450
616
707
719
439
471
381
518
716
1399
417
681
634
448
568
533
606
643
494
669
652
630
377
367
609
409
404
532
262
569
412
224
1032
438
418
375
554
1155
522
571
490
611
623
526
566
483
369
507
517
655
580
715
411
672
621
243
542
379
413
598
567
307
501
477
591
515
641
584
1288
617
673
540
505
697
661
426
510
709
635
605
546
487
632
619
603
583
255
689
287
352
527
637
371
447
534
624
454
229
258
717
575
390
662
541
636
498
457
398
443
408
692
399
497
395
423
552
265
372
284
361
415
537
521
309
436
434
333
446
373
481
441
674
225
380
303
488
718
279
506
704
363
528
177
464
551
300
529
385
653
248
695
594
687
365
512
296
610
592
260
685
666
290
686
500
576
536
266
453
305
602
645
702
420
351
302
396
366
233
249
589
414
479
406
273
646
503
600
254
246
157
292
699
322
358
590
553
644
427
294
291
668
493
285
288
316
299
230
362
245
626
347
340
328
261
324
317
465
241
401
227
259
207
310
622
574
212
327
275
349
251
321
338
680
607
596
325
271
234
335
360
346
268
696
572
257
277
585
312
306
191
252
242
353
323
342
235
334
209
315
330
283
223
339
337
318
208
214
331
231
301
263
348
187
356
308
256
304
286
513
289
313
280
176
332
226
232
376
354
267
244
364
274
319
189
115
282
165
163
195
350
326
206
297
240
264
359
169
357
295
298
293
182
281
341
405
236
185
336
247
194
253
161
213
320
172
250
314
162
186
343
158
153
278
218
119
228
222
355
188
167
272
200
201
219
276
166
174
270
148
159
164
190
131
269
329
237
127
239
238
173
150
220
192
210
154
184
202
134
180
151
197
198
168
181
217
204
117
128
345
179
196
344
155
175
125
156
205
216
183
122
160
126
135
171
137
116
170
178
215
109
203
152
221
114
133
104
139
142
101
110
199
129
140
149
193
211
108
106
136
111
120
130
118
84
138
144
93
143
121
123
113
132
146
98
105
103
107
81
147
92
124
83
87
86
79
80
82
96
76
91
141
90
65
89
94
77
69
64
62
88
99
74
112
85
100
145
97
41
71
67
73
95
102
51
55
70
63
66
78
58
42
56
72
59
68
60
75
53
49
31
43
48
54
52
47
57
40
61
46
37
50
44
45
38
35
36
39
25
34
29
28
32
24
33
22
21
26
30
23
17
27
19
18
20
16
15
13
11
14
12
9
8
10
7
5
6
4
3
2
1
0
