5	0.0: 535 607 861 898 
5	0.0: 679 612 747 844 
5	0.0: 558 711 751 915 
5	0.0: 487 566 633 877 
5	0.0: 535 648 709 892 
5	0.0: 470 702 817 859 
5	0.0: 310 599 772 821 
5	0.0: 833 713 750 832 
5	0.0: 434 583 834 872 
5	0.0: 621 567 758 854 
5	0.0: 513 648 826 868 
5	0.0: 768 818 751 887 
1	0.0: 982 659 905 891 
1	0.0: 926 707 717 862 
5	0.0: 519 622 778 870 
5	0.0: 791 665 605 861 
5	0.0: 751 578 703 842 
5	0.0: 223 609 874 883 
5	0.0: 636 648 687 850 
5	0.0: 487 678 746 868 
5	0.0: 388 622 706 865 
5	0.0: 431 651 760 879 
5	0.0: 464 605 832 892 
5	0.0: 677 547 750 853 
5	0.0: 783 592 783 858 
5	0.0: 365 638 781 861 
5	0.0: 689 671 729 868 
5	0.0: 591 668 787 850 
5	0.0: 609 544 732 819 
5	0.0: 877 581 721 892 
5	0.0: 718 672 836 854 
1	0.0: 1022 697 739 857 
5	0.0: 487 639 734 886 
5	0.0: 476 691 817 897 
5	0.0: 769 525 711 855 
5	0.0: 523 611 754 846 
5	0.0: 557 606 748 895 
5	0.0: 511 556 807 834 
5	0.0: 300 733 835 876 
5	0.0: 691 785 766 853 
5	0.0: 286 665 847 838 
5	0.0: 646 692 784 921 
5	0.0: 366 589 738 840 
5	0.0: 424 583 937 918 
5	0.0: 592 623 864 873 
5	0.0: 386 627 794 840 
5	0.0: 816 582 746 857 
6	0.0: 976 600 768 890 
5	0.0: 747 559 864 881 
5	0.0: 752 628 796 913 
5	0.0: 434 570 703 847 
5	0.0: 506 623 677 886 
5	0.0: 523 674 780 881 
1	0.0: 931 696 627 865 
5	0.0: 582 559 735 869 
5	0.0: 813 668 741 856 
5	0.0: 561 542 806 860 
5	0.0: 529 661 718 860 
5	0.0: 296 575 663 863 
5	0.0: 457 620 774 833 
5	0.0: 605 566 709 877 
5	0.0: 463 619 754 833 
5	0.0: 607 542 732 863 
5	0.0: 364 565 638 864 
1	0.0: 1082 654 757 868 
5	0.0: 542 731 720 875 
5	0.0: 526 593 808 841 
5	0.0: 827 624 715 830 
5	0.0: 714 584 782 877 
5	0.0: 523 645 773 893 
5	0.0: 748 676 749 861 
5	0.0: 464 706 747 876 
5	0.0: 636 608 837 847 
5	0.0: 498 626 886 865 
5	0.0: 524 659 809 889 
5	0.0: 717 614 690 841 
5	0.0: 795 527 793 873 
5	0.0: 405 625 659 880 
5	0.0: 571 690 806 859 
5	0.0: 447 631 724 852 
5	0.0: 607 589 813 844 
5	0.0: 595 710 794 877 
5	0.0: 593 675 765 858 
5	0.0: 741 656 841 883 
5	0.0: 389 676 829 852 
5	0.0: 423 596 851 918 
5	0.0: 352 567 791 866 
5	0.0: 598 584 760 846 
5	0.0: 215 594 779 872 
5	0.0: 836 635 792 819 
5	0.0: 408 657 685 847 
5	0.0: 587 680 816 860 
5	0.0: 490 692 696 852 
5	0.0: 567 538 701 827 
5	0.0: 860 651 755 873 
5	0.0: 501 674 785 863 
5	0.0: 415 667 813 856 
5	0.0: 492 657 892 889 
5	0.0: 444 569 742 869 
5	0.0: 695 573 730 900 
5	0.0: 432 609 833 867 
5	0.0: 836 687 814 878 
5	0.0: 770 689 719 883 
5	0.0: 841 668 761 855 
5	0.0: 690 596 829 847 
5	0.0: 572 587 779 874 
5	0.0: 602 609 742 865 
5	0.0: 374 580 800 876 
5	0.0: 605 659 763 854 
5	0.0: 570 679 723 856 
5	0.0: 637 703 781 883 
5	0.0: 588 650 952 845 
5	0.0: 448 622 713 877 
5	0.0: 592 691 703 840 
5	0.0: 364 536 895 888 
5	0.0: 423 551 756 863 
5	0.0: 753 690 724 862 
5	0.0: 324 599 869 920 
5	0.0: 315 707 760 874 
5	0.0: 731 647 827 871 
5	0.0: 763 614 851 896 
5	0.0: 506 646 845 871 
5	0.0: 262 755 749 877 
5	0.0: 563 568 877 814 
5	0.0: 470 650 989 851 
5	0.0: 456 606 697 888 
5	0.0: 842 701 860 870 
5	0.0: 820 722 675 826 
5	0.0: 839 616 619 900 
5	0.0: 597 665 816 854 
5	0.0: 692 577 796 907 
5	0.0: 396 674 794 854 
5	0.0: 511 634 760 862 
5	0.0: 663 611 833 813 
5	0.0: 549 645 751 901 
5	0.0: 197 654 888 907 
5	0.0: 613 641 736 876 
5	0.0: 747 684 657 909 
5	0.0: 357 671 759 902 
5	0.0: 610 633 772 848 
5	0.0: 675 686 780 841 
5	0.0: 856 667 767 909 
5	0.0: 844 642 848 858 
5	0.0: 604 641 677 857 
1	0.0: 1013 646 783 859 
5	0.0: 492 652 753 879 
5	0.0: 205 666 826 888 
5	0.0: 680 580 767 876 
5	0.0: 558 652 744 851 
5	0.0: 787 681 818 886 
5	0.0: 887 622 741 874 
5	0.0: 708 695 848 856 
5	0.0: 529 634 764 881 
5	0.0: 777 644 739 836 
5	0.0: 750 619 828 860 
5	0.0: 293 625 852 868 
5	0.0: 604 611 871 838 
5	0.0: 607 740 763 878 
5	0.0: 620 620 788 908 
5	0.0: 571 625 789 865 
6	0.0: 927 585 797 855 
5	0.0: 543 624 777 871 
5	0.0: 648 632 695 867 
6	0.0: 1013 568 766 870 
5	0.0: 689 660 777 875 
5	0.0: 785 627 752 898 
1	0.0: 994 679 824 888 
5	0.0: 843 665 638 903 
5	0.0: 688 584 884 835 
5	0.0: 784 663 782 860 
5	0.0: 262 690 828 886 
5	0.0: 520 621 785 871 
5	0.0: 609 711 796 853 
5	0.0: 476 730 810 829 
5	0.0: 528 665 765 851 
5	0.0: 525 655 766 867 
5	0.0: 447 670 918 837 
5	0.0: 382 689 799 859 
5	0.0: 733 580 785 822 
5	0.0: 667 678 801 881 
5	0.0: 723 657 774 842 
5	0.0: 417 673 775 859 
5	0.0: 715 685 742 868 
5	0.0: 791 732 766 869 
5	0.0: 521 723 748 851 
5	0.0: 425 549 787 908 
5	0.0: 714 750 762 879 
5	0.0: 668 571 751 836 
5	0.0: 216 596 773 872 
6	0.0: 981 630 780 848 
5	0.0: 200 567 889 850 
5	0.0: 760 598 676 876 
5	0.0: 617 540 862 860 
5	0.0: 641 710 777 874 
6	0.0: 872 560 799 869 
5	0.0: 540 674 793 850 
5	0.0: 496 586 807 879 
5	0.0: 532 663 789 850 
5	0.0: 745 567 757 896 
5	0.0: 591 627 671 877 
5	0.0: 754 631 702 871 
5	0.0: 501 687 797 879 
5	0.0: 847 640 817 844 
5	0.0: 902 621 727 886 
5	0.0: 613 582 721 853 
5	0.0: 707 665 884 857 
5	0.0: 419 626 776 835 
5	0.0: 256 674 806 877 
5	0.0: 839 657 759 902 
5	0.0: 534 686 764 857 
5	0.0: 151 675 735 893 
5	0.0: 463 653 834 859 
5	0.0: 543 662 828 861 
5	0.0: 527 618 838 875 
6	0.0: 939 531 767 874 
5	0.0: 599 654 775 900 
5	0.0: 473 642 774 873 
5	0.0: 777 703 724 873 
5	0.0: 525 678 742 879 
5	0.0: 513 668 728 857 
5	0.0: 575 628 783 859 
5	0.0: 515 631 673 829 
5	0.0: 835 666 769 869 
5	0.0: 627 679 810 866 
5	0.0: 498 705 645 864 
5	0.0: 903 624 821 895 
5	0.0: 432 594 848 890 
5	0.0: 581 692 737 878 
5	0.0: 611 660 770 868 
5	0.0: 713 617 682 832 
5	0.0: 649 685 739 904 
5	0.0: 791 604 829 876 
5	0.0: 413 637 807 827 
5	0.0: 847 634 689 848 
5	0.0: 736 648 743 853 
5	0.0: 574 620 818 867 
5	0.0: 844 661 705 852 
5	0.0: 520 613 722 853 
5	0.0: 413 700 769 874 
5	0.0: 523 721 857 884 
5	0.0: 655 633 727 870 
5	0.0: 536 665 970 871 
5	0.0: 635 672 722 837 
6	0.0: 942 605 918 850 
5	0.0: 326 619 672 860 
6	0.0: 922 603 699 842 
5	0.0: 734 561 808 873 
5	0.0: 597 729 910 852 
5	0.0: 569 583 651 870 
5	0.0: 544 636 697 837 
