4	0.0: 955 207 129 778 
4	0.0: 987 320 1 783 
4	0.0: 996 333 70 692 
4	0.0: 1019 382 59 570 
4	0.0: 987 340 1 591 
4	0.0: 974 256 1 831 
4	0.0: 1032 376 412 774 
4	0.0: 988 341 1 483 
4	0.0: 1056 320 1 746 
4	0.0: 899 181 1 794 
4	0.0: 922 454 1 813 
4	0.0: 1023 365 27 745 
4	0.0: 975 266 1 696 
4	0.0: 914 232 319 773 
4	0.0: 981 324 347 514 
4	0.0: 1018 281 56 546 
4	0.0: 993 279 32 726 
4	0.0: 1064 302 132 591 
4	0.0: 1006 216 106 661 
4	0.0: 962 257 158 802 
4	0.0: 969 397 9 789 
4	0.0: 1092 216 228 576 
4	0.0: 964 203 1 725 
4	0.0: 965 261 1 545 
4	0.0: 1067 297 1 561 
4	0.0: 979 362 47 479 
4	0.0: 969 164 1 654 
4	0.0: 1008 162 262 763 
4	0.0: 1029 259 159 684 
4	0.0: 1064 224 274 466 
4	0.0: 1083 469 1 717 
4	0.0: 964 350 261 806 
4	0.0: 1015 261 1 753 
4	0.0: 1053 234 1 780 
4	0.0: 938 333 198 622 
4	0.0: 1041 321 90 584 
4	0.0: 1026 254 1 567 
4	0.0: 1002 298 135 504 
4	0.0: 1035 404 36 735 
4	0.0: 927 283 266 569 
4	0.0: 992 221 43 566 
4	0.0: 1014 325 1 808 
4	0.0: 1043 320 1 542 
4	0.0: 998 333 256 598 
4	0.0: 982 379 1 567 
4	0.0: 972 268 36 735 
4	0.0: 1021 392 162 689 
4	0.0: 968 369 1 710 
4	0.0: 1004 479 1 699 
4	0.0: 1017 168 1 747 
4	0.0: 945 261 1 761 
4	0.0: 1031 386 159 764 
4	0.0: 994 264 157 712 
4	0.0: 1028 367 1 664 
4	0.0: 951 218 49 462 
4	0.0: 963 279 1 610 
4	0.0: 979 105 12 629 
4	0.0: 1032 318 1 620 
4	0.0: 1020 216 348 558 
4	0.0: 1033 261 87 796 
4	0.0: 988 229 1 775 
4	0.0: 988 266 1 474 
4	0.0: 990 364 16 693 
4	0.0: 1008 238 17 660 
4	0.0: 964 356 1 639 
4	0.0: 1038 210 251 646 
4	0.0: 967 422 1 653 
4	0.0: 976 292 1 664 
4	0.0: 945 306 1 720 
4	0.0: 1004 285 224 867 
4	0.0: 1012 255 1 613 
4	0.0: 1028 323 1 955 
4	0.0: 987 296 9 802 
4	0.0: 955 151 1 672 
4	0.0: 1006 363 158 658 
4	0.0: 980 419 1 651 
4	0.0: 989 328 69 567 
4	0.0: 1070 442 1 596 
4	0.0: 947 282 1 743 
4	0.0: 1104 344 52 767 
4	0.0: 1051 300 1 475 
4	0.0: 1022 454 1 615 
4	0.0: 1042 350 216 411 
4	0.0: 1051 237 20 690 
4	0.0: 1001 309 112 779 
4	0.0: 951 320 124 619 
4	0.0: 985 225 225 614 
4	0.0: 958 293 192 801 
4	0.0: 1000 275 141 569 
4	0.0: 952 275 173 817 
4	0.0: 1045 364 161 714 
4	0.0: 1034 317 105 695 
4	0.0: 1021 305 89 742 
4	0.0: 974 348 56 717 
4	0.0: 1061 386 160 948 
4	0.0: 983 238 124 392 
4	0.0: 1152 325 1 831 
4	0.0: 1019 168 1 790 
4	0.0: 1070 179 1 665 
4	0.0: 921 311 1 719 
4	0.0: 1006 267 1 743 
4	0.0: 932 337 103 736 
4	0.0: 1021 277 154 683 
4	0.0: 1021 296 112 692 
4	0.0: 997 180 80 696 
4	0.0: 1038 317 77 881 
4	0.0: 994 380 205 587 
4	0.0: 1000 296 1 658 
4	0.0: 1031 245 260 630 
4	0.0: 1050 280 154 733 
4	0.0: 967 333 1 833 
4	0.0: 1016 298 313 546 
4	0.0: 1024 227 1 579 
4	0.0: 969 475 173 648 
4	0.0: 1010 222 58 576 
4	0.0: 1032 203 1 728 
4	0.0: 993 425 190 661 
4	0.0: 1061 295 1 728 
4	0.0: 978 386 1 675 
4	0.0: 1051 149 1 608 
4	0.0: 1050 254 47 615 
4	0.0: 1006 397 336 533 
4	0.0: 975 256 33 612 
4	0.0: 988 327 1 559 
4	0.0: 1020 225 78 467 
4	0.0: 1010 307 1 642 
4	0.0: 984 320 26 680 
4	0.0: 1035 157 1 786 
4	0.0: 1013 373 139 882 
4	0.0: 1102 348 1 426 
4	0.0: 1006 309 1 548 
4	0.0: 1017 311 32 494 
4	0.0: 974 311 100 861 
4	0.0: 996 343 83 788 
4	0.0: 991 280 156 552 
4	0.0: 1113 360 1 550 
4	0.0: 1046 369 123 713 
4	0.0: 922 281 1 627 
4	0.0: 978 371 1 431 
4	0.0: 969 372 1 840 
4	0.0: 1017 197 1 451 
4	0.0: 934 205 1 562 
4	0.0: 1020 369 286 635 
4	0.0: 988 227 216 678 
4	0.0: 942 318 56 359 
4	0.0: 981 353 1 810 
4	0.0: 991 370 1 826 
4	0.0: 957 307 1 573 
4	0.0: 1028 212 1 764 
4	0.0: 942 305 316 568 
4	0.0: 964 234 32 636 
4	0.0: 1028 309 176 812 
4	0.0: 1051 364 60 666 
4	0.0: 1024 188 19 625 
4	0.0: 1002 128 41 811 
4	0.0: 1001 356 82 600 
4	0.0: 1023 291 118 700 
4	0.0: 987 201 113 741 
4	0.0: 961 247 1 622 
4	0.0: 938 280 26 892 
4	0.0: 1004 287 109 488 
4	0.0: 1019 333 1 829 
4	0.0: 1051 233 239 607 
4	0.0: 881 338 45 646 
4	0.0: 971 399 1 835 
4	0.0: 999 327 62 566 
4	0.0: 981 281 198 541 
4	0.0: 1029 296 1 635 
4	0.0: 981 254 1 592 
4	0.0: 976 356 1 858 
4	0.0: 1044 298 102 697 
4	0.0: 1028 204 349 835 
4	0.0: 910 268 1 851 
4	0.0: 959 303 133 539 
4	0.0: 928 383 1 459 
4	0.0: 1017 282 136 688 
4	0.0: 976 418 341 795 
4	0.0: 1030 279 1 600 
4	0.0: 1032 254 168 729 
4	0.0: 1038 395 118 606 
4	0.0: 931 293 170 810 
4	0.0: 1033 262 335 702 
4	0.0: 996 388 62 863 
4	0.0: 985 338 148 681 
4	0.0: 945 315 1 836 
4	0.0: 1005 280 55 676 
4	0.0: 1027 355 1 838 
4	0.0: 1056 324 1 802 
4	0.0: 1003 164 3 731 
4	0.0: 960 312 136 686 
4	0.0: 1053 227 65 584 
4	0.0: 980 305 1 488 
4	0.0: 988 265 164 692 
4	0.0: 974 363 1 728 
4	0.0: 992 252 1 740 
4	0.0: 1030 391 170 624 
4	0.0: 990 240 1 693 
4	0.0: 1036 306 52 524 
4	0.0: 995 311 1 624 
4	0.0: 965 287 1 687 
4	0.0: 993 306 229 618 
4	0.0: 1026 184 83 813 
4	0.0: 1042 309 267 577 
4	0.0: 1004 127 1 750 
4	0.0: 905 365 62 635 
4	0.0: 970 407 37 625 
4	0.0: 956 383 239 800 
4	0.0: 1051 335 360 627 
4	0.0: 1038 428 32 641 
4	0.0: 1021 242 25 668 
4	0.0: 980 363 210 710 
4	0.0: 1042 313 71 448 
4	0.0: 1057 351 129 521 
4	0.0: 936 320 164 527 
4	0.0: 1045 269 1 664 
4	0.0: 981 306 1 450 
4	0.0: 962 309 30 635 
4	0.0: 1042 385 1 552 
4	0.0: 1013 295 40 812 
4	0.0: 1026 340 81 575 
4	0.0: 979 225 314 581 
4	0.0: 991 326 1 714 
4	0.0: 1066 347 1 801 
4	0.0: 985 249 177 601 
4	0.0: 1075 163 102 790 
4	0.0: 1002 306 225 639 
4	0.0: 968 315 245 448 
4	0.0: 994 308 1 748 
4	0.0: 1021 426 1 536 
4	0.0: 937 198 1 764 
4	0.0: 933 302 122 594 
4	0.0: 930 337 1 659 
4	0.0: 1005 269 261 508 
4	0.0: 1052 283 1 951 
4	0.0: 916 382 36 733 
4	0.0: 1019 248 113 707 
4	0.0: 972 283 1 911 
4	0.0: 1045 276 29 519 
4	0.0: 988 306 226 499 
4	0.0: 1061 291 1 419 
4	0.0: 969 237 1 829 
4	0.0: 977 346 111 805 
4	0.0: 911 370 13 580 
4	0.0: 998 292 91 566 
4	0.0: 1012 467 130 562 
4	0.0: 974 299 81 657 
4	0.0: 949 303 228 614 
4	0.0: 1086 310 156 748 
4	0.0: 979 242 297 490 
4	0.0: 946 363 330 531 
