5	0.0: 47 384 560 667 
5	0.0: 31 405 619 1103 
5	0.0: 26 411 709 592 
5	0.0: 19 421 673 913 
5	0.0: 21 439 690 918 
5	0.0: 22 419 554 686 
5	0.0: 10 411 675 907 
5	0.0: 24 430 668 952 
5	0.0: 35 416 725 904 
5	0.0: 6 421 723 670 
5	0.0: 20 392 630 864 
5	0.0: 8 388 668 606 
5	0.0: 19 416 672 748 
5	0.0: 31 420 645 628 
5	0.0: 46 422 654 942 
5	0.0: 1 402 655 623 
5	0.0: 39 400 635 707 
5	0.0: 28 420 613 1025 
5	0.0: 23 399 657 678 
5	0.0: 33 410 688 839 
5	0.0: 20 408 651 616 
5	0.0: 12 414 666 892 
5	0.0: 21 418 625 790 
5	0.0: 18 398 608 1138 
5	0.0: 30 396 650 693 
5	0.0: 34 399 627 811 
5	0.0: 44 401 706 875 
5	0.0: 37 395 545 818 
5	0.0: 41 421 671 1071 
5	0.0: 13 399 657 1031 
5	0.0: 1 385 648 673 
5	0.0: 68 442 635 751 
5	0.0: 28 409 551 1059 
5	0.0: 51 408 699 637 
5	0.0: 30 405 703 769 
5	0.0: 25 434 619 962 
5	0.0: 3 420 712 688 
5	0.0: 56 418 664 966 
5	0.0: 34 394 769 880 
5	0.0: 15 396 733 631 
5	0.0: 37 415 692 893 
5	0.0: 46 388 571 991 
5	0.0: 38 412 662 790 
5	0.0: 36 412 619 602 
5	0.0: 24 425 636 806 
5	0.0: 20 424 694 698 
5	0.0: 23 436 667 1004 
5	0.0: 43 420 629 718 
5	0.0: 31 406 646 729 
5	0.0: 22 413 649 849 
5	0.0: 47 397 632 820 
5	0.0: 14 419 561 756 
5	0.0: 22 400 590 780 
5	0.0: 38 396 575 883 
5	0.0: 43 431 585 768 
5	0.0: 17 435 636 906 
5	0.0: 35 394 606 985 
5	0.0: 23 404 639 1031 
5	0.0: 18 411 611 984 
5	0.0: 39 395 778 849 
5	0.0: 17 423 595 614 
5	0.0: 38 406 680 767 
5	0.0: 20 397 683 992 
5	0.0: 50 448 582 822 
5	0.0: 26 430 636 833 
5	0.0: 5 402 739 949 
5	0.0: 37 448 644 703 
5	0.0: 49 398 660 917 
5	0.0: 52 418 625 1017 
5	0.0: 19 396 658 905 
5	0.0: 34 406 564 994 
5	0.0: 21 393 655 604 
5	0.0: 17 430 733 757 
5	0.0: 34 390 739 844 
5	0.0: 24 417 699 885 
5	0.0: 48 406 564 920 
5	0.0: 46 426 634 968 
5	0.0: 14 376 570 1061 
5	0.0: 24 400 618 677 
5	0.0: 32 410 678 621 
5	0.0: 35 430 626 978 
5	0.0: 45 402 711 601 
5	0.0: 55 394 617 863 
5	0.0: 20 424 713 729 
5	0.0: 1 420 690 850 
5	0.0: 40 407 628 1083 
5	0.0: 16 414 676 752 
5	0.0: 36 404 675 757 
5	0.0: 48 396 649 732 
5	0.0: 28 394 582 509 
2	0.0: 44 360 596 385 
5	0.0: 51 416 627 934 
5	0.0: 28 421 651 944 
5	0.0: 36 429 636 587 
5	0.0: 22 401 593 1043 
5	0.0: 21 402 635 1093 
5	0.0: 39 393 614 936 
5	0.0: 38 412 574 983 
5	0.0: 30 416 583 920 
5	0.0: 36 445 652 747 
5	0.0: 46 404 732 777 
5	0.0: 30 399 697 965 
5	0.0: 27 397 627 978 
5	0.0: 40 396 635 1102 
5	0.0: 17 410 648 940 
5	0.0: 2 420 656 833 
5	0.0: 41 419 709 771 
5	0.0: 22 421 630 1081 
5	0.0: 31 400 633 1105 
5	0.0: 57 419 706 1106 
5	0.0: 63 410 644 694 
5	0.0: 12 413 608 756 
5	0.0: 13 419 680 1017 
5	0.0: 14 392 703 863 
5	0.0: 28 427 692 1145 
5	0.0: 28 424 666 748 
5	0.0: 27 403 666 576 
5	0.0: 33 427 733 946 
5	0.0: 56 414 669 856 
5	0.0: 15 387 579 597 
5	0.0: 21 404 698 936 
5	0.0: 22 442 614 513 
5	0.0: 20 422 652 638 
5	0.0: 34 398 652 1194 
5	0.0: 11 414 642 588 
5	0.0: 49 438 708 690 
5	0.0: 40 400 643 666 
5	0.0: 49 387 636 649 
5	0.0: 35 424 709 614 
5	0.0: 29 423 697 705 
5	0.0: 36 394 720 769 
5	0.0: 24 417 659 766 
5	0.0: 39 402 708 782 
5	0.0: 36 402 603 728 
5	0.0: 18 412 660 793 
5	0.0: 11 404 661 821 
5	0.0: 12 390 700 860 
5	0.0: 13 397 620 937 
5	0.0: 21 400 587 990 
5	0.0: 38 390 606 855 
5	0.0: 7 427 636 762 
5	0.0: 1 428 697 647 
5	0.0: 26 416 625 907 
5	0.0: 29 385 673 570 
5	0.0: 16 427 610 773 
5	0.0: 5 399 627 463 
5	0.0: 35 405 634 784 
5	0.0: 22 383 678 729 
5	0.0: 26 403 674 1018 
5	0.0: 22 416 758 639 
5	0.0: 2 424 636 1001 
5	0.0: 30 445 653 944 
5	0.0: 23 412 631 560 
5	0.0: 28 416 686 897 
5	0.0: 3 405 637 1013 
5	0.0: 10 412 626 834 
5	0.0: 17 428 652 957 
5	0.0: 23 411 639 1009 
5	0.0: 20 416 780 881 
5	0.0: 34 400 727 887 
5	0.0: 52 392 620 958 
5	0.0: 32 415 644 692 
5	0.0: 21 391 673 511 
5	0.0: 36 437 715 447 
5	0.0: 15 408 606 499 
5	0.0: 15 419 680 752 
5	0.0: 36 403 604 1076 
5	0.0: 21 400 616 1207 
5	0.0: 19 396 584 821 
5	0.0: 45 386 650 725 
5	0.0: 43 406 725 854 
5	0.0: 38 407 633 908 
5	0.0: 55 417 605 860 
2	0.0: 36 428 579 235 
5	0.0: 42 398 668 677 
5	0.0: 17 381 717 572 
5	0.0: 31 400 669 888 
5	0.0: 47 436 635 467 
5	0.0: 24 406 653 954 
5	0.0: 39 434 673 417 
5	0.0: 29 421 642 887 
5	0.0: 36 423 723 883 
5	0.0: 24 413 655 819 
5	0.0: 14 392 637 685 
5	0.0: 33 415 649 731 
5	0.0: 26 413 709 816 
5	0.0: 1 425 631 673 
5	0.0: 41 428 632 688 
5	0.0: 34 399 672 969 
5	0.0: 24 404 622 754 
5	0.0: 35 417 679 677 
5	0.0: 16 402 637 968 
5	0.0: 26 409 594 893 
5	0.0: 40 419 668 944 
5	0.0: 42 393 632 866 
5	0.0: 58 410 666 858 
5	0.0: 31 436 567 684 
5	0.0: 43 419 636 595 
5	0.0: 20 388 739 840 
5	0.0: 26 415 595 902 
5	0.0: 32 414 571 839 
5	0.0: 42 406 615 984 
5	0.0: 24 410 625 853 
5	0.0: 32 442 687 1002 
5	0.0: 15 428 701 599 
5	0.0: 47 425 687 1074 
5	0.0: 45 404 629 787 
5	0.0: 1 415 681 819 
5	0.0: 8 428 704 1053 
5	0.0: 34 420 746 552 
5	0.0: 53 413 723 556 
5	0.0: 26 428 643 924 
5	0.0: 23 414 650 754 
5	0.0: 15 403 720 817 
5	0.0: 25 408 679 1154 
5	0.0: 40 410 643 379 
5	0.0: 10 406 726 822 
5	0.0: 33 419 705 936 
5	0.0: 20 422 646 870 
5	0.0: 17 417 700 888 
5	0.0: 22 415 631 906 
2	0.0: 35 426 687 343 
5	0.0: 26 414 715 799 
5	0.0: 14 401 740 747 
5	0.0: 30 425 734 713 
5	0.0: 20 434 690 822 
5	0.0: 31 395 675 639 
5	0.0: 20 416 607 829 
5	0.0: 23 442 617 908 
5	0.0: 33 406 693 604 
5	0.0: 37 464 675 582 
5	0.0: 1 381 581 723 
5	0.0: 23 438 586 973 
5	0.0: 43 420 602 857 
5	0.0: 24 423 648 711 
5	0.0: 45 416 632 963 
5	0.0: 8 392 663 640 
5	0.0: 22 425 673 953 
5	0.0: 33 429 658 780 
5	0.0: 16 444 618 702 
5	0.0: 28 413 743 909 
5	0.0: 6 411 572 1074 
5	0.0: 45 409 660 743 
5	0.0: 25 406 629 818 
5	0.0: 33 430 652 879 
5	0.0: 31 404 694 743 
5	0.0: 60 422 630 1038 
5	0.0: 21 420 554 911 
5	0.0: 56 413 623 830 
5	0.0: 34 404 669 781 
