1	0.0: [702, 136, 347, 618, 1, 129, 594, 60, 315, 659, ]
3	0.0: [706, 88, 457, 684, 1, 354, 784, 279, 431, 664, ]
3	0.0: [753, 170, 336, 709, 1, 235, 853, 201, 505, 662, ]
0	0.0: [741, 137, 369, 728, 1, 81, 522, 147, 498, 700, ]
0	0.0: [752, 165, 356, 406, 1, 1, 619, 82, 364, 772, ]
3	0.0: [733, 160, 382, 559, 1, 204, 425, 70, 495, 679, ]
3	0.0: [701, 120, 239, 651, 96, 1, 783, 1, 491, 843, ]
2	0.0: [752, 138, 491, 702, 1, 129, 976, 118, 497, 690, ]
3	0.0: [733, 187, 254, 637, 1, 78, 309, 107, 555, 710, ]
2	0.0: [722, 137, 352, 584, 1, 202, 531, 204, 544, 618, ]
1	0.0: [700, 296, 261, 430, 28, 12, 637, 261, 499, 687, ]
2	0.0: [729, 190, 453, 710, 253, 103, 748, 27, 441, 571, ]
3	0.0: [739, 31, 209, 533, 8, 116, 701, 71, 242, 739, ]
2	0.0: [732, 188, 243, 486, 1, 155, 530, 189, 278, 546, ]
0	0.0: [764, 173, 406, 886, 97, 130, 500, 270, 322, 553, ]
0	0.0: [748, 239, 256, 552, 1, 75, 397, 320, 456, 546, ]
1	0.0: [740, 152, 340, 656, 1, 108, 701, 1, 502, 575, ]
2	0.0: [808, 161, 403, 490, 177, 1, 828, 127, 439, 659, ]
2	0.0: [721, 199, 185, 429, 74, 107, 704, 180, 176, 869, ]
2	0.0: [791, 80, 478, 627, 17, 36, 691, 1, 358, 643, ]
0	0.0: [740, 141, 269, 419, 1, 265, 601, 177, 329, 554, ]
3	0.0: [731, 127, 373, 680, 161, 282, 424, 165, 467, 714, ]
0	0.0: [783, 152, 517, 547, 14, 119, 857, 311, 346, 629, ]
2	0.0: [745, 253, 457, 809, 102, 329, 315, 141, 420, 566, ]
0	0.0: [739, 216, 446, 564, 1, 267, 643, 238, 522, 507, ]
0	0.0: [763, 221, 349, 601, 7, 91, 741, 81, 449, 681, ]
3	0.0: [756, 134, 454, 634, 280, 180, 593, 137, 166, 662, ]
0	0.0: [780, 139, 309, 400, 1, 1, 965, 28, 341, 672, ]
2	0.0: [759, 137, 245, 504, 1, 210, 743, 104, 595, 730, ]
0	0.0: [728, 179, 412, 753, 1, 90, 805, 1, 441, 652, ]
2	0.0: [734, 86, 375, 652, 189, 94, 464, 221, 513, 470, ]
1	0.0: [720, 214, 314, 554, 1, 35, 820, 333, 489, 544, ]
3	0.0: [746, 202, 582, 691, 1, 24, 344, 191, 404, 610, ]
0	0.0: [716, 172, 213, 734, 1, 169, 365, 219, 511, 643, ]
2	0.0: [717, 185, 299, 513, 250, 218, 562, 404, 576, 783, ]
0	0.0: [728, 154, 363, 514, 1, 104, 669, 180, 528, 715, ]
3	0.0: [713, 126, 292, 504, 92, 172, 544, 117, 556, 631, ]
1	0.0: [695, 103, 348, 657, 1, 120, 714, 238, 377, 738, ]
2	0.0: [724, 61, 457, 790, 83, 203, 796, 86, 531, 520, ]
0	0.0: [781, 201, 418, 678, 1, 248, 744, 99, 458, 633, ]
1	0.0: [726, 143, 379, 751, 1, 273, 892, 95, 217, 707, ]
0	0.0: [750, 179, 118, 749, 60, 45, 681, 34, 366, 657, ]
1	0.0: [771, 133, 405, 588, 146, 57, 517, 148, 149, 601, ]
3	0.0: [783, 147, 301, 196, 63, 72, 662, 248, 584, 651, ]
2	0.0: [790, 149, 451, 365, 33, 70, 678, 259, 148, 669, ]
3	0.0: [724, 203, 334, 631, 1, 12, 652, 170, 212, 629, ]
1	0.0: [741, 124, 238, 390, 37, 1, 449, 299, 281, 638, ]
2	0.0: [780, 65, 353, 651, 1, 240, 557, 22, 681, 858, ]
1	0.0: [758, 184, 271, 972, 1, 1, 453, 1, 142, 810, ]
0	0.0: [700, 135, 349, 608, 1, 264, 564, 137, 385, 630, ]
1	0.0: [737, 177, 262, 617, 1, 1, 885, 253, 378, 822, ]
1	0.0: [774, 88, 352, 531, 1, 276, 716, 113, 481, 769, ]
2	0.0: [780, 171, 397, 771, 1, 156, 572, 412, 328, 677, ]
3	0.0: [765, 178, 316, 489, 1, 234, 790, 317, 566, 579, ]
2	0.0: [717, 194, 268, 440, 1, 172, 355, 1, 379, 742, ]
1	0.0: [713, 116, 268, 620, 1, 93, 745, 536, 274, 666, ]
3	0.0: [731, 100, 221, 549, 103, 141, 455, 264, 305, 749, ]
0	0.0: [777, 178, 250, 422, 161, 232, 1026, 176, 393, 766, ]
2	0.0: [740, 211, 245, 657, 27, 55, 863, 156, 475, 630, ]
1	0.0: [742, 159, 224, 640, 1, 1, 454, 1, 326, 686, ]
0	0.0: [706, 137, 163, 811, 1, 117, 736, 208, 422, 577, ]
3	0.0: [702, 178, 172, 580, 1, 62, 955, 268, 199, 603, ]
0	0.0: [745, 94, 365, 483, 161, 124, 386, 402, 367, 643, ]
1	0.0: [772, 92, 336, 923, 97, 13, 490, 94, 267, 688, ]
1	0.0: [749, 140, 393, 580, 26, 1, 759, 180, 494, 751, ]
1	0.0: [777, 92, 308, 719, 1, 1, 1094, 10, 398, 607, ]
3	0.0: [724, 201, 309, 806, 1, 252, 739, 1, 217, 728, ]
2	0.0: [711, 95, 369, 574, 284, 227, 594, 126, 330, 837, ]
1	0.0: [699, 283, 267, 738, 40, 420, 657, 307, 143, 825, ]
3	0.0: [772, 172, 349, 573, 169, 1, 891, 67, 359, 774, ]
2	0.0: [705, 210, 351, 637, 45, 102, 119, 75, 390, 749, ]
0	0.0: [735, 269, 471, 602, 155, 21, 418, 24, 497, 620, ]
0	0.0: [727, 49, 332, 731, 1, 304, 833, 78, 263, 665, ]
1	0.0: [786, 151, 299, 718, 30, 71, 542, 119, 468, 653, ]
1	0.0: [694, 229, 422, 635, 1, 304, 683, 1, 139, 698, ]
3	0.0: [708, 39, 278, 554, 81, 267, 349, 234, 196, 571, ]
3	0.0: [788, 75, 342, 549, 153, 15, 1126, 209, 457, 673, ]
2	0.0: [717, 278, 461, 690, 214, 65, 981, 280, 289, 590, ]
0	0.0: [718, 92, 361, 525, 70, 41, 714, 322, 212, 494, ]
3	0.0: [767, 165, 397, 657, 1, 46, 760, 453, 513, 659, ]
0	0.0: [765, 170, 332, 697, 1, 197, 1074, 365, 167, 703, ]
3	0.0: [726, 219, 347, 801, 23, 184, 798, 1, 407, 689, ]
2	0.0: [755, 94, 245, 767, 64, 268, 662, 206, 410, 725, ]
3	0.0: [749, 78, 246, 543, 1, 125, 686, 282, 421, 647, ]
3	0.0: [730, 145, 246, 251, 210, 1, 444, 122, 330, 646, ]
2	0.0: [755, 236, 318, 708, 322, 25, 877, 117, 417, 596, ]
2	0.0: [787, 153, 347, 689, 350, 90, 890, 131, 467, 742, ]
1	0.0: [742, 123, 196, 699, 188, 1, 681, 242, 689, 576, ]
0	0.0: [777, 174, 313, 755, 266, 191, 1003, 22, 587, 675, ]
0	0.0: [730, 279, 426, 641, 161, 134, 624, 295, 301, 714, ]
1	0.0: [753, 159, 534, 455, 57, 1, 710, 212, 308, 596, ]
2	0.0: [747, 95, 495, 426, 118, 315, 800, 201, 325, 694, ]
3	0.0: [713, 136, 324, 381, 140, 39, 623, 200, 356, 613, ]
1	0.0: [766, 129, 380, 629, 79, 1, 573, 1, 640, 639, ]
0	0.0: [717, 130, 247, 784, 1, 154, 912, 286, 582, 623, ]
1	0.0: [715, 217, 415, 669, 70, 192, 780, 350, 187, 566, ]
2	0.0: [710, 176, 424, 671, 66, 90, 841, 24, 129, 663, ]
1	0.0: [775, 166, 400, 640, 1, 1, 825, 253, 306, 629, ]
1	0.0: [758, 83, 445, 600, 1, 219, 592, 245, 588, 827, ]
2	0.0: [779, 299, 312, 737, 10, 220, 593, 36, 470, 626, ]
