0	0.0: 508 1022 1 252 
0	0.0: 651 765 1 248 
0	0.0: 529 1020 1 244 
0	0.0: 493 1007 109 260 
0	0.0: 578 1000 117 250 
0	0.0: 663 986 300 248 
0	0.0: 357 976 75 250 
0	0.0: 531 825 336 249 
0	0.0: 598 965 1 229 
0	0.0: 340 1084 207 249 
0	0.0: 653 1057 1 248 
0	0.0: 566 955 1 222 
0	0.0: 407 871 267 246 
0	0.0: 515 802 226 258 
0	0.0: 274 1144 1 255 
0	0.0: 687 943 1 244 
0	0.0: 411 779 1 246 
0	0.0: 651 750 1 237 
0	0.0: 530 909 326 262 
0	0.0: 399 886 102 241 
0	0.0: 520 910 1 229 
0	0.0: 515 927 155 259 
0	0.0: 486 913 306 243 
0	0.0: 467 905 1 239 
0	0.0: 448 978 1 264 
0	0.0: 604 819 36 233 
0	0.0: 500 909 1 221 
0	0.0: 459 877 1 255 
0	0.0: 524 1025 1 256 
0	0.0: 523 1196 362 246 
0	0.0: 738 1019 1 241 
0	0.0: 653 910 325 254 
0	0.0: 375 1067 1 267 
0	0.0: 531 1000 59 241 
0	0.0: 372 931 83 265 
0	0.0: 645 996 1 236 
0	0.0: 513 1020 112 256 
0	0.0: 480 915 12 254 
0	0.0: 638 1055 177 246 
0	0.0: 490 815 341 260 
0	0.0: 479 954 1 263 
0	0.0: 407 1051 334 226 
0	0.0: 613 849 1 218 
0	0.0: 664 1079 197 256 
0	0.0: 645 936 33 246 
0	0.0: 622 1106 139 233 
0	0.0: 688 949 188 238 
0	0.0: 525 950 1 237 
0	0.0: 529 810 400 248 
0	0.0: 550 935 1 245 
0	0.0: 401 861 100 222 
0	0.0: 601 804 223 263 
0	0.0: 483 908 205 244 
0	0.0: 520 963 158 230 
0	0.0: 394 956 35 257 
0	0.0: 699 1135 274 259 
0	0.0: 617 1016 41 229 
0	0.0: 484 964 68 261 
0	0.0: 752 1113 39 229 
0	0.0: 579 883 69 236 
0	0.0: 496 931 1 252 
0	0.0: 470 916 100 242 
0	0.0: 486 871 291 237 
0	0.0: 720 1103 88 253 
0	0.0: 528 1110 81 273 
0	0.0: 419 1074 1 246 
0	0.0: 515 1213 283 259 
0	0.0: 439 871 1 208 
0	0.0: 457 1046 310 254 
0	0.0: 470 1019 107 258 
0	0.0: 541 930 1 271 
0	0.0: 519 935 7 256 
0	0.0: 531 948 283 236 
0	0.0: 596 1032 178 233 
0	0.0: 727 779 30 269 
0	0.0: 466 848 1 259 
0	0.0: 523 1030 90 231 
0	0.0: 500 994 1 231 
0	0.0: 520 872 1 243 
0	0.0: 541 742 1 239 
0	0.0: 428 1033 169 241 
0	0.0: 660 1072 123 235 
0	0.0: 638 939 1 260 
0	0.0: 565 955 234 219 
0	0.0: 426 886 117 212 
0	0.0: 774 928 55 256 
0	0.0: 498 909 28 251 
0	0.0: 496 972 152 248 
0	0.0: 394 925 1 255 
0	0.0: 591 888 144 240 
0	0.0: 608 849 1 263 
0	0.0: 593 795 1 256 
0	0.0: 534 855 255 228 
0	0.0: 495 921 1 242 
0	0.0: 428 1036 196 247 
0	0.0: 668 904 38 278 
0	0.0: 459 867 170 238 
0	0.0: 672 967 17 218 
0	0.0: 546 778 49 251 
0	0.0: 510 875 197 250 
0	0.0: 603 794 62 227 
0	0.0: 603 742 278 247 
0	0.0: 742 1018 176 248 
0	0.0: 372 1005 201 255 
0	0.0: 478 1081 1 243 
0	0.0: 678 821 148 257 
0	0.0: 593 1103 321 255 
0	0.0: 466 872 1 234 
0	0.0: 510 853 168 252 
0	0.0: 579 1062 436 256 
0	0.0: 521 1127 1 258 
0	0.0: 650 898 126 259 
0	0.0: 544 898 70 245 
0	0.0: 519 1036 1 230 
0	0.0: 479 945 350 260 
0	0.0: 560 1053 1 232 
0	0.0: 538 1026 131 263 
0	0.0: 577 824 64 252 
0	0.0: 744 920 1 230 
0	0.0: 564 1165 146 241 
0	0.0: 501 1176 1 252 
0	0.0: 578 936 1 241 
0	0.0: 580 1029 239 240 
0	0.0: 527 1017 10 268 
0	0.0: 540 870 31 237 
0	0.0: 592 1049 250 241 
0	0.0: 490 907 75 238 
0	0.0: 654 1038 1 253 
0	0.0: 484 792 1 246 
0	0.0: 739 930 30 254 
0	0.0: 545 924 1 258 
0	0.0: 638 808 1 244 
0	0.0: 738 1093 1 259 
0	0.0: 592 842 93 230 
0	0.0: 507 1022 196 246 
0	0.0: 468 860 154 243 
0	0.0: 579 1142 183 255 
0	0.0: 443 1099 65 250 
0	0.0: 483 908 376 242 
0	0.0: 469 989 1 223 
0	0.0: 573 990 1 264 
0	0.0: 721 929 1 246 
0	0.0: 564 1052 96 252 
0	0.0: 538 1159 1 249 
0	0.0: 452 961 1 228 
0	0.0: 560 1082 292 262 
0	0.0: 547 1035 1 242 
0	0.0: 509 961 304 221 
0	0.0: 505 961 48 238 
0	0.0: 682 894 1 250 
0	0.0: 524 980 87 247 
0	0.0: 536 1150 325 236 
0	0.0: 479 969 77 255 
0	0.0: 391 1012 335 229 
0	0.0: 626 1092 185 272 
0	0.0: 577 905 43 235 
0	0.0: 496 1071 1 219 
0	0.0: 461 1056 39 249 
0	0.0: 583 975 293 245 
0	0.0: 502 1044 122 263 
0	0.0: 545 959 153 233 
0	0.0: 608 1061 1 246 
0	0.0: 558 1007 171 258 
0	0.0: 642 820 1 247 
0	0.0: 650 967 53 250 
0	0.0: 492 846 206 231 
0	0.0: 372 1083 1 235 
0	0.0: 597 961 1 233 
0	0.0: 724 1007 1 235 
0	0.0: 669 849 130 237 
0	0.0: 569 853 312 238 
0	0.0: 399 797 1 244 
0	0.0: 721 955 1 228 
0	0.0: 424 959 5 277 
0	0.0: 528 786 1 267 
0	0.0: 490 1008 187 256 
0	0.0: 486 949 100 230 
0	0.0: 457 934 1 242 
0	0.0: 490 1018 86 245 
0	0.0: 517 964 265 236 
0	0.0: 348 1047 93 250 
0	0.0: 570 1022 1 249 
0	0.0: 695 907 254 251 
0	0.0: 369 950 87 207 
0	0.0: 536 1145 29 256 
0	0.0: 610 835 122 222 
0	0.0: 533 1106 1 256 
0	0.0: 593 901 1 243 
0	0.0: 481 1048 1 222 
0	0.0: 600 945 108 273 
0	0.0: 507 811 227 226 
0	0.0: 549 894 1 231 
0	0.0: 598 900 1 223 
0	0.0: 448 909 22 245 
0	0.0: 580 914 253 247 
0	0.0: 475 819 222 239 
0	0.0: 457 1013 162 241 
0	0.0: 589 954 382 254 
0	0.0: 688 921 24 245 
0	0.0: 569 1217 214 259 
0	0.0: 481 868 89 234 
0	0.0: 570 852 280 230 
0	0.0: 398 998 99 253 
0	0.0: 474 1077 80 240 
0	0.0: 548 1028 1 231 
0	0.0: 343 943 1 234 
0	0.0: 441 1041 314 251 
0	0.0: 578 970 25 243 
0	0.0: 496 1019 1 235 
0	0.0: 373 986 222 245 
0	0.0: 516 991 1 261 
0	0.0: 482 846 1 226 
0	0.0: 440 798 1 225 
0	0.0: 634 1000 1 232 
0	0.0: 456 827 1 245 
0	0.0: 580 1049 350 235 
0	0.0: 557 1096 56 243 
0	0.0: 494 1032 105 244 
0	0.0: 669 776 1 235 
0	0.0: 567 884 338 237 
0	0.0: 498 1064 76 228 
0	0.0: 520 1000 15 251 
0	0.0: 419 926 184 235 
0	0.0: 458 1027 357 251 
0	0.0: 444 921 76 235 
0	0.0: 591 986 510 253 
0	0.0: 559 884 1 267 
0	0.0: 603 1133 55 228 
0	0.0: 636 873 1 226 
0	0.0: 334 1086 221 256 
0	0.0: 559 757 1 243 
0	0.0: 508 912 148 261 
0	0.0: 375 930 78 224 
0	0.0: 527 1072 1 239 
0	0.0: 515 1134 1 258 
0	0.0: 487 1067 1 261 
0	0.0: 555 964 1 235 
0	0.0: 460 919 1 232 
0	0.0: 603 936 243 257 
0	0.0: 647 1060 1 264 
0	0.0: 431 1008 146 237 
0	0.0: 571 1050 212 250 
0	0.0: 467 909 1 275 
0	0.0: 582 864 135 238 
0	0.0: 450 840 1 245 
0	0.0: 592 885 228 251 
0	0.0: 601 959 1 236 
0	0.0: 511 989 1 223 
0	0.0: 650 1109 1 250 
0	0.0: 595 981 1 232 
