3	0.0: 244 46 641 243 
3	0.0: 232 72 617 211 
3	0.0: 117 55 769 216 
3	0.0: 238 46 535 213 
3	0.0: 196 85 569 153 
3	0.0: 246 96 647 147 
3	0.0: 238 69 674 1 
3	0.0: 208 72 570 271 
3	0.0: 200 45 394 17 
3	0.0: 349 45 677 196 
3	0.0: 144 97 612 229 
3	0.0: 213 92 747 107 
3	0.0: 276 71 601 270 
3	0.0: 229 60 625 67 
3	0.0: 263 48 635 147 
3	0.0: 152 75 712 23 
3	0.0: 208 78 560 113 
3	0.0: 263 73 598 98 
3	0.0: 208 90 594 207 
3	0.0: 213 56 613 234 
3	0.0: 293 105 600 103 
3	0.0: 282 108 457 124 
3	0.0: 203 56 711 167 
3	0.0: 242 83 571 152 
3	0.0: 185 56 631 311 
3	0.0: 155 95 705 69 
3	0.0: 240 112 664 110 
3	0.0: 271 97 606 66 
3	0.0: 292 104 629 30 
3	0.0: 203 44 572 229 
3	0.0: 233 71 632 242 
3	0.0: 263 53 656 115 
3	0.0: 278 95 701 210 
3	0.0: 264 61 564 76 
3	0.0: 219 66 699 172 
3	0.0: 272 75 700 188 
3	0.0: 282 77 667 115 
3	0.0: 245 37 619 250 
3	0.0: 262 87 758 182 
3	0.0: 247 56 716 269 
3	0.0: 138 117 696 303 
3	0.0: 293 121 667 336 
3	0.0: 336 101 673 75 
3	0.0: 208 95 554 246 
3	0.0: 350 63 709 50 
3	0.0: 347 104 599 149 
3	0.0: 189 67 718 138 
3	0.0: 175 77 625 202 
3	0.0: 294 81 698 262 
3	0.0: 249 80 507 97 
3	0.0: 235 98 633 188 
3	0.0: 163 89 494 247 
3	0.0: 332 108 657 251 
3	0.0: 208 97 609 93 
3	0.0: 272 40 555 98 
3	0.0: 261 85 750 153 
3	0.0: 192 138 490 145 
3	0.0: 232 92 619 144 
3	0.0: 235 48 587 216 
3	0.0: 170 93 687 198 
3	0.0: 216 75 617 167 
3	0.0: 118 109 621 194 
3	0.0: 212 83 700 83 
3	0.0: 230 85 566 75 
3	0.0: 243 60 759 219 
3	0.0: 242 115 736 260 
3	0.0: 233 67 572 102 
3	0.0: 291 84 503 140 
3	0.0: 196 139 512 167 
3	0.0: 301 92 643 136 
3	0.0: 282 64 739 159 
3	0.0: 207 57 563 112 
3	0.0: 268 50 565 246 
3	0.0: 243 77 673 51 
3	0.0: 281 82 676 290 
3	0.0: 236 69 637 91 
3	0.0: 210 94 600 242 
3	0.0: 231 95 639 8 
3	0.0: 209 71 638 152 
3	0.0: 243 60 566 96 
3	0.0: 289 53 643 357 
3	0.0: 258 38 431 192 
3	0.0: 253 91 656 97 
3	0.0: 255 29 570 162 
3	0.0: 172 88 520 199 
3	0.0: 282 109 670 148 
3	0.0: 204 80 613 147 
3	0.0: 211 107 744 203 
3	0.0: 182 77 747 80 
3	0.0: 187 71 660 155 
3	0.0: 228 87 521 203 
3	0.0: 344 83 586 185 
3	0.0: 251 86 634 300 
3	0.0: 198 114 654 191 
3	0.0: 294 51 577 209 
3	0.0: 226 90 709 1 
3	0.0: 216 61 716 189 
3	0.0: 224 93 655 130 
3	0.0: 200 95 624 246 
3	0.0: 147 51 604 183 
3	0.0: 303 89 646 148 
3	0.0: 257 94 551 268 
3	0.0: 240 51 854 187 
3	0.0: 202 95 513 174 
3	0.0: 262 75 558 214 
3	0.0: 310 102 626 107 
3	0.0: 263 60 736 59 
3	0.0: 285 55 577 211 
3	0.0: 284 64 548 228 
3	0.0: 245 79 728 45 
3	0.0: 244 110 754 157 
3	0.0: 216 68 760 156 
3	0.0: 250 85 525 121 
3	0.0: 213 79 572 98 
3	0.0: 123 92 497 191 
3	0.0: 317 61 621 165 
3	0.0: 143 86 616 12 
3	0.0: 291 91 541 196 
3	0.0: 280 39 591 161 
3	0.0: 241 65 716 135 
3	0.0: 280 73 690 367 
3	0.0: 260 75 712 107 
3	0.0: 280 99 582 200 
3	0.0: 278 91 662 115 
3	0.0: 325 120 573 96 
3	0.0: 245 94 791 68 
3	0.0: 251 45 690 325 
3	0.0: 223 78 534 166 
3	0.0: 257 89 690 186 
3	0.0: 238 65 750 128 
3	0.0: 161 61 630 95 
3	0.0: 200 89 661 195 
3	0.0: 254 53 709 182 
3	0.0: 352 75 418 155 
3	0.0: 303 80 555 7 
3	0.0: 189 70 696 202 
3	0.0: 182 58 575 241 
3	0.0: 336 56 715 167 
3	0.0: 241 91 705 21 
3	0.0: 152 1 550 84 
3	0.0: 201 79 578 202 
3	0.0: 275 91 689 78 
3	0.0: 329 78 594 159 
3	0.0: 253 125 714 137 
3	0.0: 293 80 753 265 
3	0.0: 297 95 601 262 
3	0.0: 247 118 652 242 
3	0.0: 296 83 655 23 
3	0.0: 327 85 653 164 
3	0.0: 253 65 628 140 
3	0.0: 222 77 727 177 
3	0.0: 125 109 566 76 
3	0.0: 271 78 567 258 
3	0.0: 250 83 736 246 
3	0.0: 200 66 631 294 
3	0.0: 167 44 640 183 
3	0.0: 117 120 564 199 
3	0.0: 276 67 570 103 
3	0.0: 152 80 605 126 
3	0.0: 263 85 611 147 
3	0.0: 154 76 685 245 
3	0.0: 187 14 700 110 
3	0.0: 242 79 568 175 
3	0.0: 159 113 723 217 
3	0.0: 240 60 616 44 
3	0.0: 251 102 498 74 
3	0.0: 208 79 459 29 
3	0.0: 238 94 603 255 
3	0.0: 217 108 806 203 
3	0.0: 189 33 764 328 
3	0.0: 247 66 756 240 
3	0.0: 283 74 575 60 
3	0.0: 260 84 527 14 
3	0.0: 286 58 683 26 
3	0.0: 200 83 609 175 
3	0.0: 237 73 636 123 
3	0.0: 209 104 563 183 
3	0.0: 135 132 617 197 
3	0.0: 176 100 599 186 
3	0.0: 270 102 672 192 
3	0.0: 286 64 617 260 
3	0.0: 169 80 477 171 
3	0.0: 249 34 727 228 
3	0.0: 305 53 843 220 
3	0.0: 217 55 792 167 
3	0.0: 263 82 538 237 
3	0.0: 190 83 566 320 
3	0.0: 266 92 630 177 
3	0.0: 248 43 612 55 
3	0.0: 306 94 506 126 
3	0.0: 310 95 714 188 
3	0.0: 192 79 681 91 
3	0.0: 260 94 607 211 
3	0.0: 188 63 886 74 
3	0.0: 263 67 653 135 
3	0.0: 290 77 629 147 
3	0.0: 166 50 579 198 
3	0.0: 263 58 727 220 
3	0.0: 286 82 689 57 
3	0.0: 246 77 612 339 
3	0.0: 217 111 613 77 
3	0.0: 221 70 653 222 
3	0.0: 177 97 587 191 
3	0.0: 253 74 660 367 
3	0.0: 309 116 616 294 
3	0.0: 312 93 567 308 
3	0.0: 234 75 581 299 
3	0.0: 236 79 754 145 
3	0.0: 249 83 559 249 
3	0.0: 263 72 630 176 
3	0.0: 261 81 560 77 
3	0.0: 150 109 796 251 
3	0.0: 242 68 643 215 
3	0.0: 128 71 630 138 
3	0.0: 215 100 612 75 
3	0.0: 241 71 628 79 
3	0.0: 238 40 607 183 
3	0.0: 263 95 384 170 
3	0.0: 256 65 614 283 
3	0.0: 253 85 673 126 
3	0.0: 249 92 870 131 
3	0.0: 231 52 689 170 
3	0.0: 173 82 631 226 
3	0.0: 229 56 676 172 
3	0.0: 224 89 538 106 
3	0.0: 324 77 441 302 
3	0.0: 301 82 552 210 
3	0.0: 263 103 711 69 
3	0.0: 242 65 731 278 
3	0.0: 244 33 702 318 
3	0.0: 298 40 592 282 
3	0.0: 270 85 636 332 
3	0.0: 251 73 727 125 
3	0.0: 167 90 568 112 
3	0.0: 264 77 764 171 
3	0.0: 191 70 730 145 
3	0.0: 280 71 820 113 
3	0.0: 222 59 730 112 
3	0.0: 316 125 621 473 
3	0.0: 270 58 625 220 
3	0.0: 303 84 507 16 
3	0.0: 288 65 740 280 
3	0.0: 214 72 607 132 
3	0.0: 280 30 666 168 
3	0.0: 162 60 591 267 
3	0.0: 213 52 597 352 
3	0.0: 218 93 708 287 
3	0.0: 227 68 673 36 
3	0.0: 254 67 676 210 
3	0.0: 226 113 723 134 
