6600
4202
7488
5581
4586
3343
3946
5264
6278
7997
3095
7000
4116
3958
3679
3536
7842
5406
6031
5661
6126
6441
5462
4487
6393
6718
4110
7385
3353
3907
3057
3796
5934
4911
4003
3318
5375
6871
7476
7731
3629
4703
2953
3556
3256
7674
7188
7498
4849
7681
4744
2961
3757
5529
7493
7490
3648
4631
3503
4817
3978
7765
7232
3169
6325
6408
4999
7306
5582
3607
6835
5596
4651
3332
5541
4885
3341
6321
3802
3917
7686
6271
4540
7694
3286
4814
7372
6587
5895
5295
7273
5405
5547
7179
4495
3989
7565
7687
2940
3683
5544
6451
7526
2973
6286
2889
5781
6127
5528
7299
7342
5536
3734
6707
5954
7214
4608
3711
5718
3649
7748
5903
4682
7129
3949
3094
4560
3812
6670
3823
5788
4063
4227
6334
5834
6882
4233
5561
6653
4624
4732
7664
5765
4856
5004
3139
3804
6159
2932
5553
4728
4147
5574
4159
7553
4012
3584
7025
4587
2890
6936
5928
7862
5098
3241
6911
5666
5636
5082
4074
4907
3378
7587
4831
3954
5032
4283
3657
6354
3061
7102
4200
6099
6081
3330
3208
7546
5598
5714
5412
5619
5230
7942
7989
7271
5146
5135
3161
3766
4300
6178
5565
6419
5660
7982
4828
4638
5709
6475
6691
3968
7033
5791
4543
7171
3077
6403
7500
6155
3426
5632
6380
5184
6041
4705
4573
5989
6875
6521
3559
5431
7439
6694
4572
5815
3494
5038
5813
5068
6396
6308
7364
6300
7882
3142
4964
5622
7063
6990
5216
7136
5423
3143
7320
6755
6482
6884
4873
4768
5975
3676
5695
7847
5156
6890
3199
7700
6947
4352
7303
7472
4923
3023
6410
3589
3428
3218
3566
7371
7673
5132
3117
6522
7109
6537
4009
5686
3609
5878
4207
4927
3292
2924
7889
6161
2896
5215
7669
3675
4635
5389
7676
6270
5317
3018
5964
3850
3639
6518
7389
4582
2908
4210
6175
5307
3243
5178
7115
3529
6915
4297
3033
7615
5485
7512
5185
4683
4833
6447
3511
7572
4581
6166
5024
3405
7297
4650
3250
4520
7913
5835
6622
7183
3392
3551
6116
5243
6137
5639
3282
5712
6641
5218
3893
3245
3055
5901
6709
4614
6314
4504
6818
5972
3084
4569
6574
3455
3809
7465
7319
7858
3667
5081
4506
7035
6836
7486
6998
5235
7957
4064
7278
7533
4366
7324
7930
7824
6939
5676
6791
6400
3305
5432
4514
7742
3818
7386
3504
6188
3791
3049
5852
5079
6929
5001
7190
3611
6955
7392
3274
7006
5204
6458
4557
3339
7724
7247
5329
6920
7437
5588
6414
7078
3354
7632
4854
3348
5308
3251
6071
3230
5505
5415
7641
5520
3687
6729
4066
5298
6538
3522
3499
5070
5796
3315
5701
5756
7308
7900
7805
6889
6367
3394
3085
7426
4171
6583
7751
4862
7946
6789
5753
7258
5455
7201
7754
6440
5039
6634
3001
4018
7157
7809
4140
7305
6784
7292
6794
6330
3014
7291
3663
2919
6861
5325
7698
5303
4024
7328
6190
4830
7593
4004
6134
3137
4804
4271
7028
3772
7384
4323
5708
7140
5891
7908
7200
5826
7697
6350
4850
7967
3299
6842
5628
3533
5494
7597
4322
5750
4690
5263
5568
7594
5652
6640
5479
2994
7484
7454
6431
5893
4752
6054
4628
4458
5952
3215
4453
3722
3948
3957
3291
6925
5010
3612
4634
5078
4529
5866
5330
5966
6048
4864
4668
4782
3986
7606
3846
5727
3825
5073
3457
6756
3466
6305
7446
5678
5625
4866
6860
3004
4612
3298
6826
4402
5578
7453
4813
7046
4405
4343
4216
6303
7209
3255
3937
2948
3287
3177
4931
6696
5334
7347
4876
5927
7714
7153
6202
4375
4250
7005
3841
5474
3368
3015
4252
3109
6328
7428
5540
5188
6561
7418
7217
4558
4304
5302
5566
3166
3644
6899
3881
5174
4318
6295
4278
5575
7761
4055
4562
6374
4005
5861
4139
6780
4792
3334
6446
3281
3105
6921
6117
7391
7554
4733
6935
7357
7973
5103
7013
6341
6596
7825
4765
7393
4036
5322
6093
4377
3050
3081
6553
7041
3313
6636
7473
6637
7436
5489
7672
3487
6008
6812
6918
4045
4926
5549
7753
5613
6719
5931
7228
4379
3047
6744
7093
5495
4606
7886
5572
7367
7264
4657
7167
4359
7741
4947
3091
7379
5271
6645
3464
6555
6151
4880
7363
6926
4778
5890
7999
3831
3651
4929
5969
5659
6449
6365
5138
3028
4314
6022
4992
5160
5545
5022
3515
5277
3933
3258
6474
6570
2752
7246
5506
7252
4374
4153
3942
5422
6857
4815
7481
5057
5420
4411
7339
7344
3956
2933
4706
5740
5170
4639
4092
7091
5083
7229
6385
3761
5525
7779
6946
4699
7661
3751
6434
6601
2917
4280
6597
7482
4441
7907
5818
6620
4434
7177
6879
6963
7387
6452
2989
3604
6224
7435
6506
4161
5498
3943
5902
5159
4737
6829
5924
3160
3090
7425
4607
3890
7189
4584
7939
5635
7309
5908
3092
7851
4431
7182
7688
3441
5665
7103
7221
3919
4948
5392
2987
5288
5396
6573
6094
7114
6552
3885
3478
4680
6170
4977
3545
6191
7181
5758
5292
3951
3794
7373
7329
3269
3182
3856
4187
3898
7483
6486
7186
7870
5867
4150
7038
6593
7670
6852
7717
5939
7074
6715
2979
5447
2978
5282
4384
6661
7029
2928
7356
5352
1596
6426
4985
5341
6485
5483
3012
6138
7088
4288
4096
5683
6901
6162
3787
6736
7036
6959
5662
4445
4961
3485
3469
5435
4426
5705
4544
5894
5102
5995
4802
6016
3512
3422
4886
5601
6630
6025
6919
7402
6490
5355
7143
5280
3913
4498
5963
7875
3577
7459
6211
7981
4444
5177
3387
3613
6514
7675
4241
5780
7528
3473
3786
6379
5840
7502
6746
3884
4545
6964
3416
3048
3310
6231
6466
3380
6528
6987
5198
5731
4669
2945
4806
6672
3408
4648
5511
5675
5043
4895
6888
6708
7487
7548
6282
3396
6257
6234
5356
3707
3535
3411
6903
7564
6633
5196
3799
7260
3308
5031
5326
3509
4904
5281
4488
7595
6815
7901
5189
4071
5313
3266
4823
4896
6598
3712
4339
4111
7084
6866
4362
7230
3192
6327
5770
6942
3928
6659
6730
4761
5592
4196
7204
3043
4088
5034
7843
7137
5100
7220
6353
4249
6768
3526
6898
7002
4225
6062
6993
5337
6775
6061
4489
5605
6326
4226
6932
7411
7610
7223
7335
3755
4486
5944
7639
5418
3983
5190
3459
6766
5028
7746
3261
4145
6123
2971
7354
3569
5707
6225
7027
6539
5608
6937
6549
3963
3096
4019
7262
7126
7804
5732
7417
7722
3069
4397
3873
7767
4609
5823
6530
7938
6296
4848
6870
5310
3561
6913
5907
4046
5783
3335
4189
3391
6060
7422
7202
3350
3423
7174
4759
5048
7257
6760
4247
4440
3700
6782
3774
4341
3326
6523
7282
6075
3627
3306
4354
4714
3429
3461
3345
7888
3790
3474
6948
5445
3767
3915
6940
4050
4409
6461
7571
7119
3710
7580
5157
6626
5175
6646
4122
7964
7719
6747
7677
5226
7513
4915
4780
3879
7786
6073
3362
4676
5618
6128
5213
6014
6865
6468
4230
7834
6657
3621
6264
5059
7878
4552
6817
7100
4526
5127
2977
6488
6402
6254
5560
7685
3560
4047
6804
7903
5219
5785
7317
6086
5234
3540
5669
3361
4536
3032
4128
7628
6625
7927
7780
5391
3635
4963
7631
4653
3289
6112
6497
3452
3065
7314
3051
6971
6114
3493
3932
7480
4330
5630
7538
3962
4574
6494
6711
5609
4316
4477
3145
6333
6546
7802
4646
4990
5827
2895
4664
3803
4497
6189
3260
4035
4347
3207
6619
3656
5145
7866
1922
5207
7830
6279
3265
3418
3448
5165
6847
6507
5620
6284
4462
6246
4179
4408
3696
4887
4512
4620
3322
3520
3346
7355
6248
4367
3314
7921
3764
6799
7231
3058
4693
7781
7234
3365
4429
4508
5376
6872
6274
3754
7815
3538
3406
5846
3011
7743
7891
3878
4168
3762
4632
7514
7950
3849
5699
6819
5290
7857
4913
4605
4629
6489
3578
7383
6130
4510
3616
3824
5275
7978
4708
7826
6845
4515
5856
7326
7704
5848
3610
5077
4965
3523
5865
5362
7509
6182
3246
3936
5829
6172
3970
6638
7929
6221
5148
4660
4579
4084
3089
5141
6623
3518
5807
7107
5312
5069
5346
6487
3742
3007
3972
3352
4195
3337
5443
3735
3176
6542
7050
6476
5089
7128
4422
7315
3372
3749
4072
7798
4820
7489
6398
3204
6671
4378
7963
6838
5667
5186
3990
7474
3319
7503
5260
5504
7135
7269
3975
7433
3987
4026
7948
5723
7837
4527
4338
5012
7395
7740
5052
4565
3104
3135
4428
3222
4425
2882
5766
3669
4946
2992
6805
7922
7995
4922
6909
4493
5321
3658
7909
3198
7800
2886
6900
7749
5925
5647
6761
5779
3867
3857
4739
3530
7416
7504
6877
3125
7285
4395
7187
7658
5904
4595
6526
7263
4471
6268
6792
5421
5915
5256
4539
6983
3576
7936
3432
6876
3630
3547
3701
7604
6266
3843
3586
5309
4217
7949
4847
7517
6689
7168
6495
6723
6614
4356
5711
7792
6710
6563
7596
6684
4995
1742
7304
4258
4633
7199
3689
6384
5551
3203
7904
3781
3582
6740
5087
6297
3153
2893
7250
5653
5949
4998
5745
7846
5563
3231
4299
5849
3876
4013
4989
6204
4726
3249
3083
5689
6989
3743
7144
4020
7678
3842
4451
7873
6568
4953
3882
5136
7860
6994
3674
6722
3173
5554
4945
3693
4418
5624
7376
6203
4326
4105
4293
6302
5200
5410
5875
4810
3668
4627
3892
1508
7058
6183
4446
7793
3082
6102
7764
6703
2885
7783
3702
7003
7032
7240
7540
4781
3902
2221
4901
7095
5247
3785
5211
3558
6404
3666
5600
2969
3614
5116
6632
7720
6056
3470
6846
2957
5257
3852
6245
4878
5965
6315
3736
2986
7773
4695
4637
5440
3871
7348
7014
7138
3783
5000
3480
7053
5357
6429
4027
6140
5937
3815
3458
7932
2905
6262
5870
3000
6895
3654
6972
7146
3304
7896
3580
4955
5621
4000
5240
7429
7952
3383
4696
3099
4389
7452
3698
5123
4158
3939
2934
7996
4681
7011
5892
6355
6810
7620
7730
6751
2824
7150
5830
5555
5228
7849
7049
4750
7056
7345
7852
7626
7495
4684
6545
7911
3438
3404
6421
7523
5203
6265
7147
7984
5430
7399
5987
7647
5018
2920
4735
4137
4188
4334
4868
5873
4943
4197
5799
3495
5199
6392
7457
7458
6465
6984
7092
7460
6991
6251
3381
3513
7272
5168
5080
5017
5055
5615
3054
5482
7020
4939
3323
1518
7281
5030
6417
6806
7600
7456
7844
7796
6139
4741
4038
3777
7926
5948
5983
7739
3788
4994
5656
7570
7079
7409
7218
5377
4133
5869
3483
4738
6820
6378
5404
5736
4571
3080
3819
5793
3748
3390
4976
4222
4753
5786
4722
3728
3414
3040
7791
7525
6095
6588
7120
7607
7701
6456
5386
7421
7089
6567
4037
5129
7645
6019
1736
4528
4014
6676
4937
4509
6615
7654
3074
5532
3431
4123
5641
2161
4016
3828
6957
4795
6586
4749
3855
5668
6220
5828
5688
3994
3665
5371
3619
5911
6995
4057
4675
3101
4549
7559
4011
7037
7819
3571
7169
3981
4758
6572
5484
6787
6185
7466
4602
6504
6643
3896
5767
4138
6050
6310
7735
3941
3853
3462
5973
7099
4644
4031
6389
4622
7616
5916
5672
5279
2951
7910
3367
5035
6373
6098
4888
3302
4621
6543
3646
6594
3686
6902
6996
6502
6104
6432
3925
7574
6831
4566
5241
4950
7026
3321
5650
3784
3111
6726
7430
7577
7530
7248
6796
6771
5108
7394
3088
5046
3034
7368
4391
5161
3765
3557
7159
5658
4857
6409
6621
5328
7076
7990
7012
6848
5680
5801
7589
4890
4541
6261
5062
5015
3181
5097
1976
4897
7643
3158
2002
7863
4239
7086
5433
3100
6055
2506
5033
3073
3355
5439
5126
3042
7365
5158
5397
3189
3180
7558
4086
4928
7336
6273
2954
3827
6467
3897
7738
7307
3771
5155
5229
7683
7122
3045
5752
7750
5359
7396
4576
5524
7919
4102
3840
7705
4988
3410
7485
7956
6979
7506
6223
6132
7586
4029
6423
7744
3024
4152
6450
4617
6064
6809
3602
4713
5724
4772
2943
6177
2966
7556
4166
3747
3738
4625
6154
7300
7718
6885
5390
4837
4346
5021
7784
3517
3603
3031
6472
7096
2772
3234
4588
7624
4701
7759
4715
4934
4030
5274
4861
4372
7019
4979
3170
4755
4920
5684
7044
3829
5782
7443
3653
4659
6428
4643
7794
7203
5634
4956
3929
4870
6243
7470
6141
4665
3660
1610
6207
5988
4754
5961
4611
3008
4483
3273
2995
6376
5590
4228
5539
3133
3400
3863
4156
5061
3183
5836
7098
4894
4165
6074
5072
6712
3450
3806
4845
4469
7270
7061
5419
3886
5842
7198
4843
4535
6491
5179
6519
5959
4205
5210
5993
7642
6695
5771
6698
3132
3965
5700
3482
3564
5088
6067
5997
4182
4766
6832
5414
4254
4277
6377
6035
5768
5571
7127
5133
4136
7042
6811
4720
5237
6236
5889
6611
7644
6927
3591
7838
6358
3585
3531
5152
4214
5140
5119
5121
6544
4898
7508
7277
5519
6891
4212
7840
5437
7195
3808
4568
7492
3388
3789
5478
5287
6464
4559
4677
5469
7279
7947
5128
3490
4184
3491
3906
6928
5056
4801
4767
5416
4883
7325
4427
6773
5677
5134
7001
7684
3727
5388
5197
3103
7349
2922
3434
4430
5874
5742
6520
3597
7710
7879
3233
6269
5947
5251
3945
6346
4193
6249
6732
6558
5637
6674
7833
3201
4658
5599
4884
5728
5053
5214
7499
7471
3581
3982
4218
6215
5476
4592
3038
7388
2892
3029
5514
5586
6906
7752
4232
6716
4386
7787
4083
6501
5881
3862
5365
2880
3733
7623
7655
6581
6277
7521
5323
4480
3813
7434
6142
4403
3443
2891
6386
6665
6813
6444
3374
5749
6363
5142
6822
4505
2984
5394
7785
4903
7532
6566
4787
6724
6051
4203
4414
6027
5457
4734
4900
7993
7448
7806
6893
7331
7111
4654
5789
4645
4457
3290
3859
7729
7125
6291
6435
7977
5236
6240
5113
7790
5682
4253
4704
7734
7592
4790
4952
4089
5534
4439
4192
3775
5131
7776
6498
3830
7381
3912
5076
5284
7998
4492
5527
5340
6651
7567
3472
3838
3194
5049
5521
7969
3587
7090
7726
3570
2962
7083
3901
5382
3606
4679
5477
6668
7905
7868
7543
7145
4390
6424
6742
3887
5910
5814
5855
6174
6977
7034
4499
3832
3732
4966
3179
5976
6084
6293
5567
4215
4333
3562
6783
7015
5847
3575
7808
7820
7289
3248
6001
4186
7207
4825
5579
6070
6793
5697
4809
7560
7477
6337
5706
3673
4507
7040
4575
7075
6092
4465
7650
6589
5797
3223
7441
3317
3325
4315
4264
3351
5777
5722
3506
5687
3401
4589
4424
5522
7583
3156
7208
4667
4160
4450
6078
7501
4224
3744
7184
6548
3750
5327
7816
3608
7522
7071
5503
6737
4097
4436
7727
4736
3257
7161
7172
5501
1820
7149
6960
7180
3293
6849
6834
7333
3147
5674
3275
7760
6554
3947
4302
5602
6013
2888
4475
3961
2931
6917
7094
4251
7132
6509
6864
5550
6299
6250
7803
3797
6194
6720
6631
6702
6752
6824
4840
4600
6950
6010
6306
3446
3197
7016
3311
3845
7497
7699
2538
4363
2831
7130
2184
5150
3778
3505
4396
7578
7814
7662
3373
6582
7156
3776
4279
6043
2248
7403
5104
2946
6148
6762
6484
7510
7933
2881
3138
2927
6961
6844
6462
7085
7537
5270
4844
3389
5461
6069
3706
6595
5816
6481
5515
6216
3272
4067
5026
4671
5232
7447
4800
7573
6881
7839
7539
4148
4687
6642
7614
7788
6066
3895
4435
7361
5099
5654
4760
6470
3737
4394
4479
3760
6351
3152
5955
3921
6969
3550
4155
3232
3403
4851
6944
5584
7988
6332
5250
4959
6345
5205
3328
2960
4940
3554
7555
3704
6592
5754
3093
6053
6412
6383
6823
4949
3130
7974
3036
2913
5253
6503
5696
5941
4121
7322
4551
3967
4892
6962
7082
3546
5336
2916
3826
5403
6750
3316
6569
3027
7534
6331
2900
5913
6652
3938
3221
6717
5009
5992
5007
4518
6020
6686
3521
5289
4135
4040
2902
7771
3444
5306
6540
3650
4869
6997
3120
6576
4561
2901
6460
4615
6118
6981
3544
4387
3953
6356
6541
6650
7073
4281
4525
3453
7467
6605
4882
3638
4468
5627
3688
4306
4839
7401
6604
5172
5463
2999
4194
5124
3583
5117
3140
6515
6967
5558
7051
7821
3484
7666
6256
4091
5464
5646
4702
6571
3601
4056
5543
7547
6399
6949
6085
7175
3382
5492
4284
3149
4533
4231
6210
7859
5006
3780
3868
3927
2894
4120
4268
3999
7692
7959
4132
7318
7611
6199
5776
3618
6120
3697
4348
6547
2884
7311
4797
4319
7895
5071
6237
6562
5183
7340
2918
6156
2763
6777
7419
3151
3276
3144
5703
6701
6602
3632
4274
6416
6253
5315
7253
3677
2929
4244
7101
4906
7563
7176
3063
5784
5778
5589
5468
2942
3242
7256
7585
6956
4859
7823
6007
3866
3568
4042
6770
5769
3356
4751
2464
6880
3489
7469
5500
5932
4852
7680
6743
5338
2941
4117
5231
4331
4099
7836
6512
5580
6930
6536
6527
4176
7475
3386
4068
5493
7914
2959
3726
3155
4164
6324
4400
4191
5125
3465
6101
6968
5981
5956
4534
3371
3468
6688
4303
6878
4531
4770
7869
7316
6229
6749
5335
5350
6869
7332
3021
5319
6683
5025
5748
7378
5305
5002
7841
1552
6208
4240
7648
3883
3163
7211
5293
5986
7358
7479
5984
4478
5339
3247
6222
7110
3973
5020
1769
7535
4455
3900
6238
7612
4763
6002
5884
3393
7916
7979
6226
4062
7346
7404
6290
5267
5640
3555
7249
4090
7352
5459
3924
5747
6218
5255
4835
5739
4223
6802
6124
3366
5320
4292
3148
5854
1629
4002
7627
4975
6868
6953
4307
7059
3642
4127
7937
4467
7023
7954
7165
7274
7104
3997
6176
5537
5266
4459
6344
3908
2996
6803
4816
6418
4157
7876
5886
6272
5248
5644
4317
5735
6660
5958
6147
7414
3911
5510
2898
7108
4085
4065
7702
2952
3191
6144
5122
4796
4691
3324
6609
7925
3205
3497
5926
4183
6513
3437
3899
5990
3309
6912
4500
4286
3721
6933
7633
3620
3041
4438
3336
2903
3268
4740
7829
6500
3172
7295
3333
5729
4879
3821
5704
3508
4069
4685
3573
3235
5526
5090
7415
4930
7778
2765
5773
4910
5409
4308
7968
3909
7931
4523
6381
5663
5343
7070
6579
3294
6496
6052
7298
4144
5297
5195
7124
7831
4547
5005
3052
5016
6087
5395
3397
3369
6405
3171
5187
5347
6781
3991
2955
4872
6195
5876
5060
3402
5411
4078
4336
7067
5442
7640
4717
2808
3005
5285
6559
7068
7010
3880
5673
1660
7906
4921
4162
6924
5930
3623
3449
6049
6318
2636
5905
2988
5690
3527
4841
1521
3507
7961
4335
6437
5273
6910
1542
5399
7867
7693
4719
5693
4666
6209
4017
6965
4332
7283
7164
5349
5366
5857
6425
5217
6575
7511
6887
4673
6111
4061
4613
4327
7194
6779
3122
3753
3338
5953
4114
7287
6213
6311
5387
6499
3695
3860
5244
6978
4583
5570
5448
6115
4542
5623
5379
3971
6788
6420
3087
6662
5107
6313
7293
3252
2998
6790
5604
5373
5225
2968
5617
3918
6106
6617
7757
4421
7296
5648
5361
6129
6042
4957
5502
3064
4022
7350
3263
6233
5643
6854
3053
4143
7280
4865
5111
3363
2939
2936
4401
1752
2424
3810
6227
4694
6312
7155
2618
3118
6687
6090
3364
3039
4344
5698
7890
5466
5597
4698
5171
5645
7154
6629
5223
3244
6196
2937
7081
4172
3075
7133
5655
6856
7276
7951
3141
4958
4295
3440
4577
6814
4597
5649
7382
4978
3002
6941
5977
4550
4329
4351
2887
6934
3128
4454
6584
6072
5304
4842
3227
4724
4554
5569
2055
6618
3930
4464
5898
6785
4711
7370
2798
7582
4973
4257
3998
4015
3107
2925
4213
3595
5817
3920
3592
5918
5407
3836
3174
6415
4456
3758
4340
7158
3800
6678
1674
4209
4388
6339
4113
7983
3835
7657
7971
5804
3699
5564
7266
4310
7022
4285
2341
5120
5374
6658
7408
7550
7850
3098
1529
5067
3451
4655
3869
3115
4234
3716
5595
3875
5917
6966
5316
5974
2911
5811
6833
7432
6267
4198
7603
4578
7721
5209
6748
7634
6164
2428
7206
5757
6725
6958
7216
3421
7629
4371
3725
6556
7321
5863
7893
7665
4803
5345
4142
5095
4951
3633
3185
5743
7955
5751
4259
3708
3496
7021
4793
3424
4619
5106
4141
3996
3502
6135
2626
3730
3652
5467
6045
6837
4546
3178
4393
2985
6655
4345
5286
6263
7747
2418
6610
7690
6442
4982
3694
6704
3541
3960
7987
6080
4747
7222
6105
7646
7618
6096
4355
6713
5853
4109
4902
7774
5691
3969
4028
6186
2878
6690
6372
5040
5497
4416
7636
5938
3622
7116
2938
2673
4775
3134
4437
4974
7327
2729
6024
7413
3076
3112
3988
4716
6387
7337
4342
4229
6368
7671
4548
4048
1730
3157
7505
4167
6931
7077
6366
6239
7334
3059
5368
7855
6727
5805
7828
5064
3280
3769
2904
7024
4656
4710
6371
2158
5726
5737
4221
2720
4178
7737
4567
7030
7935
4522
2864
5299
4863
6168
6738
6361
4918
7581
3768
4433
1600
5105
4954
7856
6184
3820
4073
3022
7835
7917
4596
3186
3985
3046
5792
3995
2883
5042
5738
2970
5760
7451
1701
3481
7390
3685
6119
5862
7380
7131
5065
2128
3976
4846
3006
3534
5821
7568
6473
4180
4604
5332
5971
3814
7478
1735
2399
3226
4875
6235
1523
2294
5438
4052
6453
7599
2218
5741
3904
6675
7549
6776
6163
5912
7762
4350
7962
7255
5109
5488
4616
4082
5999
6733
7557
7552
2009
7420
4364
5208
6448
4463
4881
3600
3910
4662
6088
6289
5610
4743
4590
2981
6886
4618
6089
6905
7579
7017
3229
3690
5054
4689
6005
2083
7173
2967
4365
6578
6362
7881
6469
6608
3516
4054
5354
5066
4661
5909
6800
6065
3210
7400
4785
3807
5715
5344
4106
6018
5164
4773
3661
5246
3296
7455
3795
4131
2806
6821
3914
5897
5922
6037
5101
5888
4290
5201
6153
6739
4838
2899
6336
4794
3894
3905
5202
3165
7732
7622
2190
6165
5429
1941
1768
5970
4276
3861
6644
4108
4118
6017
6859
3640
4914
5762
3745
3681
4043
6532
4070
4442
5220
4134
5154
7649
6734
3645
2758
3680
4980
6867
6307
6533
2053
6125
2518
5919
3214
6992
6028
7725
3770
7160
7569
6109
4185
4730
4269
4697
1481
7054
7431
6577
3599
7736
7245
5850
3164
6731
4146
6511
6179
3430
5075
7775
5278
4916
6009
3253
6697
6894
1560
4712
7152
5044
6012
6026
7845
6076
7994
3811
2573
5182
4601
7865
5573
6280
6047
5380
2950
3684
3713
5946
5268
4789
3643
7141
4642
7267
3259
5402
6970
3433
7660
6391
4034
5118
5027
6171
6827
5427
3471
3980
7162
4248
4256
6212
4626
3979
3202
5112
7507
7715
5935
7668
4420
4313
3822
4041
4877
4075
1999
4516
4707
6058
3916
5169
2129
6370
5451
6395
7637
3682
4991
2090
6258
3301
4320
6679
7659
7877
5417
4630
5370
7226
5324
6281
6169
5790
5631
7992
5885
5173
6082
6252
4649
5252
2926
5086
7261
3016
4580
3159
7691
3224
1478
7142
4294
7541
1932
3539
7377
5162
3123
3720
5798
7807
4373
6360
5480
4472
5508
3903
3236
4779
4163
6411
2958
7972
6808
5151
7004
7397
6242
5626
5261
3228
5147
3376
4874
4021
6682
6851
5481
4380
5860
6304
1773
5951
6728
2550
3168
5496
4301
4811
3966
5936
7653
2343
3746
3723
1859
4204
4709
6455
5772
4093
7424
3729
3070
5115
7733
7915
5548
5556
5254
4993
3013
4235
5612
7588
5719
6323
5755
5369
7635
3549
2965
4670
6471
4971
2482
6100
5499
5957
7966
6150
6097
7976
4822
6943
6342
4337
5883
3196
2764
6247
4415
5114
6131
4059
5822
3617
5800
6143
3283
4087
4968
5685
7822
6531
4349
5950
7703
6214
5473
2480
4287
1990
2281
7892
7288
6667
7225
3691
4593
5453
7755
7193
5446
5050
7706
6973
4853
3399
4494
1867
4502
3106
7924
7566
7366
7782
5702
6110
7766
6517
6113
4447
7848
2421
6705
3537
6986
4867
6477
2909
4832
7440
6316
5593
6590
4692
5839
4305
5518
2311
5774
6201
6083
6551
3740
5725
3220
6663
6413
5899
6006
1551
2404
6394
4413
3264
7353
2089
3848
3598
4417
7312
6335
3079
3977
7945
5996
7663
6681
7351
2810
6612
3548
6778
2801
1559
4151
5832
4942
4938
6219
4101
4382
1483
5607
5258
3384
4381
4521
5998
3212
4826
7965
3705
6039
4077
5176
5456
3854
6349
3636
7695
2171
5085
4208
3672
2123
3360
7770
4481
3891
3870
6463
3525
7544
7777
4908
7106
4784
2921
2796
5761
4175
3425
7057
4893
6000
5681
4076
7810
6795
7302
4080
7341
5837
4807
4282
1630
3779
3113
4496
3488
6445
4555
6187
4936
3097
3501
6401
6317
5490
4328
6121
4570
5163
5393
6032
6874
7518
5272
1777
3500
3816
5137
3267
4513
7902
4718
7667
5294
2365
7772
3984
4094
3003
6897
5353
2784
7301
3463
2923
7799
5824
4265
7008
7756
3124
6685
3805
3817
7224
7045
2623
5671
1732
2309
6922
1966
3486
3596
5367
4360
3190
4808
6700
3678
7797
4410
3417
3456
4325
3184
3067
4727
7117
3888
6057
3009
2980
7934
5763
4190
4756
3590
7313
7398
3116
6287
6980
5923
2963
1894
4368
4275
5594
7018
7410
3935
6664
3398
4466
7584
6801
3793
5795
7602
6807
7985
3454
2130
3285
5092
3647
3659
3278
7527
6840
7468
5880
2655
4125
2300
1923
2910
7813
6873
2369
4563
6754
1570
3477
7097
7940
4674
5787
5576
5794
4678
6883
3078
4748
4636
7496
6158
6285
5221
3237
1714
3574
6535
7689
6382
6825
3412
5872
3637
2013
4860
7656
4917
2323
7286
4771
7832
5096
4871
6244
5450
2832
3944
7239
3154
1772
4524
4177
5458
6505
7960
7323
2511
2187
2807
5342
4537
1681
6340
2704
3066
1984
5744
6040
6149
7310
1631
2596
4201
1740
3200
5037
1825
7359
3847
2818
4725
4981
2476
4112
5591
1930
5283
2273
3427
3320
7178
3187
6585
7758
7080
5764
7212
4262
6180
4289
6197
4598
5535
3834
4053
3030
3288
2239
5452
1801
7609
3131
4996
4491
7712
7818
2299
6079
6767
3567
4564
7118
7235
7898
1657
3415
6343
3553
5841
5475
5465
1597
3572
7462
6677
1632
6276
4663
5694
6669
2687
6952
5444
5664
4392
7215
6798
3225
7872
4909
5512
1472
5093
1956
3150
4181
5227
2402
3435
5962
3121
4511
3476
2906
4220
2691
7536
5713
7259
5401
7864
3037
3375
3062
4723
5363
4599
4266
5858
6863
6757
6255
3763
2976
3563
6892
6427
3718
3254
7427
2172
6029
4821
6136
4272
5746
5180
6036
5982
7551
6320
3922
3162
6862
1516
4423
6721
3792
3542
1705
2514
2396
4834
2944
6044
5311
3409
5041
2500
5471
1969
5906
4855
1887
5833
1606
7105
5809
5929
6649
4460
6034
6529
6904
3284
3102
7055
6772
5864
1658
7601
1717
6068
7617
6954
5533
2388
3514
5008
4594
3129
7516
5398
4169
2102
4236
6480
6524
7795
4812
4729
4899
6103
5945
5585
2820
7243
3741
4786
1804
5513
7369
1584
4103
4960
2280
3671
5587
6988
6666
6430
6945
7242
5193
3127
5914
4407
6753
2149
2028
7923
3759
2557
1554
4130
2751
5192
3056
6230
1844
6839
2066
3193
1608
2355
1838
6145
4238
6181
2588
5638
7874
6786
2731
3865
7897
2329
4449
5425
3445
7406
4819
4827
2107
6516
7941
2850
3858
5546
5372
7491
4267
6004
6654
4270
5538
5980
3419
6003
3035
7679
4944
2372
5940
2210
5269
5943
6830
1921
6855
4474
2160
1885
2839
4237
7524
3213
6283
7444
3370
4774
4688
5559
3071
1546
5523
2011
4206
5091
2693
3303
7928
6059
4007
2315
4933
1088
5291
5348
3072
4762
4219
7953
1926
6706
6828
2803
5629
4997
4174
4033
7887
2440
6046
2562
6228
7449
1723
3344
5212
7520
5845
5933
3195
4025
1687
7139
7360
6741
6301
7191
5233
7519
6985
4776
5130
6478
6397
2870
5472
3889
1837
4829
2530
6021
4419
3874
2686
6217
2035
2186
2087
4260
4370
7970
6319
2974
5003
5733
1399
3974
5542
5611
6390
2371
6369
4255
5720
1628
3631
6759
3359
6999
2769
6624
2912
3851
4905
4291
3864
2845
2982
5153
4623
7170
4610
3959
3993
5557
3877
2975
1884
3625
5887
1617
2690
7716
3615
2644
6193
2279
7048
7883
1682
5023
1847
6459
3277
7236
4983
3833
3347
6160
1652
7817
3295
4298
6107
6352
1754
7290
5806
2196
5651
4243
7529
1553
3594
4473
5960
2141
6557
7625
2040
5013
2374
3068
2469
2332
7980
7151
6259
2503
4757
3528
5991
4858
2409
1981
4358
6479
5843
2664
4986
5900
5820
4891
5968
4406
2546
2491
4115
3593
1916
5063
4107
3950
6769
2358
1992
4984
3206
3217
4008
3167
5603
7943
7812
2812
4769
3108
7708
7986
7052
5224
5149
6152
1526
1634
2983
5721
7197
2111
4149
3492
4095
4640
7769
3209
7047
3307
7912
4100
4173
3342
3605
6648
5181
4591
2282
7542
5803
7811
2451
7072
2727
5967
2449
4538
3060
6850
2039
7894
2267
5562
2991
2696
2721
1700
5616
7920
1564
6797
4311
5167
6565
7294
6298
4060
3739
7254
3262
3926
2078
4482
2972
2525
4432
3923
1986
3420
5530
6628
5265
2860
2008
7412
7227
2949
4969
7638
1547
4485
5301
6914
4501
5470
3379
4369
4261
7251
6192
2155
4199
3126
7789
3670
5047
7338
3395
4652
5314
7598
2415
3498
5238
5381
4967
7562
6483
5812
7423
6607
2065
6173
4376
1856
1826
4273
4799
6673
4503
2498
7854
6908
4443
1635
6510
7060
4585
2438
6639
7330
5143
4798
7121
4731
5424
6591
5383
4532
1479
2734
1522
7801
3146
4746
5449
3020
4452
3436
4058
2854
4398
5364
2897
6613
3692
1653
3715
2113
6063
5351
6232
7713
7065
2646
7205
1544
2474
6976
2874
3532
7561
4104
2570
4324
5692
4818
2445
7461
2671
7210
5531
1863
6157
5670
3349
6525
6907
5331
5896
3782
4211
2668
6133
7362
1507
7166
1903
2213
7066
5413
7039
5378
4039
2278
4935
3752
5509
4987
5400
7196
5552
1509
7944
2304
3724
5879
5710
5206
7043
3114
3358
3641
1790
6198
5583
3086
5868
6774
6974
7148
3407
2627
7723
2274
4777
3331
5614
4889
2599
3519
1729
6015
2351
5871
6108
2240
5882
5802
7652
1935
1808
3413
2120
1684
4517
4476
4791
2554
5011
3837
2713
6357
5985
7630
1883
2285
4962
2314
6260
3872
6422
5110
6338
1851
7576
6758
1604
3312
5436
1622
3219
7768
2819
3524
7275
2907
5819
1695
6841
5426
5994
6599
3717
4001
6388
3357
4357
4032
6763
1775
6329
7494
1924
2291
2025
3329
6122
3216
4098
7709
6680
2621
1602
7062
2195
1827
2201
7213
7113
1514
2253
2780
4448
2127
7885
2373
6454
6745
3439
6550
1578
4783
2526
3026
5759
2047
5358
3240
4170
2308
6508
7464
6656
2429
5296
3664
7031
2321
7064
1562
6443
6439
4051
5838
5249
4924
3543
5385
7728
2436
2680
3940
2606
1982
1878
6560
3119
3211
2759
2620
3475
2742
2678
5242
7284
3025
5734
5487
4119
3709
2452
4126
4081
5245
2456
6167
2298
7707
4553
7009
2194
5808
2180
4124
7763
6457
5486
6038
2667
2430
1548
5775
2208
2692
6433
7237
5259
2877
4246
2947
4312
5036
7861
2595
2689
7163
2997
1970
1967
2386
1512
2295
2192
6275
4309
2679
2368
6603
4010
1787
7438
5851
2851
7545
3703
2233
5084
2093
5262
2823
1690
4383
7265
6309
1618
7007
1728
2179
5717
7450
5144
4263
7853
5921
5318
1495
2707
7991
3934
5831
1711
3271
1647
7884
1760
4412
1906
4385
2669
2625
5859
3340
2825
2293
2138
2873
1719
2584
2517
2534
5194
5460
1978
6765
6816
3955
1520
2863
2650
2869
2167
2638
2076
4556
3270
1540
2069
1853
2096
6616
2246
1795
3327
1821
5920
2788
2787
2021
6288
6406
1861
2835
7899
6896
7619
6206
2052
2346
1492
1662
6635
5058
6364
6580
6975
2068
6951
1761
6030
1965
6606
2767
2423
3385
5844
2037
2652
2915
6858
3801
6923
7880
2715
5978
7651
1477
2853
2268
6692
2198
2446
3756
2157
2139
1572
2545
3719
2956
1623
7087
2426
1474
2601
5825
7219
1616
3442
2856
2072
7112
7375
3467
2146
4044
7238
6735
5577
2004
6564
1834
3964
2628
2447
4049
4972
2360
2508
1989
1524
1664
7827
5051
6764
1580
3565
7590
2866
4672
2597
2743
2461
1942
2964
2757
4461
2543
5679
2202
3731
3579
2614
6200
1534
2993
2613
2930
4788
1613
5730
2174
6294
2842
1476
4470
1731
2086
4154
4932
2489
3297
1721
4686
2270
2868
1957
2100
2590
7463
1987
3844
1703
2219
2145
3377
1211
2579
1872
1643
6347
2135
5300
2144
2022
5384
7374
1558
2059
2238
2750
4721
2634
2814
4245
4484
6438
2790
1535
1893
5029
2026
7745
2643
5139
2306
1814
3175
1991
2046
4919
2688
1778
7515
1874
5507
5633
2484
1694
2755
3238
2249
4321
2203
2007
4641
1961
3662
3010
1571
1536
2612
2254
2316
2126
2177
1541
1555
5222
2760
2261
2236
3136
2350
5606
2286
2827
2718
2441
3634
2802
1642
2094
2472
2313
1764
1252
6693
1655
2320
2504
2485
2779
2307
7185
2375
6982
2541
4361
1733
1502
1726
1067
4296
7407
1917
3552
7871
2117
7711
4603
7621
2271
1550
6359
3044
1490
2778
1633
1530
5045
3952
2730
1945
1708
2326
7241
6033
2797
2226
2516
2370
1816
2629
2255
2114
2229
2580
2044
2486
2088
2377
2676
2252
5166
6492
6077
2785
1763
3019
1710
2073
2619
2220
1055
1646
2455
1494
2561
1794
1997
5019
2786
7192
7233
2799
2061
4023
4824
2301
2852
1888
3479
4490
7613
1855
4925
7605
4941
6916
1605
3931
2242
1680
2401
1786
2134
2269
1598
1845
1762
4742
2384
6534
2849
2001
1757
5239
4970
1929
2142
1615
1627
2082
2277
1493
6853
2990
1537
4242
2437
7575
1388
1688
7343
1904
3773
1755
2821
2521
1954
7696
3017
1815
2257
1574
2631
1531
1852
2275
2027
2531
1843
4129
1587
2732
982
3655
1489
1725
2471
1784
5657
5491
6493
6011
1886
1953
1947
2509
7405
1698
2468
1661
2549
2571
2478
5516
1810
5877
2000
1805
1592
6627
1750
2848
2551
2222
2416
1532
1291
1651
1865
6146
1639
2586
888
5810
6843
3279
2462
7531
2448
6205
4700
2708
2753
1689
1638
2112
2230
2615
1798
2165
1744
1857
6023
1279
2262
2735
1817
995
2189
2914
1860
2544
5074
1475
2661
1931
3714
2490
2413
1751
1858
1879
2241
1621
2185
2212
1765
2640
2512
3626
2792
1960
2473
1656
2131
1576
3300
2207
2507
1672
1473
1716
1625
922
2336
1748
7975
3628
6938
2665
2714
1612
2674
2528
5333
1939
2014
1297
2681
2340
2318
1692
2405
2443
1788
2234
1977
2566
2434
2140
7445
1875
1318
2092
2499
2067
2656
7682
7069
2654
2458
6322
2535
2331
1899
2675
4519
1807
1759
2256
2477
5408
2861
2683
2292
2567
6436
2682
7958
2836
1985
7608
1962
1734
1868
2574
2075
3460
2587
2181
6348
2826
1470
2483
2583
6375
1679
4647
2338
2359
3110
2033
1591
1738
4805
1136
1720
2647
2513
5441
2118
3839
1451
1567
1471
1089
2459
1588
1156
2838
2496
2030
2494
2651
1813
2084
2344
5942
2505
1824
2312
1958
4764
2641
2633
1842
2288
2148
1702
1971
2833
3239
2527
6292
2630
2862
2168
1261
5191
1880
2106
1812
2147
1912
2775
1746
1952
2857
2699
1568
1913
2685
2382
2463
3588
2216
2056
2591
2150
2125
2577
1364
1959
2495
2330
2327
1556
1833
7244
3624
7591
2183
5454
1153
2380
2029
1770
2265
7442
1491
5014
5517
2522
1513
1202
2010
2592
2524
1785
960
1789
1850
2064
2435
2475
1809
2632
2703
2197
1722
1796
2391
1164
7123
1663
6714
2024
2015
1641
2381
2153
1496
1503
1835
2533
1915
1800
2762
1517
2363
2603
1669
2031
1963
2616
1686
2740
5716
2317
1400
2746
952
2152
1645
1946
1940
2460
2553
2782
2133
3188
2754
2859
1595
2747
1975
5434
2390
2122
1715
1870
2565
2250
1897
2215
2414
6091
2151
2162
2071
1566
2224
1075
2605
5276
1329
1895
1060
2697
2749
1792
2156
4404
2552
1335
2407
2487
2815
2383
2809
1213
2783
1854
1626
1995
2206
7918
1910
2875
1528
1505
1624
2649
2132
2637
1948
2410
1998
1902
2091
2058
1676
2662
2540
2529
2702
2712
1650
1589
1673
3992
2604
2223
2237
896
1254
2660
4399
2289
1712
1223
2789
2403
7268
2569
6647
2045
1539
2865
1575
1950
2425
2400
2006
1649
2176
1047
2575
1993
1603
5360
2515
1654
1002
2054
1691
2353
1849
1501
1269
1237
2324
1499
2243
4530
2302
2542
1469
1183
1830
1222
2876
2576
5094
2325
1569
2771
1724
1607
1286
2038
1665
1972
1303
1747
972
1823
1756
1901
2744
2362
2110
7134
1306
2795
1637
1111
5642
1172
2766
2711
906
1453
2057
2227
2137
1909
1994
2397
1802
1217
955
2519
2670
980
2536
1143
929
1806
1829
2164
2822
1126
2043
2645
1766
1937
2199
2872
1480
1898
4079
2109
946
1670
2581
1557
2191
2488
2774
1324
1511
1411
1403
2444
1320
2439
898
2170
2062
1009
2719
2501
2793
2328
2716
2245
2840
2345
4836
2453
2119
2115
6241
2622
2417
2717
1791
1936
1538
4353
2539
933
2349
1671
2050
1035
1774
2389
4912
2710
1582
2081
1500
2624
1793
1891
2214
3447
2193
2103
1195
1185
2813
1840
1640
6407
2005
2379
1934
2935
1743
2017
2034
1864
1779
1331
6699
1275
2701
1979
1819
3798
2163
1659
2036
2263
1431
2610
2079
2805
1173
1619
1357
2450
1727
1846
2099
2361
2502
2794
1914
2124
1753
1685
1862
1905
2698
1096
2867
2136
2366
1218
2777
2204
5979
2173
2411
5428
1072
2333
2178
1832
954
1268
1176
2385
1277
2578
2019
2871
4006
1920
3510
1601
2479
1933
2347
1409
1488
2406
2684
2260
1545
2497
1328
2080
2470
2466
1667
2830
1636
2143
1032
968
2394
2433
2077
2169
1549
1160
2258
1925
1005
2559
2205
2232
2585
1996
2225
1644
1911
2357
2016
1484
962
2104
1590
1973
1780
2602
2020
1803
1363
959
1467
2847
2408
1349
2547
927
1739
1180
2492
1081
1432
1666
1577
2493
2098
1299
1482
2392
1648
1155
1381
1258
1430
1919
1250
1219
1675
1148
2837
2287
1099
1347
1082
2166
2657
2070
2600
1366
1048
2748
1443
1159
2733
1510
2419
1013
2879
2695
1169
1037
1308
1563
1882
2427
1362
2738
998
1741
2572
1050
928
2582
1951
2154
1974
1420
921
2018
2844
1343
2420
2398
1839
4745
2658
2393
2457
2677
2074
1466
2481
2756
2607
1871
979
1464
1713
1317
897
2817
1289
1848
1152
1199
2773
2284
2108
1221
1001
915
2159
1382
1189
1776
1964
2121
2235
1783
1668
2841
2175
1360
1938
991
2776
2828
1565
1006
2558
2247
1234
1429
1380
1767
2816
2770
1241
1699
1338
961
2342
1043
2264
773
1238
2725
1025
1983
2617
1866
1583
1460
895
1908
2537
2800
2063
1327
2855
1174
2568
2672
889
2761
1191
1181
1115
687
2412
1201
1706
2728
1709
2272
2188
916
1352
1693
1497
1224
1273
983
1068
1301
2639
2648
1285
2060
2348
1876
2432
871
1413
1811
937
1414
1274
1059
1506
2700
2251
1927
1599
1718
1396
971
1330
2367
767
2048
2422
2356
1167
778
1243
1918
1020
836
1134
2843
2041
1440
1305
1014
1304
1337
1818
2666
1900
2310
1696
2791
1027
1283
1008
1678
965
2722
1485
1367
1333
1515
1326
1132
2611
1441
2387
1339
2829
2653
1121
1573
1745
1561
2705
1144
1135
1614
2012
2431
2339
1620
2297
1426
1220
2594
1797
918
1771
2101
1194
1397
784
1394
2858
2608
1707
1103
1446
981
973
1116
1281
2465
1061
2217
1415
1259
953
1077
2709
1168
2726
1054
1683
1928
1749
1873
1170
1428
2467
1242
2834
1044
1543
891
1387
2105
1697
1412
2231
1045
1312
2296
2609
987
1968
2303
1890
1527
1416
1892
1251
1525
2085
1119
2741
2319
2454
1342
1889
2739
984
1016
1585
1193
2305
894
2532
2706
1345
2560
1594
1828
1064
1204
1192
1944
2737
1270
1239
2556
2290
1822
1036
994
655
1114
1437
2003
1184
1434
1161
1031
1386
703
967
902
1704
1097
2523
1498
800
1140
2049
2642
2376
919
1280
2846
1083
1062
1486
990
2378
2334
2182
1247
2635
601
2042
970
1955
2209
1208
2023
1368
1094
1439
1372
1178
2736
1462
1229
1781
976
989
969
1235
1758
1348
1051
1427
2811
948
1065
1070
1579
1109
839
2395
2593
2663
2244
2337
1468
2548
2322
1358
1369
1392
1256
1107
1198
1321
1272
1341
1336
1098
905
1782
1841
1012
1021
657
1310
2097
2563
1340
1293
1147
2352
1166
1190
2200
1187
2804
1609
1533
1423
1066
1260
934
1130
2724
1377
2745
1290
1253
1405
1355
1353
663
1105
1110
1085
1344
1017
1375
1028
931
917
900
938
1196
1370
1325
1356
1150
1877
717
1295
1371
1988
977
1079
944
1011
1287
1177
1018
1131
988
1436
940
1266
1139
1438
860
1030
1015
852
1319
2095
904
945
1039
2555
1052
1149
1487
1307
1264
2442
1038
2364
1113
2116
1141
1200
884
1442
2032
1395
1292
1095
1593
669
2598
2694
1255
1182
715
1133
951
1084
1022
939
1137
1504
1378
680
1586
1209
856
1450
957
1907
699
1881
908
1737
924
1390
818
1007
1677
912
668
1456
1422
1232
1179
1980
842
1408
1026
926
1175
1230
956
1248
1128
963
907
1457
958
1444
909
1271
1210
788
1354
1206
2228
738
993
1106
949
2781
992
1385
1120
1425
766
1034
614
713
1162
2723
1389
1831
1799
2283
1417
2354
1236
1461
758
1278
1454
1240
831
1246
1214
1004
1351
1611
619
698
986
1069
740
1384
706
1296
947
1086
1019
920
828
1104
1309
629
1448
1188
1100
1127
1010
1226
1171
997
1376
1118
1078
1332
1212
639
1231
1836
1300
2659
2051
1519
1263
2266
1346
914
1418
1322
1163
770
1896
1090
1233
1157
1869
1463
678
1314
628
643
2510
1316
867
2520
642
1315
1216
725
996
1943
865
1433
1410
1154
978
696
723
1294
674
1205
1080
1401
1000
893
999
1145
1276
724
786
616
1419
1435
604
1302
1424
932
1313
2276
832
873
975
879
1074
1359
942
1257
2211
1041
1197
935
598
1033
930
599
1087
1465
731
964
925
885
838
591
1138
903
641
1053
1124
1142
2589
1046
1581
874
2768
635
745
2335
1129
1158
1076
1379
1452
1365
728
1459
840
858
1249
572
943
1374
656
638
1207
1003
690
734
899
796
1023
774
901
890
474
1203
1311
790
913
1040
1122
910
789
1123
966
1108
2259
742
1265
1225
1058
611
1102
1407
2564
653
1334
1421
837
716
596
1288
741
810
676
683
602
1091
1165
711
620
621
911
1125
1949
859
1445
974
1042
807
882
1092
1071
1112
799
785
1447
1245
688
1406
1383
814
820
1284
1298
1361
682
648
1228
1267
702
1063
781
1146
923
802
850
1449
754
876
941
1282
646
881
1404
768
633
1227
575
597
1024
624
659
435
985
1093
701
1458
525
1186
532
792
870
721
783
1073
813
797
1057
812
809
743
1215
1391
819
815
595
887
600
691
666
833
761
829
821
360
732
1117
1056
816
1402
775
654
1373
1350
752
759
714
675
705
677
1398
878
650
762
748
645
704
1244
811
869
634
693
613
749
554
764
804
709
672
560
760
817
617
1393
618
651
936
694
323
746
667
712
587
726
729
950
662
607
679
733
569
750
649
727
685
803
847
612
1151
851
1101
892
765
471
886
513
872
772
756
636
825
584
875
481
658
868
632
854
574
1029
736
517
1049
660
1323
548
763
794
862
627
826
444
563
426
684
849
551
451
883
522
853
625
443
439
735
622
491
615
863
857
846
697
880
459
1455
681
535
609
757
744
689
805
827
523
437
700
512
753
637
769
855
464
835
671
483
405
719
454
477
608
603
1262
806
776
647
707
718
542
661
489
730
664
420
739
720
428
433
780
565
476
424
793
755
552
487
844
824
448
567
605
644
493
795
497
830
540
823
485
592
845
782
386
877
472
798
504
822
449
534
519
498
631
450
434
670
396
496
866
610
695
502
508
791
521
484
630
467
510
524
456
848
737
777
438
841
571
501
564
547
561
511
330
581
577
539
590
482
494
460
488
455
453
533
378
335
516
710
779
410
492
327
507
518
843
583
388
480
401
652
606
367
452
801
373
431
458
430
447
365
338
490
566
864
692
751
665
553
462
325
673
505
362
343
515
345
771
538
442
543
436
640
576
593
550
529
499
787
333
429
370
834
416
546
380
579
355
747
556
626
708
541
466
808
585
390
555
527
509
339
479
326
536
463
686
722
558
486
417
582
298
500
588
372
623
562
520
503
559
530
468
440
341
537
570
528
526
356
545
580
549
589
414
354
457
568
400
586
314
368
328
461
408
340
393
403
359
441
473
446
369
475
336
297
352
399
415
266
316
861
320
465
392
469
207
478
514
253
421
185
432
495
350
412
385
334
346
470
251
573
288
419
422
366
407
234
578
262
371
427
306
557
279
317
221
531
302
233
268
357
332
544
337
329
413
267
313
506
381
425
406
342
379
358
263
291
387
404
308
192
445
418
271
383
384
319
275
296
270
423
391
353
382
331
310
280
282
243
258
376
261
254
411
312
249
269
299
344
287
208
259
375
377
294
257
286
224
307
255
594
272
374
363
349
389
409
364
277
238
351
305
402
281
283
394
347
209
315
252
278
324
309
289
303
247
216
276
215
223
236
348
398
397
304
361
293
197
322
250
206
260
199
225
395
187
212
214
179
242
274
165
202
219
256
295
248
203
300
228
200
284
191
292
290
264
265
246
244
178
285
232
321
217
273
220
174
190
158
235
229
204
186
231
177
239
205
237
230
301
210
181
196
222
167
318
149
142
311
168
240
201
213
164
195
154
171
226
188
173
211
163
166
135
140
162
139
175
143
218
227
156
241
194
146
193
245
144
198
121
133
150
176
130
153
172
115
120
152
145
182
184
159
169
148
126
127
138
117
113
136
134
116
155
151
189
180
161
183
123
170
160
137
119
109
125
101
128
132
122
110
107
85
94
147
102
114
111
98
112
108
131
141
95
92
129
157
118
105
91
93
89
96
86
106
103
124
74
104
84
77
99
100
82
72
97
76
83
88
81
87
79
90
80
75
68
67
71
56
73
70
78
57
61
62
65
59
63
66
52
58
64
55
69
48
60
54
53
47
49
50
39
41
51
46
43
37
38
45
44
35
42
34
40
30
36
25
29
33
32
26
27
28
23
31
24
21
22
18
19
20
17
16
15
14
13
12
11
10
9
7
8
6
5
4
3
2
1
0
