3	0.0: 361 317 463 911 
3	0.0: 633 1 417 643 
3	0.0: 524 81 411 672 
3	0.0: 591 228 422 476 
3	0.0: 518 27 475 520 
3	0.0: 462 206 445 484 
3	0.0: 430 142 392 680 
3	0.0: 540 396 485 639 
3	0.0: 690 12 402 505 
3	0.0: 480 24 456 541 
3	0.0: 528 109 514 748 
3	0.0: 388 99 342 627 
3	0.0: 580 102 377 469 
3	0.0: 475 227 435 417 
3	0.0: 577 293 420 583 
3	0.0: 449 183 436 534 
3	0.0: 411 37 371 443 
3	0.0: 533 1 451 537 
3	0.0: 697 114 467 545 
3	0.0: 424 206 444 301 
3	0.0: 596 1 371 672 
3	0.0: 654 55 532 701 
3	0.0: 613 42 402 428 
3	0.0: 484 1 450 644 
3	0.0: 406 126 333 649 
3	0.0: 367 142 508 402 
3	0.0: 691 315 425 553 
3	0.0: 620 316 403 884 
3	0.0: 609 114 441 356 
3	0.0: 521 126 383 784 
3	0.0: 528 1 473 321 
3	0.0: 604 202 409 415 
3	0.0: 314 284 446 538 
3	0.0: 448 178 428 735 
3	0.0: 671 168 395 704 
3	0.0: 485 35 447 445 
3	0.0: 425 164 393 409 
3	0.0: 348 123 508 875 
3	0.0: 547 305 456 810 
3	0.0: 479 50 469 535 
3	0.0: 445 204 391 726 
3	0.0: 657 351 389 501 
3	0.0: 432 379 435 446 
0	0.0: 778 476 490 376 
3	0.0: 488 1 421 1076 
3	0.0: 523 157 511 605 
3	0.0: 557 48 505 744 
3	0.0: 465 88 499 639 
3	0.0: 625 46 443 916 
3	0.0: 653 94 469 735 
3	0.0: 595 1 422 1124 
3	0.0: 484 220 456 409 
3	0.0: 661 77 417 462 
3	0.0: 517 246 491 643 
3	0.0: 636 92 459 659 
3	0.0: 514 1 461 534 
3	0.0: 440 336 436 655 
3	0.0: 522 38 413 391 
3	0.0: 502 257 466 648 
3	0.0: 456 1 461 531 
3	0.0: 341 189 367 576 
3	0.0: 668 115 431 913 
3	0.0: 444 1 472 674 
3	0.0: 398 161 395 985 
3	0.0: 653 92 519 742 
3	0.0: 677 147 453 806 
3	0.0: 381 302 410 633 
3	0.0: 591 291 523 505 
2	0.0: 259 1 472 654 
3	0.0: 421 1 455 526 
3	0.0: 580 314 451 559 
2	0.0: 371 148 567 779 
3	0.0: 281 162 481 544 
3	0.0: 407 233 366 556 
2	0.0: 329 130 546 1090 
3	0.0: 597 59 348 487 
3	0.0: 608 286 408 239 
3	0.0: 437 136 501 658 
3	0.0: 437 129 415 410 
3	0.0: 450 41 411 794 
3	0.0: 567 161 473 308 
3	0.0: 197 109 442 630 
3	0.0: 404 49 449 522 
3	0.0: 519 1 352 424 
3	0.0: 515 245 388 554 
3	0.0: 460 334 517 579 
3	0.0: 368 175 372 693 
3	0.0: 575 304 463 859 
3	0.0: 495 147 472 374 
3	0.0: 312 1 414 976 
3	0.0: 399 291 365 341 
3	0.0: 356 56 424 370 
3	0.0: 479 40 413 520 
3	0.0: 484 11 444 541 
3	0.0: 366 144 432 654 
3	0.0: 453 1 421 823 
0	0.0: 289 443 492 886 
3	0.0: 558 1 424 469 
3	0.0: 489 1 525 563 
3	0.0: 424 1 378 566 
3	0.0: 318 147 456 763 
3	0.0: 332 68 409 823 
3	0.0: 627 162 389 401 
3	0.0: 313 285 451 434 
3	0.0: 472 170 398 566 
3	0.0: 467 286 474 613 
3	0.0: 458 214 448 439 
3	0.0: 605 154 427 849 
3	0.0: 528 1 408 617 
3	0.0: 352 253 451 752 
3	0.0: 460 1 436 964 
3	0.0: 530 30 465 666 
3	0.0: 418 270 458 861 
3	0.0: 458 202 450 883 
3	0.0: 402 1 492 464 
3	0.0: 400 163 421 487 
3	0.0: 492 31 411 724 
3	0.0: 605 259 437 687 
3	0.0: 648 201 359 379 
3	0.0: 528 247 395 497 
3	0.0: 452 71 431 849 
3	0.0: 337 47 370 658 
3	0.0: 434 288 425 874 
3	0.0: 556 1 412 649 
3	0.0: 504 1 357 695 
3	0.0: 411 85 470 489 
3	0.0: 640 1 383 573 
3	0.0: 466 1 390 725 
3	0.0: 760 73 375 835 
3	0.0: 662 195 466 482 
3	0.0: 446 176 432 878 
3	0.0: 979 266 392 402 
3	0.0: 505 1 466 680 
3	0.0: 644 312 423 748 
3	0.0: 652 84 405 509 
3	0.0: 308 5 442 358 
3	0.0: 468 36 379 526 
3	0.0: 319 13 410 460 
3	0.0: 473 244 388 987 
3	0.0: 578 70 455 604 
3	0.0: 719 134 507 631 
3	0.0: 759 1 434 639 
3	0.0: 585 124 548 579 
3	0.0: 451 20 431 588 
3	0.0: 348 147 472 698 
3	0.0: 606 245 465 472 
3	0.0: 414 170 441 324 
3	0.0: 634 90 505 701 
3	0.0: 336 178 394 474 
3	0.0: 376 261 467 600 
3	0.0: 618 132 409 556 
3	0.0: 588 1 411 723 
3	0.0: 563 61 410 977 
3	0.0: 485 1 448 389 
3	0.0: 447 1 365 676 
3	0.0: 520 1 479 429 
3	0.0: 551 274 336 774 
3	0.0: 395 6 398 984 
2	0.0: 221 1 433 456 
3	0.0: 378 266 482 463 
3	0.0: 542 1 462 435 
3	0.0: 350 133 453 541 
3	0.0: 275 168 534 333 
3	0.0: 462 193 508 423 
3	0.0: 562 50 530 750 
3	0.0: 492 199 396 771 
3	0.0: 464 248 491 485 
3	0.0: 535 74 442 639 
3	0.0: 498 96 440 392 
3	0.0: 425 312 411 801 
3	0.0: 535 71 360 699 
3	0.0: 762 261 464 916 
3	0.0: 399 135 414 649 
3	0.0: 402 333 526 934 
3	0.0: 595 21 430 345 
3	0.0: 730 261 449 578 
3	0.0: 502 54 455 444 
3	0.0: 521 79 454 605 
3	0.0: 543 176 357 1018 
3	0.0: 333 5 463 525 
3	0.0: 525 1 437 452 
3	0.0: 525 29 382 814 
3	0.0: 534 25 490 660 
3	0.0: 337 279 422 478 
3	0.0: 656 2 374 615 
3	0.0: 714 115 505 167 
3	0.0: 804 173 416 677 
3	0.0: 548 231 434 708 
3	0.0: 465 28 407 630 
3	0.0: 652 1 386 567 
3	0.0: 549 171 418 682 
3	0.0: 365 1 450 696 
3	0.0: 500 154 443 553 
3	0.0: 706 1 432 1071 
3	0.0: 371 244 496 526 
3	0.0: 275 213 421 659 
3	0.0: 500 177 513 659 
3	0.0: 397 76 394 779 
3	0.0: 603 35 490 487 
3	0.0: 607 31 468 364 
2	0.0: 234 1 447 679 
3	0.0: 461 1 423 768 
3	0.0: 674 203 456 475 
3	0.0: 878 1 363 716 
3	0.0: 401 228 485 676 
2	0.0: 331 1 526 643 
3	0.0: 393 73 449 751 
3	0.0: 394 131 438 828 
3	0.0: 548 316 423 608 
3	0.0: 368 144 402 817 
3	0.0: 496 86 426 325 
3	0.0: 377 51 477 298 
3	0.0: 315 190 472 596 
3	0.0: 494 173 405 548 
2	0.0: 461 1 546 789 
3	0.0: 610 224 468 492 
3	0.0: 638 377 399 588 
3	0.0: 448 137 408 701 
3	0.0: 476 83 418 810 
3	0.0: 672 251 431 758 
3	0.0: 657 325 430 604 
3	0.0: 461 33 455 287 
3	0.0: 463 128 455 363 
3	0.0: 333 1 406 744 
3	0.0: 727 1 426 487 
3	0.0: 371 116 439 618 
3	0.0: 552 179 485 746 
3	0.0: 524 126 437 708 
3	0.0: 539 147 414 689 
3	0.0: 488 203 513 442 
3	0.0: 601 123 454 796 
3	0.0: 341 130 456 619 
3	0.0: 714 1 380 517 
3	0.0: 529 157 475 840 
3	0.0: 755 1 452 480 
3	0.0: 623 1 446 666 
3	0.0: 450 195 499 455 
3	0.0: 346 33 444 451 
3	0.0: 519 264 447 604 
3	0.0: 577 30 469 861 
2	0.0: 346 1 508 681 
3	0.0: 575 151 449 332 
3	0.0: 388 146 478 661 
3	0.0: 655 102 310 717 
3	0.0: 367 199 374 364 
3	0.0: 465 103 416 961 
3	0.0: 387 350 501 468 
3	0.0: 547 1 484 455 
3	0.0: 667 394 459 193 
3	0.0: 532 1 438 505 
