3	0.0: 610 57 462 903 
3	0.0: 503 106 480 504 
3	0.0: 252 32 430 855 
3	0.0: 418 395 454 500 
3	0.0: 503 31 442 535 
3	0.0: 346 186 448 714 
3	0.0: 512 252 396 751 
3	0.0: 542 330 397 510 
3	0.0: 498 280 432 671 
3	0.0: 474 97 439 667 
3	0.0: 570 102 426 994 
3	0.0: 590 365 478 967 
3	0.0: 426 240 481 604 
3	0.0: 461 1 378 677 
0	0.0: 440 469 358 769 
3	0.0: 408 1 381 609 
3	0.0: 458 102 457 554 
3	0.0: 749 230 443 461 
3	0.0: 519 301 445 535 
3	0.0: 555 1 379 527 
3	0.0: 604 1 387 549 
3	0.0: 476 33 462 519 
3	0.0: 466 27 432 755 
3	0.0: 484 62 415 894 
3	0.0: 466 151 410 691 
3	0.0: 511 208 457 697 
3	0.0: 373 244 422 661 
3	0.0: 627 114 411 857 
3	0.0: 597 237 518 694 
3	0.0: 367 1 392 491 
3	0.0: 465 210 443 742 
3	0.0: 766 117 497 786 
3	0.0: 514 167 390 838 
3	0.0: 635 63 525 619 
3	0.0: 605 76 416 694 
3	0.0: 518 1 355 702 
3	0.0: 569 7 402 586 
3	0.0: 524 129 429 663 
3	0.0: 559 99 403 627 
3	0.0: 535 1 365 257 
3	0.0: 507 275 468 686 
3	0.0: 361 1 461 402 
3	0.0: 384 1 430 667 
3	0.0: 374 1 453 866 
3	0.0: 326 1 347 1031 
3	0.0: 654 124 462 623 
3	0.0: 419 291 383 580 
3	0.0: 424 231 408 197 
3	0.0: 359 134 450 660 
3	0.0: 343 147 391 389 
3	0.0: 520 250 446 605 
3	0.0: 677 1 452 597 
3	0.0: 466 1 429 672 
3	0.0: 405 257 508 658 
3	0.0: 620 398 433 537 
3	0.0: 537 67 454 713 
3	0.0: 366 259 409 941 
0	0.0: 374 398 472 460 
3	0.0: 496 115 473 1094 
3	0.0: 549 280 483 435 
3	0.0: 528 53 526 731 
3	0.0: 323 84 397 641 
3	0.0: 421 95 444 1111 
3	0.0: 498 76 443 499 
3	0.0: 436 44 434 844 
3	0.0: 259 168 454 506 
3	0.0: 566 191 434 834 
3	0.0: 625 160 535 667 
3	0.0: 547 241 415 805 
3	0.0: 586 221 352 487 
3	0.0: 693 1 527 473 
3	0.0: 681 1 423 504 
3	0.0: 417 1 493 325 
3	0.0: 216 129 428 753 
3	0.0: 587 116 381 608 
3	0.0: 557 368 425 838 
3	0.0: 551 118 459 232 
3	0.0: 319 131 424 369 
3	0.0: 381 214 452 666 
3	0.0: 683 1 405 483 
3	0.0: 617 1 381 683 
3	0.0: 687 130 389 529 
3	0.0: 369 215 383 624 
3	0.0: 527 69 383 680 
3	0.0: 443 1 365 498 
3	0.0: 558 140 344 552 
3	0.0: 308 1 425 362 
3	0.0: 683 50 427 470 
3	0.0: 508 221 457 679 
3	0.0: 641 152 409 590 
3	0.0: 433 5 393 533 
3	0.0: 742 22 502 501 
2	0.0: 226 169 503 445 
3	0.0: 473 285 553 276 
3	0.0: 733 154 419 933 
3	0.0: 592 197 433 355 
3	0.0: 594 1 458 1077 
3	0.0: 578 141 399 551 
3	0.0: 438 146 503 839 
3	0.0: 428 88 500 320 
3	0.0: 552 34 477 780 
3	0.0: 356 176 473 419 
2	0.0: 382 1 506 951 
3	0.0: 498 1 349 552 
3	0.0: 639 29 435 690 
3	0.0: 744 199 501 536 
3	0.0: 390 1 475 511 
3	0.0: 660 135 458 610 
3	0.0: 510 1 474 699 
3	0.0: 376 214 389 744 
3	0.0: 529 48 465 559 
3	0.0: 512 1 424 509 
3	0.0: 528 298 500 720 
3	0.0: 613 1 500 606 
3	0.0: 744 54 446 588 
3	0.0: 565 181 518 771 
3	0.0: 578 169 556 379 
3	0.0: 251 312 481 664 
3	0.0: 466 173 385 506 
3	0.0: 624 31 407 770 
3	0.0: 491 165 403 643 
0	0.0: 547 447 353 578 
3	0.0: 327 294 453 650 
3	0.0: 560 227 503 676 
3	0.0: 464 1 377 524 
3	0.0: 595 14 392 599 
3	0.0: 322 158 393 589 
3	0.0: 416 25 431 654 
3	0.0: 446 53 385 935 
3	0.0: 402 106 477 478 
3	0.0: 542 211 428 820 
3	0.0: 405 267 416 583 
3	0.0: 618 50 450 522 
3	0.0: 301 99 444 553 
3	0.0: 445 109 386 675 
3	0.0: 455 250 436 363 
3	0.0: 505 131 463 270 
3	0.0: 627 1 509 422 
3	0.0: 383 100 465 439 
3	0.0: 770 243 465 946 
3	0.0: 633 266 414 566 
3	0.0: 836 1 431 657 
3	0.0: 567 153 393 454 
3	0.0: 666 20 429 741 
3	0.0: 551 155 358 764 
3	0.0: 353 51 409 430 
3	0.0: 547 1 465 749 
3	0.0: 648 300 524 883 
3	0.0: 607 141 388 608 
3	0.0: 542 60 366 825 
3	0.0: 256 150 495 356 
3	0.0: 361 43 438 616 
3	0.0: 567 169 442 587 
3	0.0: 807 2 388 730 
2	0.0: 219 138 491 447 
3	0.0: 477 171 529 656 
3	0.0: 524 1 494 764 
3	0.0: 591 89 446 734 
3	0.0: 377 265 468 459 
3	0.0: 324 57 437 774 
3	0.0: 490 84 413 689 
3	0.0: 591 1 452 689 
3	0.0: 628 139 436 857 
3	0.0: 332 190 439 825 
3	0.0: 513 212 461 783 
3	0.0: 374 193 480 236 
3	0.0: 432 135 540 461 
3	0.0: 527 1 386 544 
2	0.0: 241 105 504 510 
3	0.0: 414 1 507 940 
3	0.0: 477 171 404 540 
3	0.0: 618 361 434 795 
3	0.0: 502 210 431 672 
3	0.0: 467 254 492 832 
3	0.0: 672 57 395 919 
3	0.0: 396 82 380 669 
3	0.0: 573 119 484 464 
3	0.0: 514 36 496 646 
3	0.0: 392 42 484 613 
3	0.0: 433 1 346 543 
3	0.0: 467 57 434 625 
3	0.0: 437 53 437 592 
3	0.0: 504 1 450 404 
3	0.0: 381 135 464 730 
3	0.0: 509 59 480 631 
3	0.0: 483 440 407 929 
3	0.0: 581 1 496 613 
3	0.0: 593 1 390 899 
3	0.0: 543 108 525 811 
3	0.0: 543 1 443 845 
3	0.0: 589 120 412 771 
3	0.0: 576 1 473 717 
3	0.0: 604 1 362 718 
3	0.0: 391 44 441 946 
3	0.0: 767 351 423 732 
3	0.0: 510 253 477 641 
3	0.0: 479 3 409 783 
3	0.0: 619 226 446 848 
3	0.0: 375 119 366 712 
3	0.0: 541 1 459 518 
3	0.0: 575 336 504 570 
3	0.0: 368 93 349 547 
3	0.0: 498 163 435 467 
3	0.0: 414 215 491 727 
3	0.0: 505 213 404 677 
3	0.0: 415 134 409 695 
3	0.0: 540 141 473 667 
3	0.0: 399 306 443 364 
3	0.0: 463 134 384 684 
3	0.0: 576 124 430 438 
3	0.0: 433 229 418 646 
3	0.0: 486 137 432 457 
3	0.0: 547 1 405 656 
3	0.0: 444 116 418 467 
2	0.0: 243 79 509 575 
3	0.0: 804 1 470 412 
3	0.0: 414 132 425 436 
3	0.0: 598 64 395 759 
3	0.0: 549 25 476 745 
3	0.0: 390 138 320 322 
3	0.0: 459 236 467 395 
3	0.0: 480 1 399 661 
3	0.0: 633 110 381 442 
3	0.0: 608 256 417 405 
3	0.0: 534 31 389 282 
3	0.0: 512 245 403 501 
3	0.0: 393 136 451 433 
3	0.0: 520 1 439 754 
3	0.0: 530 1 424 805 
3	0.0: 467 78 450 284 
3	0.0: 627 169 417 905 
3	0.0: 502 100 490 356 
3	0.0: 685 1 382 737 
3	0.0: 463 245 398 760 
3	0.0: 417 89 442 653 
3	0.0: 787 1 429 507 
3	0.0: 534 1 377 367 
3	0.0: 675 1 439 994 
3	0.0: 407 1 436 113 
3	0.0: 419 11 440 729 
3	0.0: 492 274 490 452 
2	0.0: 274 1 461 927 
3	0.0: 443 105 454 798 
3	0.0: 418 138 472 846 
3	0.0: 402 138 447 634 
3	0.0: 490 117 451 606 
3	0.0: 395 194 465 484 
3	0.0: 432 99 458 998 
3	0.0: 503 264 418 574 
3	0.0: 669 319 403 675 
