1	0.0: 18 675 156 1 
1	0.0: 313 593 244 117 
1	0.0: 354 498 157 296 
1	0.0: 188 667 124 94 
1	0.0: 567 632 169 252 
1	0.0: 402 697 166 26 
1	0.0: 334 599 228 100 
1	0.0: 733 615 159 112 
1	0.0: 458 729 113 172 
1	0.0: 502 730 146 215 
1	0.0: 242 612 193 1 
1	0.0: 263 617 214 1 
1	0.0: 455 603 158 110 
1	0.0: 288 611 223 48 
1	0.0: 221 608 163 180 
1	0.0: 263 785 187 98 
1	0.0: 445 721 189 60 
1	0.0: 710 567 137 189 
1	0.0: 409 749 71 134 
1	0.0: 458 617 190 53 
1	0.0: 454 597 140 63 
1	0.0: 556 722 215 272 
1	0.0: 427 679 232 92 
1	0.0: 302 452 150 56 
1	0.0: 524 607 127 145 
1	0.0: 432 700 158 177 
1	0.0: 535 728 217 12 
1	0.0: 548 626 76 34 
1	0.0: 331 742 134 203 
1	0.0: 422 611 257 101 
1	0.0: 525 638 215 216 
1	0.0: 383 644 143 27 
1	0.0: 404 629 191 86 
1	0.0: 531 694 169 137 
1	0.0: 720 644 221 243 
1	0.0: 317 804 213 123 
1	0.0: 281 611 246 93 
1	0.0: 101 608 242 132 
1	0.0: 339 676 166 1 
1	0.0: 400 618 166 44 
1	0.0: 171 540 160 63 
1	0.0: 328 546 56 212 
1	0.0: 243 734 156 196 
1	0.0: 355 641 169 167 
1	0.0: 315 673 141 37 
1	0.0: 444 599 172 123 
1	0.0: 205 634 209 33 
1	0.0: 225 641 217 158 
1	0.0: 314 627 127 23 
1	0.0: 516 789 145 178 
1	0.0: 492 762 124 73 
1	0.0: 585 706 209 53 
1	0.0: 446 657 219 71 
1	0.0: 609 689 201 105 
1	0.0: 359 593 154 1 
1	0.0: 263 736 211 66 
1	0.0: 476 802 183 102 
1	0.0: 410 590 109 58 
1	0.0: 397 554 184 111 
1	0.0: 315 532 204 1 
1	0.0: 193 668 154 223 
1	0.0: 512 600 202 89 
1	0.0: 528 762 210 123 
1	0.0: 394 640 244 62 
1	0.0: 583 552 73 70 
1	0.0: 490 684 224 170 
1	0.0: 238 602 305 151 
1	0.0: 486 763 120 101 
1	0.0: 478 598 188 84 
1	0.0: 739 714 230 1 
1	0.0: 368 735 163 192 
1	0.0: 273 782 225 207 
1	0.0: 64 584 212 4 
1	0.0: 366 581 237 1 
1	0.0: 314 645 171 140 
1	0.0: 555 599 121 17 
1	0.0: 556 748 124 200 
1	0.0: 674 706 145 147 
1	0.0: 296 598 207 79 
1	0.0: 584 745 228 206 
1	0.0: 92 735 177 240 
1	0.0: 483 640 227 30 
1	0.0: 691 672 190 61 
1	0.0: 440 561 225 1 
1	0.0: 595 623 210 1 
1	0.0: 135 783 142 116 
1	0.0: 331 670 183 1 
1	0.0: 239 677 238 182 
1	0.0: 273 699 125 169 
1	0.0: 399 588 168 219 
1	0.0: 814 593 151 175 
1	0.0: 209 689 130 45 
1	0.0: 302 715 172 1 
1	0.0: 471 542 177 134 
1	0.0: 342 627 212 191 
1	0.0: 511 630 155 220 
1	0.0: 496 629 151 238 
1	0.0: 313 542 110 76 
1	0.0: 303 592 162 58 
1	0.0: 542 612 175 86 
1	0.0: 559 690 116 36 
1	0.0: 297 630 105 48 
1	0.0: 260 696 212 141 
1	0.0: 307 648 157 112 
1	0.0: 495 718 124 223 
1	0.0: 524 704 205 105 
1	0.0: 470 637 169 106 
1	0.0: 427 634 208 313 
1	0.0: 555 640 121 247 
1	0.0: 221 544 185 275 
1	0.0: 251 616 4 150 
1	0.0: 238 648 187 49 
1	0.0: 393 788 216 102 
1	0.0: 390 705 255 110 
1	0.0: 523 743 214 86 
1	0.0: 534 486 96 239 
1	0.0: 231 610 257 48 
1	0.0: 374 508 135 228 
1	0.0: 570 581 209 252 
1	0.0: 421 745 205 139 
1	0.0: 332 604 221 161 
1	0.0: 662 598 156 97 
1	0.0: 339 661 101 367 
1	0.0: 86 523 120 225 
1	0.0: 561 670 205 121 
1	0.0: 280 679 138 155 
1	0.0: 206 690 244 266 
1	0.0: 504 592 220 249 
1	0.0: 424 605 166 146 
1	0.0: 269 608 167 34 
1	0.0: 173 720 146 166 
1	0.0: 390 664 203 1 
1	0.0: 374 800 92 110 
1	0.0: 454 636 144 116 
1	0.0: 556 657 260 1 
1	0.0: 214 716 157 248 
1	0.0: 531 606 177 47 
1	0.0: 77 519 144 65 
1	0.0: 354 606 202 136 
1	0.0: 242 620 119 284 
1	0.0: 412 728 108 198 
1	0.0: 348 663 94 219 
1	0.0: 307 676 211 108 
1	0.0: 496 663 231 137 
1	0.0: 281 637 234 47 
1	0.0: 430 647 145 319 
1	0.0: 429 625 174 125 
1	0.0: 455 625 96 203 
1	0.0: 420 670 199 35 
1	0.0: 495 746 223 110 
1	0.0: 121 615 156 102 
1	0.0: 208 738 157 152 
1	0.0: 647 560 236 130 
1	0.0: 274 579 243 130 
1	0.0: 119 680 143 1 
1	0.0: 398 687 156 169 
1	0.0: 368 567 216 83 
1	0.0: 791 668 177 36 
1	0.0: 566 624 172 11 
1	0.0: 202 682 143 1 
1	0.0: 247 559 188 173 
1	0.0: 143 587 117 53 
1	0.0: 446 566 159 232 
1	0.0: 410 774 255 106 
1	0.0: 667 712 244 56 
1	0.0: 279 705 167 1 
1	0.0: 454 601 183 227 
1	0.0: 459 814 137 98 
1	0.0: 363 642 204 124 
1	0.0: 367 728 100 260 
1	0.0: 455 640 228 121 
1	0.0: 179 605 218 71 
1	0.0: 608 614 116 78 
1	0.0: 369 534 194 1 
1	0.0: 409 602 242 207 
1	0.0: 329 661 208 1 
1	0.0: 752 576 180 14 
1	0.0: 315 657 212 156 
1	0.0: 209 865 95 109 
1	0.0: 255 718 201 23 
1	0.0: 146 671 200 59 
1	0.0: 489 696 94 111 
1	0.0: 515 521 217 147 
1	0.0: 379 646 103 283 
1	0.0: 370 641 169 75 
1	0.0: 139 638 179 250 
1	0.0: 295 638 168 15 
1	0.0: 527 654 247 16 
1	0.0: 258 728 150 1 
1	0.0: 384 571 225 184 
1	0.0: 538 658 152 94 
1	0.0: 409 718 156 1 
1	0.0: 207 532 173 158 
1	0.0: 584 747 182 40 
1	0.0: 368 760 200 90 
1	0.0: 457 761 174 327 
1	0.0: 427 692 187 23 
1	0.0: 257 648 174 18 
1	0.0: 752 579 207 199 
1	0.0: 366 502 95 28 
1	0.0: 554 618 133 39 
1	0.0: 356 636 176 1 
1	0.0: 550 708 190 1 
1	0.0: 182 686 177 1 
1	0.0: 544 721 159 129 
1	0.0: 498 713 174 44 
1	0.0: 412 558 230 95 
1	0.0: 672 595 114 308 
1	0.0: 372 675 236 88 
1	0.0: 548 739 171 197 
1	0.0: 191 633 227 96 
1	0.0: 463 724 139 159 
1	0.0: 414 563 185 92 
1	0.0: 572 661 212 173 
1	0.0: 332 597 232 138 
1	0.0: 367 636 183 1 
1	0.0: 283 664 166 1 
1	0.0: 342 529 204 143 
1	0.0: 453 555 262 198 
1	0.0: 450 707 176 64 
1	0.0: 452 585 181 18 
1	0.0: 304 762 154 166 
1	0.0: 144 701 183 89 
1	0.0: 456 637 92 95 
1	0.0: 442 619 170 37 
1	0.0: 363 635 248 222 
1	0.0: 450 757 154 294 
1	0.0: 297 626 85 180 
1	0.0: 413 726 241 1 
1	0.0: 442 534 148 71 
1	0.0: 322 564 224 58 
1	0.0: 568 675 152 174 
1	0.0: 503 547 170 324 
1	0.0: 474 679 209 187 
1	0.0: 395 651 143 38 
1	0.0: 419 666 89 1 
1	0.0: 617 650 115 111 
1	0.0: 367 467 205 142 
1	0.0: 283 736 173 122 
1	0.0: 42 714 190 88 
1	0.0: 382 545 225 92 
1	0.0: 358 523 218 163 
1	0.0: 520 675 111 92 
1	0.0: 123 565 178 24 
1	0.0: 434 515 201 35 
1	0.0: 630 793 160 66 
1	0.0: 393 678 132 119 
1	0.0: 66 542 169 1 
1	0.0: 640 626 204 56 
1	0.0: 497 630 207 77 
