1	0.0: 487 583 199 53 
1	0.0: 510 736 205 268 
1	0.0: 454 650 152 239 
1	0.0: 227 448 197 1 
1	0.0: 634 674 196 228 
1	0.0: 656 667 119 88 
1	0.0: 303 746 197 1 
1	0.0: 450 524 277 43 
1	0.0: 112 588 181 1 
1	0.0: 676 558 233 39 
1	0.0: 454 672 151 44 
1	0.0: 490 652 153 1 
1	0.0: 396 795 126 27 
1	0.0: 640 577 225 141 
1	0.0: 497 678 162 161 
1	0.0: 522 512 182 172 
1	0.0: 108 686 171 184 
1	0.0: 435 645 215 179 
1	0.0: 452 588 141 136 
1	0.0: 513 683 210 152 
1	0.0: 446 686 166 1 
1	0.0: 434 747 182 140 
1	0.0: 347 621 219 146 
1	0.0: 521 667 185 176 
1	0.0: 303 572 178 175 
1	0.0: 227 649 215 108 
1	0.0: 374 636 171 24 
1	0.0: 563 659 112 79 
1	0.0: 74 668 174 90 
1	0.0: 177 633 161 271 
1	0.0: 381 677 156 1 
1	0.0: 1 645 189 23 
1	0.0: 86 587 188 99 
1	0.0: 326 572 191 93 
1	0.0: 576 582 200 81 
1	0.0: 532 694 119 132 
1	0.0: 368 645 95 116 
1	0.0: 288 626 241 193 
1	0.0: 443 646 162 133 
1	0.0: 462 704 213 112 
1	0.0: 465 595 239 28 
1	0.0: 442 634 251 70 
1	0.0: 459 581 188 128 
1	0.0: 373 534 232 200 
1	0.0: 440 641 125 103 
1	0.0: 480 689 164 30 
1	0.0: 343 846 182 206 
1	0.0: 92 721 142 160 
1	0.0: 570 472 88 60 
1	0.0: 563 619 182 96 
1	0.0: 356 789 162 116 
1	0.0: 383 641 124 19 
1	0.0: 192 687 215 131 
1	0.0: 600 729 103 228 
1	0.0: 421 703 163 262 
1	0.0: 448 661 216 72 
1	0.0: 200 701 223 120 
1	0.0: 208 685 201 1 
1	0.0: 469 694 134 288 
1	0.0: 399 708 158 165 
1	0.0: 336 713 116 302 
1	0.0: 552 602 116 158 
1	0.0: 338 696 212 62 
1	0.0: 424 639 192 8 
1	0.0: 395 581 227 1 
1	0.0: 569 659 193 266 
1	0.0: 493 654 133 2 
1	0.0: 548 664 179 40 
1	0.0: 156 748 189 149 
1	0.0: 532 633 154 239 
1	0.0: 401 778 134 69 
1	0.0: 276 557 132 46 
1	0.0: 279 567 134 286 
1	0.0: 486 528 221 118 
1	0.0: 571 733 183 133 
1	0.0: 262 611 138 173 
1	0.0: 438 631 146 117 
1	0.0: 418 622 252 1 
1	0.0: 471 691 174 118 
1	0.0: 440 561 240 74 
1	0.0: 459 685 132 215 
1	0.0: 492 701 183 149 
1	0.0: 362 535 178 1 
1	0.0: 339 633 188 306 
1	0.0: 191 595 177 133 
1	0.0: 357 748 180 276 
1	0.0: 315 673 122 151 
1	0.0: 360 621 138 116 
1	0.0: 159 752 149 1 
1	0.0: 472 529 253 1 
1	0.0: 1 721 139 79 
1	0.0: 526 590 225 88 
1	0.0: 321 663 114 123 
1	0.0: 402 657 196 191 
1	0.0: 89 589 178 19 
1	0.0: 455 635 95 186 
1	0.0: 468 690 161 1 
1	0.0: 191 772 141 195 
1	0.0: 209 650 117 1 
1	0.0: 379 672 185 112 
1	0.0: 529 677 235 208 
1	0.0: 358 680 83 250 
1	0.0: 317 553 193 188 
1	0.0: 432 694 130 85 
1	0.0: 375 574 121 91 
1	0.0: 630 708 192 1 
1	0.0: 521 746 119 258 
1	0.0: 609 709 172 152 
1	0.0: 58 628 134 156 
1	0.0: 396 662 121 204 
1	0.0: 393 459 118 112 
1	0.0: 386 577 101 143 
1	0.0: 291 678 164 235 
1	0.0: 636 744 133 49 
1	0.0: 261 590 181 39 
1	0.0: 302 676 190 209 
1	0.0: 282 585 123 57 
1	0.0: 724 622 196 51 
1	0.0: 592 718 183 1 
1	0.0: 507 592 142 91 
1	0.0: 523 616 146 84 
1	0.0: 297 627 253 221 
1	0.0: 332 575 195 124 
1	0.0: 263 704 190 118 
1	0.0: 382 658 133 98 
1	0.0: 272 680 187 81 
1	0.0: 280 720 186 223 
1	0.0: 393 590 283 79 
1	0.0: 405 566 146 68 
1	0.0: 630 698 163 1 
1	0.0: 445 638 130 1 
1	0.0: 317 572 226 1 
1	0.0: 148 577 162 1 
1	0.0: 296 720 130 138 
1	0.0: 175 456 225 94 
1	0.0: 253 650 273 31 
1	0.0: 287 531 184 147 
1	0.0: 458 680 102 172 
1	0.0: 120 720 197 26 
1	0.0: 385 727 120 390 
1	0.0: 264 703 202 101 
1	0.0: 481 685 181 109 
1	0.0: 346 621 214 92 
1	0.0: 310 759 189 116 
1	0.0: 316 565 165 72 
1	0.0: 485 753 122 38 
1	0.0: 471 574 157 87 
1	0.0: 331 612 211 217 
1	0.0: 446 624 162 14 
1	0.0: 374 591 186 111 
1	0.0: 539 735 191 170 
1	0.0: 371 696 144 172 
1	0.0: 516 623 150 235 
1	0.0: 282 586 142 187 
1	0.0: 386 583 123 1 
1	0.0: 228 587 132 101 
1	0.0: 431 718 182 4 
1	0.0: 228 611 144 176 
1	0.0: 450 729 191 28 
1	0.0: 252 743 34 96 
1	0.0: 223 626 117 266 
1	0.0: 400 654 166 205 
1	0.0: 306 660 197 272 
1	0.0: 287 647 195 16 
1	0.0: 631 693 234 1 
1	0.0: 388 696 158 125 
1	0.0: 196 630 187 44 
1	0.0: 508 588 194 238 
1	0.0: 367 631 192 80 
1	0.0: 576 700 152 66 
1	0.0: 440 566 167 13 
1	0.0: 339 653 140 231 
1	0.0: 595 602 220 235 
1	0.0: 367 607 166 50 
1	0.0: 485 580 207 122 
1	0.0: 545 553 179 149 
1	0.0: 320 627 188 116 
1	0.0: 317 575 177 68 
1	0.0: 385 695 266 234 
1	0.0: 481 611 187 123 
1	0.0: 580 657 147 1 
1	0.0: 389 654 176 146 
1	0.0: 293 613 206 1 
1	0.0: 275 583 195 194 
1	0.0: 865 608 172 135 
1	0.0: 441 577 182 107 
1	0.0: 523 589 158 153 
1	0.0: 284 669 208 116 
1	0.0: 330 596 98 233 
1	0.0: 265 539 175 54 
1	0.0: 340 599 165 234 
1	0.0: 175 674 167 12 
1	0.0: 575 550 190 52 
1	0.0: 295 667 158 414 
1	0.0: 409 638 170 77 
1	0.0: 298 658 85 57 
1	0.0: 257 681 244 183 
1	0.0: 626 677 214 130 
1	0.0: 499 747 148 299 
1	0.0: 165 578 265 19 
1	0.0: 328 747 176 1 
1	0.0: 654 719 160 100 
1	0.0: 470 638 184 215 
1	0.0: 493 633 147 130 
1	0.0: 419 640 212 289 
1	0.0: 201 711 109 239 
1	0.0: 212 625 135 58 
1	0.0: 456 629 194 64 
1	0.0: 591 634 136 339 
1	0.0: 394 698 124 22 
1	0.0: 401 535 174 1 
1	0.0: 374 671 247 160 
1	0.0: 310 485 197 68 
1	0.0: 492 674 170 91 
1	0.0: 348 649 165 156 
1	0.0: 430 754 129 107 
1	0.0: 343 640 165 137 
1	0.0: 331 666 148 251 
1	0.0: 242 553 146 35 
1	0.0: 247 582 175 106 
1	0.0: 377 582 131 136 
1	0.0: 312 604 127 86 
1	0.0: 177 621 126 184 
1	0.0: 461 749 217 185 
1	0.0: 341 701 262 227 
1	0.0: 590 553 207 154 
1	0.0: 239 698 199 61 
1	0.0: 361 650 124 137 
1	0.0: 260 744 150 148 
1	0.0: 357 686 139 1 
1	0.0: 491 780 181 34 
1	0.0: 78 690 164 207 
1	0.0: 200 661 125 223 
1	0.0: 274 688 214 18 
1	0.0: 351 548 120 106 
1	0.0: 310 635 161 180 
1	0.0: 505 573 201 33 
1	0.0: 376 683 240 107 
1	0.0: 401 668 205 181 
1	0.0: 428 636 126 96 
1	0.0: 221 681 200 1 
1	0.0: 278 776 144 1 
1	0.0: 474 594 191 302 
1	0.0: 521 526 180 244 
1	0.0: 256 714 196 139 
1	0.0: 420 725 149 19 
1	0.0: 390 738 168 100 
1	0.0: 336 693 108 140 
1	0.0: 275 644 180 46 
1	0.0: 300 636 257 103 
