5	0.0: 650 567 536 1 238 659 250 364 290 1057 
0	0.0: 629 516 468 1 219 673 255 323 358 747 
0	0.0: 592 677 487 179 315 665 1 382 345 751 
0	0.0: 624 366 484 335 46 657 281 325 347 929 
0	0.0: 627 519 504 199 285 678 187 360 376 923 
0	0.0: 629 479 522 1 285 629 1 331 292 946 
0	0.0: 681 435 486 1 131 698 39 271 391 895 
0	0.0: 645 419 483 3 306 636 1 346 324 732 
0	0.0: 763 559 516 1 184 688 1 366 423 744 
0	0.0: 523 520 504 58 370 672 120 321 307 981 
0	0.0: 868 554 481 72 99 675 1 375 245 852 
0	0.0: 493 464 456 1 282 677 1 349 320 904 
0	0.0: 513 520 484 1 253 666 200 292 323 678 
0	0.0: 528 520 490 189 342 697 1 398 410 1027 
0	0.0: 648 142 480 133 49 594 63 331 263 816 
5	0.0: 514 688 508 1 151 625 180 314 344 997 
5	0.0: 817 409 509 1 28 639 310 319 358 1001 
0	0.0: 676 199 499 171 284 671 1 288 373 829 
0	0.0: 764 235 498 134 62 616 84 389 320 964 
0	0.0: 808 392 499 236 204 669 1 337 316 781 
