2	0.0: 85 805 667 664 870 112 1023 278 905 475 
2	0.0: 116 797 657 595 896 1 1132 417 681 391 
2	0.0: 54 788 692 491 840 51 1037 236 1277 438 
2	0.0: 1 755 648 680 844 73 735 358 998 422 
2	0.0: 3 795 654 588 889 135 1115 305 999 453 
2	0.0: 72 746 653 489 871 1 1070 97 750 535 
2	0.0: 1 817 686 517 954 412 823 379 978 378 
2	0.0: 38 791 686 553 913 269 1083 424 1275 376 
2	0.0: 1 795 658 665 790 1 871 320 861 455 
2	0.0: 106 738 694 600 712 204 963 311 1179 467 
2	0.0: 1 782 695 632 921 1 931 240 947 399 
2	0.0: 74 778 684 657 830 1 962 348 994 536 
2	0.0: 66 777 669 411 982 1 877 415 1194 370 
2	0.0: 66 784 697 574 945 29 895 272 1236 485 
2	0.0: 46 771 719 626 956 1 960 233 901 440 
2	0.0: 69 757 669 494 782 39 871 251 912 392 
2	0.0: 64 783 712 402 908 1 1200 257 1140 450 
2	0.0: 1 769 693 562 946 1 921 355 836 388 
2	0.0: 1 774 678 538 819 66 883 368 1127 443 
2	0.0: 44 779 662 811 874 1 952 283 1014 340 
