4883
4030
7124
6385
7345
3056
7147
6924
3866
3718
6797
3031
6069
6339
7835
3724
7571
7995
6121
3783
5792
4189
4825
3768
3625
5477
4558
7580
3671
6961
3566
7192
4215
3257
7796
5669
3839
4906
5732
7666
6357
6409
5219
7561
3355
6474
3376
6190
5331
7627
3473
5551
4914
6378
5066
5213
3404
3170
7087
6953
6476
6174
7313
4043
7844
4904
4520
5822
5567
5323
5719
6312
7966
4118
6506
6105
3575
4123
3887
3817
3178
5357
7244
7832
4274
7213
4235
6993
3877
4615
6397
4306
7822
7122
3517
6803
5127
5797
5714
5530
7667
7673
6100
4091
5000
7320
4389
6140
6567
4838
4280
5705
4710
3452
4744
5974
7129
5058
6669
6684
3167
3055
5038
5628
5999
6059
6530
7819
4336
6503
7656
4637
7424
4210
6996
4032
6839
4798
5605
7781
6770
5268
5334
3405
3639
5356
7383
7763
6005
7030
7142
6149
3086
3030
6900
7949
7290
5040
5686
7489
4614
3908
7011
5450
6619
3090
6343
4341
5410
4636
4153
6259
7585
7365
4790
3029
5946
4114
5645
4360
6754
2935
3587
6264
3307
6947
7780
7877
7081
3347
4854
6445
6024
6003
7951
5308
3514
5819
3327
4951
5559
3919
3010
7000
3532
3234
6892
6633
6266
6650
4557
6230
6652
6486
5919
6163
5854
5901
3250
6252
7314
4258
6830
3560
5039
5906
4643
3762
5518
5259
3725
4674
6428
7544
3930
4194
6014
4239
3027
4844
5796
5136
2984
3778
5918
5853
4243
4173
3437
3012
7548
3741
4560
3151
4262
7521
5420
6276
6549
3038
5254
3690
4019
7718
4858
5660
3256
7194
7445
7577
3776
7801
7421
4529
6301
3352
3290
7696
3476
5377
7778
5992
7695
3216
4997
3851
6247
6273
6994
6722
5411
6204
6617
7925
6534
7688
6736
3326
3808
4144
7962
4510
5903
5178
4735
4285
5164
5424
6679
6078
7407
2971
3711
4649
3462
3946
6489
6449
5476
6498
5151
7202
3271
4257
6047
4087
3269
7788
4407
3533
7858
7076
3883
4476
4712
3098
3714
6263
5474
7690
4689
4494
5890
3769
3755
4237
3058
4159
6992
5857
7722
4061
4500
5818
5566
5207
7940
5064
4241
4988
5755
3185
7704
3043
2939
4109
4765
3750
4526
4457
5532
5861
6775
7490
6922
6780
3103
4753
3935
5869
7246
4599
6808
5623
2889
6845
5681
3701
7751
4981
5795
2925
3892
2987
4921
6132
4202
6127
4617
3114
5749
6640
5106
7908
3519
3720
7590
6800
4245
7865
4329
3554
4000
7434
3880
5572
4334
7623
2933
7911
4852
5315
3197
6199
5105
5199
7132
3852
4577
3697
4142
4197
3392
6037
3078
4255
7001
4836
5520
7175
5840
4957
4605
5330
7020
3805
6966
4011
4508
4618
4450
3903
5385
6648
4789
7307
7361
6724
4540
6776
7353
3796
6011
7774
3767
3024
5313
3227
7803
6717
3785
6670
6104
5535
2906
3977
3818
3013
5011
5546
4376
6576
4663
3458
7625
7483
5353
5090
4928
5402
4654
7814
4621
5238
7892
4972
6093
4231
7594
5547
7369
5962
6587
6101
7684
5485
4892
7418
5184
4899
7797
4878
6318
4706
5915
6524
6042
6664
6932
3914
5860
4411
3595
6569
6364
7193
4460
4328
5856
3812
3260
7143
3393
7510
7168
5227
6527
6935
6056
7459
6869
6984
5944
4697
5247
6186
7823
6934
7994
3109
4597
4555
6918
4158
5407
6434
6556
7705
4828
3891
3154
4793
4444
3732
3709
4738
7948
3045
3896
3588
5186
6488
7173
4504
5378
5648
7390
3549
5754
6509
6782
3802
6329
3867
6469
5169
5426
4856
6732
6568
4584
3815
6719
4294
3174
4267
7415
4273
4119
5077
6424
5231
3524
4791
6602
3522
4970
7746
7496
2895
6920
6553
6352
7517
5492
4221
7960
4004
6706
5763
5049
4310
5809
6721
4547
3169
7804
4537
4089
6522
3218
3501
5274
4888
3670
7785
4719
6274
4093
7955
3675
5864
6064
3180
6257
7734
7207
7228
6846
7818
5005
7300
3254
5021
7249
7603
5336
2991
3160
3391
5752
3668
3735
4842
6062
5584
3089
6083
4314
4685
3604
4299
4829
6855
3387
3217
5762
5920
7282
6699
4315
7425
7187
5821
3324
6885
5696
7043
6072
7315
6172
6897
4862
5833
5858
3571
5081
3889
3777
6977
4362
7258
4959
2990
5408
7729
3895
7645
5354
5168
7051
5639
3423
3398
3422
7967
7337
5233
4896
3047
5570
6916
5075
6626
6605
4734
6430
4822
4332
7791
4779
7215
4950
7506
3610
5635
7067
3394
4254
4487
4062
5332
3960
3280
4161
5673
6358
7626
3644
4192
7324
7303
6000
4503
4817
3771
5163
3172
5847
5682
4501
3261
7188
5727
3910
5772
3784
5563
4481
6354
3415
5932
4708
3108
5489
4762
6624
6550
3373
6677
5879
6210
4625
3474
7653
4456
7162
4752
5398
5490
6557
3034
5073
7148
3734
7846
4826
6227
6300
3996
6294
3510
6561
6026
5319
3925
6981
4195
5663
5708
7710
3100
4400
3463
7741
7149
6723
4039
4056
7954
4574
4218
5046
3563
5175
5955
3112
4900
4335
2336
3338
5160
3482
4049
3527
6689
6909
3650
4095
6375
6376
6497
7800
6229
6832
6291
3302
4652
5062
5624
3561
6970
4760
6360
4439
6146
3495
3370
6548
5220
5779
5630
4079
4023
7019
6462
4864
6990
6542
5728
3572
6183
5370
3528
3147
3631
4592
6658
5505
6429
7632
3969
6280
6181
6884
4480
5665
6480
5200
6402
5783
7833
7946
7006
3466
7885
5519
5170
2886
4098
5894
6913
6116
5283
4324
3705
5306
7208
6478
6907
7467
4443
5852
3228
3202
3687
3467
6200
6945
4915
7541
5218
4447
5350
5608
5089
2996
6395
5414
5280
7587
3272
4330
2936
5326
6298
7077
6239
7319
3764
7507
7099
4641
3362
7661
5203
3144
3858
5347
4373
4470
7560
6809
3295
6933
3884
7726
7542
3611
6729
7032
6082
6957
7141
3149
5211
6563
6167
4792
4937
2960
3418
5785
3929
5748
3097
5425
4553
5569
7165
6228
6008
4377
5206
2959
7073
7922
3229
5480
3677
4859
4565
3014
5829
2924
4363
2898
5881
6055
3455
5434
7644
7229
3672
3401
4811
7569
4960
4583
6297
5324
6798
7453
7484
4074
4130
7624
4009
3551
7435
3475
2961
7008
5212
4603
5556
6347
3872
4301
3431
7448
6559
6193
6139
5731
5317
7769
5950
5110
5859
4922
5921
5182
6420
2882
4253
4759
5994
7398
6444
3620
3538
6987
6964
3648
5599
3145
2885
5862
7850
4458
7649
2978
3564
7049
6471
4522
5035
5389
6337
6629
6463
5975
3941
3825
4086
3106
4229
3322
3993
6901
6356
7640
7059
3633
3791
7747
7219
5741
4559
4830
4105
7171
5595
3811
5061
7449
5948
6512
5706
4593
5771
7432
4810
3087
7771
7671
4725
4107
5041
7899
7848
4624
6355
5816
3978
3128
4699
3775
7311
3979
4382
5123
4183
5024
4548
4083
3594
6582
4388
6595
5691
7914
5451
7628
4150
7251
7619
4263
7638
5988
3273
5866
6844
7672
7558
4416
4545
6749
5060
4483
6680
5230
7009
3244
7470
6290
5471
3300
7184
6829
7562
2896
4929
7961
4025
3471
2955
6510
5456
4776
7239
7543
4345
5922
4694
7918
7223
5675
5680
7031
2124
4408
6007
6989
6010
5076
5409
4230
4730
2913
5033
5070
5305
5147
5361
7261
6336
7471
2783
5761
7109
3787
6580
4770
3416
6645
6599
2997
7055
4088
5150
5335
7639
5867
4415
5851
6245
5051
3334
6697
4843
5288
6202
3016
3624
2223
4348
7454
5687
4417
3557
6560
2937
6973
3869
6235
3367
7224
6211
5122
4632
4837
7196
3357
6904
7524
4414
6019
6412
7285
3938
5149
5695
5072
4466
3330
7007
4851
4017
3649
7903
3893
7840
3916
4955
6253
6842
4149
4743
3296
4094
5996
5393
6248
6870
6746
3299
6095
7691
6965
5683
3230
4489
4541
1775
2901
7950
4319
7275
6074
7044
6233
7712
7116
6521
3036
4806
7138
4426
6584
5928
3366
3799
4845
6623
6759
5973
3282
4911
2917
4185
7700
6196
6748
5643
3193
4485
5183
6131
4569
6574
3828
4919
3810
3809
5775
3576
4980
5554
3840
4143
3536
7536
3990
4714
5195
7606
6744
6293
4968
5965
2900
5925
4871
4467
4588
6136
7340
7525
3753
5394
6169
3689
4606
3881
6613
7222
3072
3719
7916
7344
3315
7993
4610
3505
4867
7933
7060
6618
3794
4220
6369
3704
3454
6879
3252
3015
5953
3898
7026
5114
7430
3744
3752
4432
3694
5441
7002
5264
7292
7528
3342
4785
2435
4036
6514
3331
7226
4305
4034
4365
5391
4065
2993
2973
7405
4923
4499
7363
7987
7317
7281
4938
3986
5701
4978
3518
7240
3945
6988
5131
3479
6807
3827
2974
6642
5685
7932
7941
3552
5422
5318
6819
6651
4440
5782
5981
6272
5328
6659
3363
4151
6135
3246
3432
4787
5432
7963
4976
7857
4872
4527
6597
3731
3886
7675
6205
2884
4401
5591
3745
5130
6552
3493
3390
7380
2909
4412
6692
7566
7318
1744
7287
7336
5688
5010
4763
5396
4014
5846
4716
7253
5210
4154
7295
6214
7468
3848
6637
3506
4097
5048
5803
3844
5173
6111
5104
4662
7089
2121
7816
7098
3209
7980
4747
3849
7237
7779
5224
4693
7038
3647
5954
7599
3382
1688
5674
4942
4012
6213
7346
3804
3247
4956
7231
4895
4771
4178
6501
4166
5018
6635
3645
3590
5284
4905
5228
4203
3093
7739
7969
6698
3204
7419
4120
3369
7373
4096
7306
3003
4318
7882
5678
5068
6674
5192
5094
7714
5684
6112
5293
7404
3721
7921
3504
6342
4799
5722
5807
3301
4901
6380
4284
3526
6529
3258
5291
7177
3864
7512
4658
7442
4531
3165
5443
7607
7243
3332
5037
5260
3902
6850
3255
6216
5916
7596
6473
5863
3243
4182
3502
4664
6643
6128
5497
3782
4448
7799
5657
5951
3152
4141
6177
3478
3176
5459
6324
5747
6366
5107
6492
3427
3586
4391
7255
5120
5596
6668
6733
3061
7265
5045
4774
3871
5358
3962
5475
4642
3831
3856
5214
7071
5769
6299
4477
5959
5627
4670
7890
5542
7505
7180
5885
4261
5582
5758
3841
6092
5610
7197
5794
4002
3101
5767
3622
5190
5936
6143
3298
2880
5621
3975
7760
7807
5446
2489
5877
3656
2152
5374
6415
3616
4260
4433
3249
6268
6727
7612
7111
7478
3573
6815
5119
7462
7198
5659
6001
5786
5289
3102
5672
6707
5103
6238
6281
5382
3343
7039
5850
4908
3435
4224
5855
7564
5252
3904
6134
7997
7708
3998
3757
5622
7689
5491
5615
3187
7631
4427
6653
6878
6667
7280
4769
4607
3110
6173
7867
3011
4595
5004
4431
4751
7976
3198
5298
5956
7179
6896
7554
6043
3384
2765
4995
5656
7395
5787
7130
7783
4233
4940
6034
6774
3691
3005
5700
5872
2972
5734
5297
6255
4893
6533
7897
6433
7456
4403
3446
7040
5302
5325
6872
3253
3433
6051
6178
3200
4720
4259
7692
5724
5174
7084
3115
6262
5926
7888
4375
4622
6368
7498
3470
3974
4029
6386
5300
6303
5800
4242
6379
3407
4707
4199
7615
7170
6579
7836
5085
4903
3807
3037
4413
3963
6477
3715
5977
6166
4696
3786
5193
3445
5234
7065
4952
2926
5831
5043
5074
4880
6338
2951
7766
6781
7681
7370
4347
3511
6315
3717
4580
3163
3913
6171
6361
4924
5189
7870
3181
3064
4234
4897
4084
5275
7293
3042
6541
7185
4672
5790
6217
5586
6573
3832
5804
5917
4874
7945
3797
3651
5087
5617
3674
5256
4994
5263
4732
2962
7189
6847
7854
2902
3824
7782
7125
6641
7245
7534
6682
5316
5079
4682
4420
5923
4140
7736
7999
6320
5117
6483
4331
5913
7326
3939
3933
5612
6571
5689
6220
7341
6999
6164
4106
5967
6730
5380
6543
6377
4894
7701
5029
3740
5592
7152
2964
6065
6481
6703
5205
5126
4992
4688
2953
6919
3461
3559
3487
5668
7944
6165
4495
5929
2894
4398
7410
2940
3440
7429
7568
6039
5375
7371
3992
3985
6763
7570
4349
7538
5372
7755
6207
7118
5585
6908
5338
5239
7135
4809
2947
3623
4551
5322
4405
5987
7864
6012
3627
4115
6647
7225
6859
6572
5413
3339
5514
3073
5576
7291
3920
6195
5078
3006
4186
4703
3004
3220
4308
3695
4436
5893
7668
7375
3406
4435
6917
4925
6661
7358
6804
5159
5468
6439
3305
7082
4861
6124
7101
5460
7773
7214
3988
6060
6686
5395
6923
7495
2706
1645
7707
5712
4018
3077
3558
7929
6467
6785
4521
4430
4209
6515
6796
4126
6187
3203
5482
5095
6142
5099
5525
4404
5237
2239
5368
6417
6035
4998
1635
3789
3194
3156
5976
4966
6322
4853
7527
7595
4078
3469
3138
6406
3653
3835
5626
6277
5940
6678
7573
7745
3279
3126
3899
6883
3570
5217
6710
4749
4631
3958
4026
3215
3199
7106
4847
5442
5245
7879
4731
7567
4064
6331
7609
5571
6442
4104
7085
3643
5265
2956
4634
5112
3052
5543
6817
5835
5524
4201
5553
3351
4873
4052
5437
6874
5744
6018
7503
5235
3917
6615
6814
3281
3922
4077
4266
6525
2969
3477
3894
6221
4296
4337
4948
2977
7389
5815
4350
7343
5531
5603
4238
6017
6317
3171
6099
4180
5947
6028
5593
7693
3780
6962
5226
7004
4609
3781
3263
5101
5007
5693
6967
5261
5902
7411
3358
7968
7874
1712
3135
4713
7724
4044
7119
2061
4507
4567
6130
3540
3748
5517
3285
6383
7990
7241
7172
5387
4355
3162
5738
2829
3377
6857
7332
4832
4339
4139
6061
4378
7097
3033
6440
3484
4371
7709
4916
6799
4768
4819
5014
3931
7910
3602
7137
4138
3774
5071
3923
4616
6726
3481
7875
6540
5165
5447
7591
6374
3613
3222
7869
6088
5868
4181
3287
4962
6535
5135
6311
3348
6743
3652
7723
6390
7926
5698
3906
6767
3525
6867
4482
7157
2585
4918
4406
6345
7414
3853
4010
7547
7078
5494
7703
7316
3693
4145
6175
7583
7605
7504
4075
3577
4986
2970
6234
3245
3341
6067
7767
4949
6655
4783
7248
3107
5128
4587
6002
4655
5677
5604
7413
6788
5258
5329
4101
4471
7381
4628
6755
7630
5500
4740
3678
3119
3759
5401
5820
5134
6288
4038
7376
5777
4820
7702
5279
4358
5462
1832
7654
7602
7706
5251
7717
7770
6425
4639
4353
4317
6170
6937
4821
3756
7469
5655
5296
4232
3682
4272
7488
3737
4081
3071
3666
7426
3374
3059
6978
4342
6634
5345
4175
6278
6936
4589
4291
6107
3129
5676
3383
7904
4736
6286
3855
3685
7452
3954
4533
7658
6022
6308
5933
4488
3634
5633
2968
4174
7957
3683
5439
4170
6979
7629
4125
7841
6513
5133
4782
6611
4920
4987
6511
7236
4630
3537
4148
4024
5294
3600
7133
4157
6237
4721
6603
2892
4048
5100
4523
3912
6882
6282
7256
4846
7552
7102
6863
5344
4579
7034
3313
6564
6711
7633
6021
2096
6058
7022
5900
6875
3915
4687
3168
7304
5129
7906
7674
5739
3317
5806
2154
6519
7636
6927
7352
5898
4491
5743
5506
3512
3335
6840
6662
7863
4316
4746
7952
3918
4979
3177
7201
7493
2642
4857
5774
4677
5598
4556
6740
5751
7457
6950
4392
5512
5609
6639
1738
6160
6784
5910
7103
6752
7238
7451
5124
3371
6122
7500
7650
5084
6108
5884
3054
4085
4934
4397
6951
6372
6577
7153
7455
6304
5384
5092
5440
4129
4784
6399
3543
6939
5945
5019
5888
4629
4613
7716
3329
3444
6960
3940
5483
5631
5601
6225
5702
5008
4177
5905
5458
4484
5874
4396
1949
7876
6070
7048
6825
4805
7915
4124
3448
3823
5904
3957
5799
7533
4252
4709
6222
4943
6314
5964
3412
5583
5579
4479
3821
6450
7305
4163
5020
6270
3121
3242
4982
6671
7053
5536
5180
7349
3092
6057
4965
4207
3456
6032
5889
7611
7227
7412
6538
2992
5562
4490
5386
7397
3292
4863
4027
7388
3569
2181
5507
6783
5548
3530
6716
6926
6144
4666
4598
5056
6852
6791
6479
7070
5232
7742
6180
6307
3426
4667
5503
7391
4046
5016
7115
3364
6837
6404
3385
6876
2930
5963
3738
3075
4133
4244
3515
3480
7473
6944
6184
7750
5177
6218
3074
4300
6260
3429
4910
6600
4155
3772
6145
5346
7146
7513
4418
5949
3638
5278
6197
7901
1818
5055
7589
7480
7983
4498
4926
5138
7655
3048
6327
5899
7721
3032
1496
5115
4865
2979
6777
5995
7593
6441
7871
4295
5054
3208
5540
7682
5109
4657
3729
7090
3166
3465
2593
4678
5958
5430
5196
4729
7408
4286
5641
4890
3885
5830
2580
5989
7868
6373
4451
4188
5824
6836
3565
4947
5943
2294
3546
3574
4702
6208
5209
4648
3068
7646
6296
7618
7127
6812
4461
3411
4539
5912
3240
7851
7898
7427
6802
6539
3236
7487
5287
7195
7872
3989
3225
7829
6448
3066
4755
4711
3318
3513
3692
5001
3681
4778
3319
3865
4939
3699
4099
6982
6586
7271
3439
2338
5827
7843
6138
4473
4781
3615
6013
4045
7886
1567
6044
6761
6676
6889
6734
3349
2914
3746
5277
7064
5750
4051
4739
7276
7158
5640
5848
3596
7912
4683
5188
3861
6627
5499
4058
5577
2983
7204
5966
5711
4135
3117
4756
4635
5972
7740
5646
4333
3094
3663
3716
4326
5153
7664
3739
3099
6940
7806
6454
5573
5236
6316
3589
4421
6423
3314
4455
4313
7887
7431
4993
6126
6485
7549
3874
4513
5652
5886
6075
4172
5208
2982
6427
6370
6946
6915
3542
6224
5152
2035
3430
3000
5379
6436
6705
2899
6943
4794
6382
3337
3971
5498
6447
4040
4013
6672
3556
1955
7128
5142
4945
7749
3860
5359
7477
6456
7539
7273
6558
6162
1604
5713
7289
5307
6646
3520
5320
2054
7464
7501
6851
4016
4268
7508
4831
2967
7826
7971
4848
5654
4550
7433
5057
5470
5431
6991
4538
5132
3196
7578
4217
3150
3023
4963
6457
7565
3621
3141
4726
2584
5716
3183
4227
2950
5812
6287
7463
6285
6906
5223
4512
6954
6068
7259
5545
7010
4525
6114
3350
4961
5791
3710
4472
4167
5121
6795
4946
6030
3567
5508
2198
7720
2483
3499
7820
6663
7134
6779
3009
4684
7458
6158
3607
3660
6182
6396
5998
7416
7182
6583
6589
5373
4283
4380
5031
4287
6742
7535
7786
4265
3019
6520
3702
4535
6865
7842
6381
6359
7357
4275
7757
3081
3116
3819
5908
3096
5618
4585
3210
6955
4723
7907
3265
4754
4917
3211
3057
7374
1759
7753
7943
4424
3111
5985
7924
3354
5461
4737
7905
5690
3640
3259
3353
5911
7698
7330
5742
3535
7614
7217
5876
6219
4434
7485
7212
2995
5198
5825
3084
3516
5832
6326
2526
5511
3140
7091
5516
5333
5625
4438
3184
4422
2361
2938
4279
5295
6269
4590
3747
6581
6098
3712
3790
7964
5502
5756
6079
2631
3972
5161
2944
3044
4581
7873
2688
4351
3221
3361
7403
6470
6911
6546
1965
5735
5146
3926
3356
4372
4356
3614
7981
4497
5111
3667
3968
3836
4824
3593
3051
3829
3085
3118
1025
4572
4100
5172
4222
3441
6110
3773
7678
5473
6403
6929
6231
7322
3088
6673
5578
6209
6054
3050
3847
3879
4996
7502
2699
5642
6141
3669
7017
6899
7277
3555
4492
7203
4459
3976
5745
5091
6027
4604
5882
4055
6487
4059
5144
3779
7348
3419
7364
7772
7475
6750
3189
2414
4840
4850
7988
2865
6789
3188
4465
4269
4187
3733
3878
5042
7545
5496
7520
4226
3845
7079
7989
4205
7891
4035
3286
7242
7112
4068
6461
5983
7359
3544
4884
5484
4772
4354
6422
4108
6756
6762
4930
2963
6983
5590
7486
3123
5222
7164
3814
4072
7509
3696
4902
4200
6702
6843
5282
7033
3105
4409
6772
7497
4033
3608
1779
6188
3040
6693
3421
6666
6154
5838
7474
6029
6625
4748
6258
4196
6438
3063
3148
1640
6191
5632
7862
7368
4898
6435
6393
5778
7557
6554
7310
4112
2905
7013
4546
7120
7909
7604
6860
6292
5412
4247
5065
6279
4325
7378
5650
4766
5726
3980
5053
6745
6016
6102
6827
3424
4563
4554
6389
3306
5784
7096
3857
7335
6768
5416
3965
6465
5620
7519
3001
4015
7514
6333
6820
3213
7075
5697
3637
3146
4542
7199
7711
5145
4191
3212
2910
7735
5658
6071
5118
7066
4212
7883
4733
3698
2157
7810
3113
4524
7220
3308
3022
6968
5080
7476
6773
4462
3937
4246
3646
4449
4240
7025
6914
2506
7669
2932
4128
7996
5009
4395
5030
7576
2986
3982
7986
7027
3127
5096
4021
4954
4795
7156
7642
4468
3834
5723
7677
3987
4236
1816
7687
5093
2941
3155
4891
7685
2976
6747
7732
2665
6387
2965
7154
7617
4681
3428
6507
7069
3137
7499
5392
5934
2387
6161
3579
5834
7523
3359
3842
5798
4633
4211
7016
6443
5870
6106
3143
6472
3803
3758
5969
7301
2069
4445
5653
4410
6575
3381
4786
5403
3553
7350
6271
5143
4665
3379
5616
4297
3153
6023
6741
7334
3726
7699
1808
3612
5059
3291
7110
3248
7400
2740
5529
3507
5737
4463
7866
7492
4818
5167
1911
5971
5355
5841
5909
3743
2335
4162
4692
4650
4989
5810
5555
4223
5349
3584
5897
1565
6545
3798
7813
7139
6302
6778
4575
1612
2920
4815
7436
7686
6709
4198
4977
3606
4582
4384
5565
5961
6367
7834
6532
6893
7934
4797
4502
3226
7809
5927
3328
4147
7637
7123
2133
2058
7647
7754
4357
6451
2648
7297
1491
6410
6090
3727
4534
5273
5666
4394
2923
3673
5162
5015
3205
6232
4935
6137
1623
4573
6251
3523
7494
6495
3500
7302
7347
3447
5453
5979
5793
2318
6040
7663
5438
2872
6675
6886
5533
6565
5780
7597
7831
2411
5137
4249
2680
5826
6616
5248
7216
3020
4429
1659
6725
5521
2190
4474
5023
2966
7384
3868
4816
6854
3921
7254
6765
5619
5108
4586
3293
3130
3890
3862
4005
3964
3792
5017
7730
6176
6004
4309
3267
5340
3905
6592
7018
6350
7880
6344
6685
6426
4264
5513
7825
7460
3316
3053
5970
5845
4364
3991
7167
5814
5789
5240
5139
6340
7150
2614
5337
4076
6283
7379
3722
3585
5887
1921
3449
4338
1787
3578
6330
5781
4496
5242
6066
2215
5613
7394
3070
3360
6585
5817
4561
5746
4773
3214
2999
4028
5362
1840
2989
6718
7331
6063
4369
7839
7298
4322
7144
6009
5647
7553
2919
3190
7855
6453
4304
6504
4008
6086
6835
2908
3850
2443
7931
4519
6997
5467
4705
6838
7131
6353
6309
7937
6516
5486
4082
5766
6038
3268
6416
5423
7288
5560
2952
6801
6826
5363
4366
1487
6921
6864
6493
3008
2059
5978
5982
4464
3770
4869
6728
4136
5455
5740
5194
3232
4991
6236
6041
5875
4882
5367
5629
3973
4860
4700
5002
5397
4975
2888
7515
3340
5244
3420
3981
7279
3680
5267
4813
6942
6284
5419
4866
6604
7210
6275
2503
1613
5067
3304
7531
6103
2883
3846
1803
5086
3380
3630
3492
3378
6738
1796
4715
6656
6861
5365
2597
2958
4293
3952
6384
3483
6760
1807
7853
2073
6912
2893
6087
2928
3489
3609
5937
7108
6310
3967
3402
6261
5501
5399
6151
5052
5823
7563
5469
7037
3372
6621
2504
6806
4516
6536
4544
5383
7372
4875
4168
6020
4277
6526
5986
6147
4983
7985
4728
5883
1992
3274
2171
6683
5032
5229
5404
5342
1997
3863
4602
5611
7670
5113
7884
3843
3275
4271
6975
2649
4933
4281
6856
5581
6015
7114
3581
6547
3017
6215
3397
3443
3309
7003
7600
4423
5935
3591
5558
4659
3995
7377
7072
3076
2916
7913
5044
6080
5880
6956
5574
7321
7234
5873
6189
5098
6475
7420
7386
7817
3488
1802
5721
7159
4228
7206
2934
3684
3325
6508
3395
5670
3312
2830
7574
3617
3822
4184
4807
5564
3125
4452
4137
6334
7107
3800
3961
7551
4321
6223
4402
4564
6877
7811
6712
7518
7028
6610
6713
2792
5808
3436
5003
5050
4022
5575
4311
7878
7232
7584
6766
4999
3182
1853
7046
5649
5281
3028
6665
5710
4206
1847
3873
4953
7230
4453
6631
4393
7965
3994
5765
4248
5176
5301
3192
7694
3270
3580
5495
5171
7151
4645
7762
6948
4671
6704
1821
2728
2921
2317
7974
7083
4493
4680
7956
7323
6265
7620
5717
7621
7808
6517
3636
5914
4868
7756
3442
3826
3453
6958
5299
7329
6898
6594
7731
5638
4113
6963
5034
7161
7789
7805
2004
6192
4812
4171
4518
2403
6790
4176
6972
2903
3237
6657
1729
6203
6494
3233
7023
4213
4695
5510
6419
4974
2946
4063
4757
2359
3207
4750
2418
7338
6821
5025
3659
6115
3457
1823
4343
6866
6986
7572
2897
1563
6630
7894
3375
6408
3133
2637
7895
3235
7849
3951
5523
6976
3820
5311
3035
6715
5757
4289
5415
4225
5736
6094
5463
4936
6891
5364
4312
7440
5341
1861
3983
6118
5661
6031
3159
2731
7267
6076
4387
3730
2284
5116
7423
7715
6459
4298
3619
7080
5303
6959
3509
1520
6609
1748
4344
6349
2408
7728
6254
6089
3139
6185
4640
2176
3708
6295
6890
5522
4718
6455
2778
6325
3080
2616
3888
6085
1843
7522
5997
5753
6833
2193
4855
2994
4676
5166
1502
6194
3766
6952
5488
7406
2927
7396
6591
4003
7444
5253
4969
5158
7852
7052
3934
4741
3494
4724
6117
4454
3943
3297
5561
6466
4644
6831
7461
4775
1651
5594
7325
3628
5250
6249
4660
6938
6902
3947
4834
7942
7928
7733
4971
7537
3399
7088
5699
6905
2661
3618
7526
7042
6644
4320
7422
4727
7676
4881
3201
4562
5891
5452
2887
6834
3472
3736
4600
7744
3833
5266
1554
5662
3911
5651
6346
3065
3191
3239
6499
5125
5968
5541
4020
7095
7169
4673
6391
6601
7828
6491
6823
7402
4626
7592
2985
5504
2745
5314
1762
4080
3728
2912
3830
7105
5537
1674
6792
7382
6129
2170
7856
6612
7648
7235
7610
2638
5027
7889
4808
4566
6388
4909
6739
7262
4967
1732
6096
6371
2314
4511
3706
4568
2141
3231
5597
2998
6735
4651
2922
7062
3333
4833
3173
2538
7491
3485
5703
3060
3679
4067
2493
6985
4877
2375
3223
5930
3079
5865
2094
5246
5960
4057
6335
6871
2097
6179
2167
3344
6596
5271
3131
1702
3122
6240
3854
7385
4190
5292
5939
3164
4530
4571
6608
4578
3598
4668
3408
3389
5433
2207
7902
2617
6681
4110
4907
6998
6544
1938
6363
4514
7713
7247
4475
4691
2049
4913
4001
3025
7792
7575
2845
2539
3425
5849
2666
3703
6695
5664
4591
4122
3497
3658
6887
2834
7641
3959
6570
4208
7622
7063
4927
2208
4288
2091
2279
6033
5725
4722
2675
3900
7035
974
5181
3838
7984
1799
7743
6084
7923
3562
5312
5493
4570
7126
7794
4290
1504
1897
7145
4611
7998
2652
7294
7029
2802
2975
4653
3626
2118
7758
6638
7058
1678
7959
7725
4069
6421
7765
3882
3294
6862
7657
3907
7979
4111
3496
6109
5464
5141
5479
4800
6242
7327
3932
5634
3642
3661
3266
4134
4823
7439
3763
7830
3388
3949
1677
4984
6894
7953
5243
5428
2006
7166
6120
4528
3451
5204
4327
4964
7200
3251
7450
2590
5466
2918
1994
3460
6401
3018
2231
7652
6394
4446
6097
7845
2399
5991
4803
2013
5770
3999
4054
3970
6226
7438
2826
7284
7737
2146
6949
5957
4543
3346
7269
4374
1560
3069
2766
5709
7764
7270
5544
7532
2874
6201
2863
3046
6407
3503
1743
3082
5191
3539
7482
6458
3396
3760
3707
6256
2761
4437
4219
7339
5304
4627
3924
7992
3686
4656
7881
6411
5381
5892
4941
4958
2860
5878
7024
7683
6606
5257
3410
1772
2624
1925
6159
2869
4037
6452
2719
7140
5406
2174
1694
4931
3264
5487
2379
6414
5028
7260
3801
5285
7278
3303
7824
6500
7896
2835
5448
1550
3007
5589
6400
6152
2278
5343
1671
3434
7057
1681
5445
3955
7530
3984
4594
2093
4146
5694
4359
5602
7935
2463
2184
3083
3997
4042
6737
1530
6502
6341
2309
1856
7117
5221
3041
1540
4204
3788
7160
4885
5201
5801
7790
7973
1650
6206
7978
6980
1545
7472
4679
2123
3026
5907
4932
2413
2430
4302
6267
2347
7556
7399
4509
2102
2383
2367
4532
3039
5788
2486
3311
3761
5390
5733
4352
7893
2725
4515
7068
2145
4385
2563
5417
2589
3956
7938
5321
2911
3450
7697
5202
5715
5036
2949
2071
3490
6464
7679
7660
5993
3837
6332
5352
4165
5148
3928
7252
7775
3320
2241
7367
3468
7927
7190
4841
4066
3049
7181
5405
5896
2436
7263
4801
4160
6250
1618
7163
6701
4399
4704
2795
5637
4690
7409
5371
6880
1988
2794
2419
2439
1810
4686
5327
1805
7581
6849
5671
5679
5156
7752
2256
6593
2033
2510
7014
5457
6555
5022
4985
4788
3603
4379
7178
6048
3276
5216
3438
7041
4428
6531
4777
7183
7975
5644
7428
6696
2942
2213
4041
3665
6437
6036
1940
7250
7155
3629
6818
7529
6566
7211
5759
7366
7094
5938
5069
4193
1528
5421
7443
3870
4549
6995
5013
6822
1599
2578
5552
4887
7579
5942
1984
7036
2409
6828
7092
6969
1883
2172
7005
5427
7847
2310
2736
6392
6537
7328
2348
3508
4292
6198
7598
2629
4620
1890
7812
3655
2871
7417
5768
4486
3597
2293
5339
4216
5550
4990
7608
5760
2612
3601
5102
7113
3654
1727
4442
2274
5509
6941
6348
2470
5895
7191
1804
6328
2159
7680
3021
6628
7939
6431
1820
1652
6841
7759
5707
2890
5580
6289
7308
2746
3942
6413
5871
1627
7635
1648
4742
7900
7465
6460
2722
2775
4340
6794
7793
5388
5843
5924
6731
5197
4370
3175
3664
2222
6323
7401
7050
6649
2607
7104
1945
7218
2708
2357
7550
1579
5097
2508
3793
6590
3002
3195
6077
2625
6119
6793
1533
2038
2469
5465
2257
6636
1844
2480
5063
2747
1822
1692
4505
4419
7100
4256
3278
7479
7936
6708
4303
4047
3568
5400
3179
2791
4745
5185
6053
4390
2988
6025
6246
1486
6868
6052
7947
3206
5606
4870
3927
2156
7970
2744
2474
7827
2251
3238
4912
2240
6786
7437
3723
3897
6720
7727
1782
5444
7268
2670
1837
4007
2289
6212
2603
2640
5539
3605
1598
4425
7516
1595
5225
6753
2092
3599
1658
4250
5270
6816
4669
5811
6888
2599
4646
5155
4346
3136
1683
4132
4767
7601
2945
6091
3966
3413
3095
4152
6578
1505
3754
7015
4889
6168
1532
4623
1760
1278
6157
3417
2307
2298
7176
4638
6518
1675
6714
2569
5286
1682
5276
7662
2714
2643
5980
2113
7093
6787
5600
2981
6910
6050
2107
7056
1722
7257
3859
6810
6881
2809
2856
3277
5984
6805
4383
3284
1720
2353
5776
7821
6588
1602
6155
2760
3486
2332
3498
7447
3491
2304
2657
2505
5006
3365
3345
2079
4073
7012
4835
2634
2796
4517
2658
6654
2881
6398
7362
1777
3459
2633
5082
1882
1630
1394
4879
3283
4116
1944
5351
7977
1778
7860
1812
5614
1815
5435
5704
2101
3132
6757
4164
6687
5310
4361
6764
2610
4103
3368
6490
6598
7121
6006
6622
6528
1534
4053
7466
5773
4127
1561
2179
6073
2187
2542
3531
3124
1989
3657
6496
6523
6694
6607
7859
5941
1123
2459
2363
7958
5667
3386
6468
2086
5309
1601
4698
1507
7233
2407
7917
1917
3806
5179
6614
5836
7312
2743
2382
7360
2677
2204
2221
2536
5187
6153
7393
1996
4179
1477
1916
2734
4596
1912
6432
7586
1023
2031
2572
6751
2362
3541
7054
2333
5538
1773
7511
7659
5802
7354
1499
2720
1726
5241
7356
4323
1888
4092
3321
2915
2757
1481
6123
5047
1869
7930
5842
2564
7387
6241
7209
1774
3662
5376
7286
5012
1382
6688
6971
1946
2063
6446
2691
5528
6081
4270
6858
1763
5692
2512
5587
2703
7392
4278
5088
6813
2461
1987
7798
7787
1523
4827
2535
7186
6244
3157
3521
2561
5215
6505
1998
2954
5813
1580
3241
1503
7861
5837
6562
7920
5348
4675
1498
1893
2386
7613
1746
1474
6931
1654
3548
2849
1737
1751
5360
3289
2650
1939
7991
2015
5805
904
4973
3632
1736
2037
3944
2288
5140
1495
4367
3816
7309
1929
1740
2138
2046
2252
1780
2126
5534
2557
2468
1537
3547
1621
2005
3950
6150
6305
6660
4441
2163
6319
2733
5366
1543
6691
7074
1863
1797
5952
1801
7837
4031
2095
2855
6930
2628
6125
6482
1966
2811
2343
4608
5269
3091
1852
1915
4661
1549
2374
3142
2306
3336
6632
2320
3067
1691
1976
2098
7555
2843
4804
5729
2707
4131
2139
2891
6365
2556
5472
2075
1974
4796
5549
2446
2943
2618
6690
2057
2248
2473
2162
1877
2577
7643
1574
2128
2286
2189
5262
1899
3262
6974
4647
2613
7342
1611
6928
2217
2388
1933
4764
2422
5481
2527
4214
5249
5454
3104
2546
2713
5369
2647
6321
7351
5839
7540
4070
2816
3529
5154
1566
4536
2814
6824
2291
7719
2130
4849
7021
2218
905
1927
2404
4506
3953
1669
2450
2206
6148
3901
7768
1721
2323
7221
2739
2401
2839
1904
4282
2907
5272
3403
7283
1519
5607
7777
6811
7651
1625
2859
4839
2191
2777
5026
1724
6405
3120
2131
7665
2477
2784
1479
1866
1558
1792
5730
2787
7086
1592
1557
2048
5515
5429
2748
1697
2376
1141
2022
7838
2132
7802
2852
3161
1570
2602
1575
3400
6156
2365
2594
2682
2117
1706
1531
2848
3158
2530
1839
7982
2285
2758
3876
3414
2321
2406
2476
1809
2120
1880
2609
3909
2197
2931
5568
2853
1789
1539
2877
4368
1450
6895
1646
7588
1918
3224
7441
2559
5718
2082
2545
2287
2136
2797
6873
4156
2028
1901
1855
2265
2065
2711
2109
1619
2492
2509
6049
1384
2534
7559
1983
1836
4758
4276
950
2836
2056
2238
2532
2029
1879
3676
6620
2588
2329
2155
2712
1605
3795
2749
5255
2857
2452
1444
1860
3583
4121
1908
3464
2656
2327
2434
972
6903
2250
1892
1963
2149
6306
7784
2980
3323
1906
7264
2245
1764
2349
7355
2904
2106
1986
2664
1990
2756
1470
2083
2021
1924
7061
1894
1473
2034
6045
1761
1430
6113
5828
2177
2384
2026
2445
4090
2870
5588
1488
3751
2540
2861
3582
7266
1718
2957
2948
3534
1819
1582
2462
5436
2453
2735
1497
3219
5764
4612
1872
3288
2001
6848
1783
1419
1794
4944
2596
7919
7272
7738
2275
2203
2271
1672
2337
1800
5418
1480
4307
2161
1275
3700
2341
2878
2099
2066
1979
2300
1585
4050
1666
2805
1616
2249
4469
2501
6758
1515
2283
2840
1864
4102
3713
7776
2292
2730
2074
3310
2055
2072
5990
2799
1891
1698
5290
1831
5478
1943
2052
1609
1956
2119
1878
2455
2011
2487
6769
5636
1931
1525
2767
2319
1680
1603
2444
4601
1511
1910
2116
7045
2576
3765
2104
3875
7136
2268
1728
1586
1638
2205
1451
2242
2158
6925
1587
1593
2264
2458
1850
2751
2425
2798
1167
2454
2169
1475
2701
1817
2700
2565
1679
1526
1928
2837
3742
5844
3550
2007
1643
7582
2226
1591
2591
7546
3936
2465
2041
7972
4478
2507
7761
2876
1781
4386
2727
2017
1227
2060
7815
1919
1279
6853
2815
2253
1951
2263
2867
7748
4060
1876
2210
1571
1754
1830
1516
2690
2380
2089
2316
1795
1960
2081
2679
2704
2866
1827
2645
2520
1653
2301
2695
2211
1967
2087
3062
2201
1703
2789
3186
1995
3635
1733
1512
1416
1926
2398
2394
3545
966
2547
1518
2108
1628
2636
2513
7274
2500
1662
2415
1948
2219
4780
2050
4117
2851
1786
1742
2070
5449
2762
1633
1752
2019
2199
2671
1546
1954
2763
2346
1003
1535
2308
1541
2243
2818
2214
1923
2370
2873
1784
2447
2111
5931
1494
2571
2372
1905
1971
7616
1140
2147
2246
4886
3688
1358
1725
2192
2127
2423
1734
1957
2817
2626
7296
2620
1205
1934
6418
5720
1970
2729
2008
2144
2200
1788
1157
5557
2080
1153
7299
2678
2267
1947
1514
4381
7795
1719
2045
1259
7174
6133
2819
2441
2721
1050
4251
1870
2043
2053
2084
1634
4071
6362
1695
1670
6243
2810
2529
1952
1483
2842
2260
7446
1597
3134
3749
2277
2780
4814
2583
1551
2776
2752
2342
2012
2825
2771
2280
2225
2164
2227
1959
2302
2723
2424
2417
999
2360
1417
1608
1556
2551
2209
1913
1187
2779
2827
2692
7047
2635
2305
7205
2036
2518
6700
1594
2528
1500
1705
2464
2654
6551
2437
1253
1684
1235
2497
2579
2484
4876
2233
2395
4169
2143
2785
2429
1286
1867
2710
2402
898
2812
2194
2195
7634
1999
1851
1626
2003
1222
2151
2516
2032
2393
912
1953
2457
2018
1841
2659
2868
1569
2523
1637
2183
3592
1099
1668
2822
2297
1600
2630
1204
2793
1564
2482
2236
2833
1636
2663
1510
1767
2820
2651
2428
1657
2135
2420
1620
2804
1673
1624
2575
2639
1790
2344
1935
1735
2269
1078
2522
2165
2660
1887
2354
1298
2838
1950
2726
3813
1629
5083
2929
1693
1577
1907
1690
2040
2282
1941
2230
4761
1631
1845
1961
6313
2266
1885
2769
2262
2330
2697
2568
4552
5527
1244
2753
2051
1886
2582
2533
2803
2322
1978
2742
1189
2781
2623
1508
2024
2180
1769
1596
2693
1765
2694
2134
1874
2339
2247
2232
2514
7333
2718
2858
2153
1559
1711
1318
1257
1568
1148
2044
6771
2488
2669
2541
1573
692
1182
1937
1246
1826
1889
1713
2832
1981
2517
1932
2273
1833
2103
1828
1993
2212
1776
1459
1868
2381
1538
989
1973
7481
1122
1026
1547
2175
1447
2405
2085
1576
1699
1544
1689
2188
1859
2674
1958
2235
2519
1482
2548
2397
2702
1875
1132
2312
1758
1325
1469
6351
2025
1642
5526
2841
1704
2255
1398
2498
2400
1857
1755
2186
2328
2173
2451
2002
1739
2595
1968
1051
6484
2553
1589
2566
2100
1848
2600
2847
2782
2290
1806
2020
2431
2875
2558
1903
2499
2326
1701
2324
2772
1250
1985
1247
1710
1909
1305
1747
1667
1865
1149
1524
2090
1749
1663
2114
2759
2315
1581
2709
2646
2299
1838
2667
1536
1517
911
2351
1632
2604
1046
1521
913
1644
2850
2178
1862
2615
2412
1771
1248
2385
2550
2490
2544
2442
1005
4576
2552
1553
1842
4006
1049
1849
2449
1606
2592
2438
2808
2567
1766
2391
2466
2088
1896
2627
2276
2574
1750
5157
2774
1588
2485
1403
1117
2067
2521
2182
1107
2717
1785
2846
2554
1641
2077
931
4802
1186
2573
1329
1191
1660
1446
2598
1457
2672
1492
1639
1685
3409
4619
2368
1858
2460
2496
1476
2334
1011
2481
2358
2168
2773
1324
2421
2555
1080
2426
1268
1811
2023
2125
2366
1225
2078
1622
1982
4701
1379
1930
2687
1145
2686
1615
2150
1327
2433
2531
2027
2228
2821
1221
2705
1242
2472
2754
1071
1854
1464
1881
2220
900
1696
1239
2068
2668
2732
2410
895
2009
4717
2622
943
1102
2641
1299
1501
1656
2879
1203
1617
923
2716
2525
1081
3641
2122
1665
1741
3948
2396
1238
2581
1583
2549
1218
1991
1756
919
1687
1177
2587
1584
1412
1308
2202
2715
1283
1193
2467
1317
2105
1032
1320
1562
2392
1210
2864
2828
2000
2416
1846
1258
1717
599
1331
1009
1173
2325
1472
2185
1793
1898
2010
1338
1007
1977
1172
2673
1493
1271
795
2537
1335
2432
2030
1059
1489
1715
1770
1824
1527
2296
942
1336
1028
2738
2378
2655
1607
2750
2373
2196
2788
2515
2440
1920
1484
2350
2562
1731
1069
2862
1133
1125
927
2786
2064
946
2224
1980
1509
1390
2611
1942
1198
722
2272
1024
2254
1240
956
2823
6046
1490
1251
1008
2371
2619
2390
2140
1226
1399
1095
783
1914
2137
2586
1647
1085
1555
1529
1962
2511
1700
1442
1456
2270
2234
1004
2016
1418
899
1040
1408
1195
1077
1686
928
2801
2076
1798
2741
906
1361
1288
2295
1969
2369
1062
1197
2166
2478
1380
1170
1590
2356
1313
2115
2844
967
1661
1873
1306
2683
1825
2364
2355
1321
2698
2313
1139
1506
2764
1179
2524
1079
1067
1160
1753
2494
1353
2244
953
910
1219
977
2258
1220
2261
1386
1936
971
1303
1043
1900
1522
948
954
1154
1302
1471
1138
2755
1835
1256
1354
1814
1649
598
889
995
1289
1135
1241
1178
1347
2237
2303
1723
2062
788
2608
2112
2340
1610
1264
2653
1034
917
1884
1389
2456
965
1449
2684
1757
1297
1578
1485
2110
937
1395
2389
2681
1428
2129
1614
1730
1060
1434
2724
2605
2807
1031
1572
1013
1343
2606
1012
1105
1344
1194
1272
1714
1052
1291
1397
978
2632
1964
986
1829
1131
1237
959
1902
1922
1086
1115
1429
1314
1432
1378
2601
1425
901
1294
2471
1972
1162
1066
1387
2502
960
918
1709
1351
909
1460
2800
1745
1171
633
1164
693
1285
1813
1277
2806
2229
2216
1895
1455
1104
1236
2479
1039
1441
1287
1033
1072
1213
2813
2737
981
1292
1129
1676
833
934
980
952
1542
1035
705
1345
1092
1301
958
1118
1087
1201
1871
893
2790
1215
969
1082
2689
1370
868
1124
1216
1158
1401
2427
1036
2345
2475
1310
976
1548
1068
1175
2148
1707
1159
1293
1232
649
1090
1098
920
2621
876
1094
945
1381
718
1255
1143
1312
903
2160
1054
1296
1333
1073
1192
1367
1478
2014
1151
1431
1655
2560
754
1262
2331
1180
1041
1371
1356
987
2770
1513
1708
1093
993
1155
1341
1975
1323
963
988
1127
1768
1199
1269
1552
1111
933
774
1202
1128
1266
916
1084
1295
1402
891
1463
1058
1020
1368
620
672
1120
2831
1791
1309
973
1409
1147
1233
769
1436
2281
2491
1316
2824
862
619
1328
734
2676
2352
1458
1048
1064
1126
1209
1113
2047
1326
1357
824
998
1411
1834
578
1108
955
1716
990
1161
1307
947
1029
1369
929
1211
1426
1015
2495
762
1146
1055
1106
2543
962
1406
1231
1393
1056
674
1114
964
1462
2448
1276
2685
1260
1188
1150
1423
1445
1465
1101
1252
1366
1103
1136
1063
1065
1346
970
1437
845
746
1070
914
1037
1224
1016
604
896
1322
2644
1410
1396
1100
1229
1404
902
925
1300
1057
1319
1355
775
1169
628
1245
644
957
897
653
1452
2662
1261
1433
1185
961
1112
1315
1190
1165
1176
1400
1110
979
908
698
765
608
1407
1340
694
565
1208
1359
866
944
808
1181
706
636
601
798
861
2696
731
890
1267
997
1075
1174
1415
1280
2039
941
1144
634
686
603
2042
717
834
1142
1337
1330
678
1130
1427
1074
949
1196
1350
1421
779
1042
2768
1076
1134
936
1373
1332
1265
743
609
624
1385
2311
744
1443
1212
883
831
1206
1454
1290
544
853
758
807
2570
1022
1230
1088
658
1376
1109
1168
951
786
1362
725
1263
870
922
772
1021
856
1096
752
1010
1334
806
1439
748
626
872
907
1047
793
1422
617
1453
677
1364
1121
1440
1089
975
766
2259
1392
1435
1137
1249
1468
996
1234
733
1270
1097
1466
1119
1038
1207
660
1372
926
655
704
688
1002
1388
650
859
1461
723
641
685
791
1284
848
1424
736
2377
1044
1438
2854
781
1217
665
1311
1027
935
1184
600
1374
516
1274
639
662
894
782
1413
1053
697
386
857
1156
673
661
851
1304
1243
610
841
2142
1339
985
1664
1377
586
1420
880
687
992
815
625
1000
888
760
983
794
1223
1001
747
818
797
1061
761
1352
708
742
924
654
787
1467
984
714
1014
968
813
1282
432
545
501
1348
721
877
780
710
771
1363
595
632
844
829
823
1017
606
730
835
467
938
1228
580
1091
695
867
930
778
429
803
843
1116
864
596
830
915
640
1349
1163
696
642
804
921
785
749
741
702
556
863
932
777
431
751
991
1281
637
622
707
433
768
840
745
1030
1360
740
1273
720
940
885
826
576
558
792
800
770
1045
682
495
514
585
982
939
1448
827
666
681
839
1183
1375
493
805
1254
809
497
443
719
703
607
611
884
506
810
1200
664
667
1383
828
814
657
994
789
605
648
763
713
1405
1083
568
602
635
892
858
850
799
612
1391
732
820
530
727
753
1018
671
646
669
460
651
750
711
874
801
1019
453
618
728
847
879
878
614
457
616
343
1006
589
1414
1166
675
832
524
1342
587
434
455
790
796
559
755
701
463
676
756
503
737
684
475
817
825
582
454
1365
413
445
531
1214
757
759
773
551
691
518
738
631
764
735
366
488
647
729
550
712
623
621
838
510
689
670
886
532
489
668
1152
869
517
520
821
679
645
699
579
613
583
822
627
652
472
542
852
569
690
715
466
519
525
462
555
871
643
680
561
593
416
837
629
508
716
846
459
498
477
512
842
630
638
526
836
418
854
865
486
560
875
441
487
355
546
570
724
819
811
656
659
479
507
539
573
361
663
571
446
394
537
349
521
481
553
597
591
474
504
802
547
887
577
549
440
739
372
776
855
812
428
816
860
326
465
409
324
882
424
513
700
557
458
881
849
709
473
726
438
436
415
784
333
470
552
447
590
471
528
496
873
548
469
351
482
615
527
529
511
411
391
490
378
543
427
522
535
261
348
442
505
494
425
683
480
336
402
450
500
581
426
439
563
509
322
502
325
367
328
423
574
564
399
492
279
395
346
362
308
456
414
448
451
374
404
572
345
567
484
533
359
400
383
368
307
388
373
330
369
767
323
437
435
389
588
321
444
370
364
478
499
376
515
491
410
464
405
483
461
354
384
273
398
403
392
420
350
334
329
341
335
258
584
540
575
594
352
353
356
363
332
365
562
385
412
401
301
331
313
430
523
375
262
417
217
303
538
566
421
554
382
485
452
280
534
592
381
271
339
344
342
387
422
380
254
223
379
260
211
393
274
232
314
347
541
476
257
300
419
267
247
390
337
287
360
239
377
305
340
318
250
358
320
277
306
449
226
468
327
288
406
245
397
235
293
281
338
275
263
285
256
266
278
294
396
371
213
304
269
408
319
290
207
202
253
259
536
317
270
296
286
289
212
310
192
312
243
272
282
295
291
284
241
240
208
311
179
315
297
252
230
219
407
224
220
268
251
265
228
210
172
264
205
242
255
283
249
309
206
316
302
234
357
182
177
200
225
209
201
204
292
231
173
203
167
194
166
215
156
196
216
144
299
175
185
189
168
214
237
146
184
221
198
276
298
176
161
199
195
233
244
137
183
227
180
229
138
246
152
181
248
190
222
171
236
115
169
142
145
157
155
186
170
238
160
218
132
193
163
165
158
154
136
188
174
164
103
153
187
133
178
191
126
197
162
147
159
151
140
143
117
102
149
129
119
135
122
127
124
123
110
118
139
131
100
116
125
121
99
104
148
130
128
105
141
107
150
74
113
112
134
101
91
87
86
66
120
106
111
77
109
114
98
108
88
92
93
96
95
75
89
63
71
68
85
90
97
83
69
78
81
79
70
82
67
80
94
60
76
59
84
72
73
57
62
56
53
58
55
65
43
61
64
54
47
48
50
40
46
45
52
51
49
41
36
34
42
38
44
37
35
39
28
32
30
25
29
31
27
26
33
24
19
23
22
21
20
18
17
16
15
14
13
12
10
9
11
7
8
6
4
5
3
2
1
0
