7	0.0: 330 941 779 306 
7	0.0: 661 1002 824 363 
7	0.0: 545 860 790 403 
7	0.0: 329 845 792 477 
7	0.0: 543 695 788 417 
7	0.0: 524 593 810 380 
1	0.0: 753 644 801 407 
7	0.0: 420 793 810 359 
7	0.0: 602 779 842 475 
1	0.0: 733 822 780 290 
1	0.0: 804 812 774 276 
7	0.0: 174 948 775 363 
7	0.0: 564 876 808 461 
7	0.0: 404 797 758 280 
7	0.0: 533 791 786 230 
7	0.0: 92 906 797 631 
7	0.0: 300 912 780 467 
7	0.0: 458 800 810 267 
7	0.0: 302 830 799 551 
7	0.0: 644 822 791 338 
7	0.0: 382 743 777 458 
7	0.0: 206 849 817 221 
1	0.0: 824 792 823 349 
7	0.0: 75 979 807 331 
7	0.0: 429 738 804 475 
7	0.0: 417 688 781 556 
7	0.0: 364 742 804 260 
7	0.0: 168 788 802 403 
7	0.0: 427 849 817 421 
7	0.0: 463 827 781 248 
1	0.0: 843 690 806 395 
7	0.0: 127 740 761 343 
7	0.0: 479 847 831 230 
7	0.0: 558 978 826 436 
7	0.0: 317 797 780 331 
1	0.0: 692 875 821 369 
7	0.0: 485 632 794 411 
7	0.0: 376 684 778 326 
7	0.0: 607 975 822 289 
7	0.0: 471 786 787 161 
7	0.0: 349 950 779 419 
7	0.0: 163 880 796 417 
7	0.0: 32 890 815 322 
7	0.0: 142 785 777 544 
1	0.0: 825 920 805 581 
7	0.0: 486 807 810 467 
1	0.0: 841 910 820 278 
7	0.0: 594 871 808 356 
7	0.0: 603 1018 777 424 
7	0.0: 702 786 817 311 
7	0.0: 247 820 815 369 
7	0.0: 704 780 829 300 
7	0.0: 8 686 775 379 
7	0.0: 628 735 817 490 
7	0.0: 167 823 815 282 
7	0.0: 218 817 820 348 
7	0.0: 385 836 787 442 
7	0.0: 476 777 794 275 
7	0.0: 4 704 823 482 
7	0.0: 492 907 794 478 
1	0.0: 809 812 792 620 
1	0.0: 969 987 841 182 
1	0.0: 610 864 806 522 
1	0.0: 764 674 766 505 
7	0.0: 632 797 813 262 
7	0.0: 529 878 815 311 
1	0.0: 692 973 767 369 
7	0.0: 326 845 788 326 
7	0.0: 573 643 819 418 
7	0.0: 510 711 839 646 
7	0.0: 419 739 807 485 
7	0.0: 560 762 771 392 
7	0.0: 313 753 800 274 
7	0.0: 507 781 817 332 
7	0.0: 541 740 761 337 
7	0.0: 328 754 803 172 
7	0.0: 512 867 819 364 
7	0.0: 484 829 843 398 
7	0.0: 593 759 777 435 
7	0.0: 643 951 747 307 
7	0.0: 327 899 783 581 
7	0.0: 306 810 773 485 
7	0.0: 247 823 800 445 
7	0.0: 473 885 820 480 
7	0.0: 494 962 754 111 
7	0.0: 332 1034 798 580 
7	0.0: 314 811 793 598 
7	0.0: 263 770 822 266 
1	0.0: 649 945 773 636 
7	0.0: 469 839 820 467 
7	0.0: 285 912 821 535 
7	0.0: 548 955 779 405 
7	0.0: 509 872 789 458 
7	0.0: 364 711 803 469 
7	0.0: 320 850 793 492 
7	0.0: 407 976 783 253 
7	0.0: 406 827 829 159 
7	0.0: 712 889 792 285 
7	0.0: 177 764 791 369 
7	0.0: 295 992 811 375 
7	0.0: 265 832 821 242 
7	0.0: 638 661 776 179 
7	0.0: 571 972 840 260 
7	0.0: 568 779 801 415 
7	0.0: 554 882 788 321 
7	0.0: 530 818 798 331 
7	0.0: 157 809 847 120 
7	0.0: 600 913 814 356 
7	0.0: 468 747 812 350 
7	0.0: 239 849 781 484 
7	0.0: 493 816 805 420 
7	0.0: 408 681 779 512 
7	0.0: 332 884 784 655 
1	0.0: 745 863 805 295 
7	0.0: 366 905 793 261 
7	0.0: 698 784 767 324 
7	0.0: 275 783 765 350 
7	0.0: 441 834 774 144 
7	0.0: 376 748 820 256 
7	0.0: 548 595 816 227 
1	0.0: 835 764 832 416 
7	0.0: 583 865 815 349 
1	0.0: 1048 798 765 285 
7	0.0: 59 832 806 356 
7	0.0: 386 847 773 419 
7	0.0: 547 862 834 361 
7	0.0: 349 742 770 242 
7	0.0: 609 709 841 145 
7	0.0: 158 898 795 437 
7	0.0: 122 1002 765 390 
7	0.0: 316 743 828 213 
7	0.0: 472 664 785 314 
7	0.0: 401 862 786 396 
7	0.0: 257 799 804 140 
7	0.0: 300 903 782 317 
7	0.0: 198 920 791 414 
1	0.0: 832 649 789 440 
7	0.0: 508 1048 731 440 
7	0.0: 314 815 818 267 
7	0.0: 187 696 795 279 
7	0.0: 35 919 834 506 
7	0.0: 281 832 799 340 
7	0.0: 102 763 810 362 
7	0.0: 342 856 769 336 
1	0.0: 790 668 798 491 
7	0.0: 388 741 785 259 
7	0.0: 644 875 769 366 
7	0.0: 358 875 767 333 
1	0.0: 760 893 781 557 
7	0.0: 378 762 800 377 
7	0.0: 347 904 790 327 
7	0.0: 712 736 808 271 
7	0.0: 475 708 833 521 
7	0.0: 549 852 822 478 
7	0.0: 457 861 814 296 
7	0.0: 665 772 826 209 
7	0.0: 521 846 790 628 
7	0.0: 362 777 757 300 
7	0.0: 221 878 800 553 
7	0.0: 563 770 759 113 
7	0.0: 383 927 802 280 
7	0.0: 544 859 788 366 
7	0.0: 159 879 809 405 
7	0.0: 607 838 836 332 
7	0.0: 396 860 791 217 
7	0.0: 438 839 763 507 
7	0.0: 629 843 827 402 
7	0.0: 281 711 846 421 
7	0.0: 393 786 817 423 
7	0.0: 491 737 807 325 
1	0.0: 775 827 795 444 
7	0.0: 317 759 785 327 
7	0.0: 521 860 803 505 
7	0.0: 465 716 788 343 
7	0.0: 260 775 819 262 
7	0.0: 333 611 796 255 
7	0.0: 86 922 844 260 
7	0.0: 451 958 786 370 
7	0.0: 395 834 811 509 
7	0.0: 617 715 757 370 
1	0.0: 860 875 834 384 
7	0.0: 285 1019 799 520 
7	0.0: 416 1180 780 442 
7	0.0: 459 855 802 327 
7	0.0: 512 854 770 473 
7	0.0: 85 783 816 366 
7	0.0: 535 839 786 409 
7	0.0: 301 775 792 439 
7	0.0: 525 911 818 541 
1	0.0: 681 699 815 450 
1	0.0: 743 983 775 276 
7	0.0: 161 977 793 553 
7	0.0: 483 1008 797 391 
7	0.0: 316 789 773 258 
7	0.0: 430 757 835 317 
7	0.0: 435 818 807 359 
1	0.0: 750 787 791 360 
7	0.0: 619 757 801 414 
7	0.0: 168 851 770 334 
7	0.0: 422 790 800 245 
7	0.0: 340 876 786 609 
7	0.0: 475 822 833 161 
1	0.0: 983 1012 814 438 
7	0.0: 405 910 812 296 
7	0.0: 630 829 817 315 
7	0.0: 621 821 784 228 
7	0.0: 386 863 847 87 
1	0.0: 730 756 815 403 
7	0.0: 620 717 808 437 
7	0.0: 444 870 768 239 
1	0.0: 655 784 806 508 
7	0.0: 435 770 819 323 
7	0.0: 561 736 801 280 
1	0.0: 621 778 803 566 
7	0.0: 663 891 785 323 
7	0.0: 133 864 810 248 
7	0.0: 339 718 838 371 
1	0.0: 656 970 789 591 
7	0.0: 269 959 804 437 
1	0.0: 735 978 789 384 
7	0.0: 224 1044 806 324 
7	0.0: 395 776 820 466 
7	0.0: 487 713 843 325 
7	0.0: 293 909 798 503 
1	0.0: 684 1077 806 380 
7	0.0: 1 871 811 357 
7	0.0: 264 783 787 358 
7	0.0: 624 786 803 389 
7	0.0: 475 872 840 341 
1	0.0: 789 752 774 463 
7	0.0: 337 977 805 159 
7	0.0: 286 923 773 497 
7	0.0: 532 959 807 475 
7	0.0: 619 714 764 408 
7	0.0: 281 1058 830 388 
7	0.0: 322 774 757 437 
7	0.0: 336 913 828 595 
1	0.0: 737 675 789 469 
1	0.0: 772 1006 765 387 
7	0.0: 419 735 819 494 
7	0.0: 280 998 782 451 
7	0.0: 390 819 797 312 
7	0.0: 211 839 828 251 
7	0.0: 207 887 778 501 
7	0.0: 132 881 775 380 
7	0.0: 281 615 817 509 
1	0.0: 825 754 798 167 
7	0.0: 363 833 760 335 
1	0.0: 675 728 813 597 
1	0.0: 686 950 839 477 
