5	0.0: 960 19 521 334 
5	0.0: 914 11 311 363 
5	0.0: 874 122 254 223 
5	0.0: 779 1 678 179 
0	0.0: 424 59 1 115 
0	0.0: 817 308 287 289 
0	0.0: 481 158 12 257 
5	0.0: 961 1 222 199 
2	0.0: 850 583 340 290 
5	0.0: 942 124 412 307 
5	0.0: 900 56 432 354 
5	0.0: 849 1 71 229 
5	0.0: 814 96 517 278 
0	0.0: 591 1 481 220 
0	0.0: 574 468 284 161 
5	0.0: 1087 108 289 253 
0	0.0: 502 1 561 345 
5	0.0: 937 241 650 146 
5	0.0: 1253 244 327 224 
5	0.0: 770 1 490 221 
5	0.0: 794 1 733 315 
0	0.0: 628 1 219 229 
0	0.0: 707 282 351 412 
5	0.0: 1069 24 442 240 
5	0.0: 726 112 442 476 
5	0.0: 902 1 313 223 
0	0.0: 497 420 371 1 
0	0.0: 518 133 359 203 
5	0.0: 880 326 587 319 
0	0.0: 593 238 327 104 
0	0.0: 598 162 398 165 
5	0.0: 1256 1 428 280 
0	0.0: 469 140 1 156 
0	0.0: 720 255 339 147 
5	0.0: 1052 60 291 121 
5	0.0: 968 1 519 193 
0	0.0: 612 118 276 349 
0	0.0: 494 1 479 72 
5	0.0: 903 1 702 302 
5	0.0: 1156 552 320 117 
5	0.0: 802 313 375 68 
5	0.0: 1032 247 738 262 
5	0.0: 985 6 272 309 
5	0.0: 745 285 434 148 
0	0.0: 736 305 103 63 
5	0.0: 988 395 550 200 
0	0.0: 775 175 221 271 
5	0.0: 1238 317 120 218 
5	0.0: 983 510 516 361 
5	0.0: 1149 101 499 189 
5	0.0: 880 85 358 210 
5	0.0: 723 193 559 281 
0	0.0: 749 148 335 376 
0	0.0: 705 213 351 28 
0	0.0: 687 219 99 375 
5	0.0: 999 1 219 327 
5	0.0: 848 147 349 168 
0	0.0: 837 312 229 102 
5	0.0: 792 177 384 235 
5	0.0: 1018 130 299 287 
5	0.0: 718 149 510 280 
5	0.0: 813 1 215 312 
0	0.0: 607 279 330 257 
5	0.0: 1153 1 522 254 
0	0.0: 726 495 20 117 
5	0.0: 792 138 463 446 
0	0.0: 664 134 272 239 
5	0.0: 836 111 410 285 
5	0.0: 1003 267 516 130 
5	0.0: 941 43 358 255 
5	0.0: 1041 158 571 194 
5	0.0: 726 214 686 163 
0	0.0: 542 1 281 144 
0	0.0: 542 49 342 224 
5	0.0: 810 210 424 191 
0	0.0: 796 473 56 279 
5	0.0: 1031 22 516 285 
0	0.0: 884 422 208 301 
5	0.0: 829 155 409 242 
5	0.0: 736 334 703 351 
5	0.0: 671 1 547 412 
0	0.0: 793 345 386 320 
5	0.0: 953 1 365 288 
0	0.0: 705 406 580 251 
5	0.0: 886 347 335 371 
5	0.0: 668 38 589 454 
5	0.0: 864 128 415 233 
5	0.0: 954 159 418 356 
5	0.0: 684 1 516 218 
0	0.0: 754 303 319 323 
0	0.0: 564 195 334 254 
0	0.0: 688 107 337 198 
5	0.0: 1123 1 229 1 
5	0.0: 857 98 371 215 
5	0.0: 695 294 624 282 
0	0.0: 614 227 294 321 
5	0.0: 957 136 324 385 
5	0.0: 822 87 284 288 
5	0.0: 1104 30 478 119 
5	0.0: 737 88 785 1 
5	0.0: 984 202 623 385 
0	0.0: 540 195 159 274 
0	0.0: 666 221 423 504 
0	0.0: 894 292 158 299 
0	0.0: 609 95 405 220 
0	0.0: 782 36 133 366 
5	0.0: 876 58 19 206 
5	0.0: 945 278 313 269 
0	0.0: 479 220 318 240 
0	0.0: 612 405 517 109 
5	0.0: 1316 274 325 222 
0	0.0: 752 216 265 267 
5	0.0: 909 360 564 240 
5	0.0: 893 69 474 248 
5	0.0: 1019 176 444 223 
5	0.0: 1033 220 561 321 
5	0.0: 868 61 638 81 
5	0.0: 847 101 855 165 
0	0.0: 587 89 414 263 
5	0.0: 1372 176 570 233 
5	0.0: 776 84 572 274 
5	0.0: 918 87 568 363 
5	0.0: 849 289 437 165 
0	0.0: 536 164 338 339 
5	0.0: 724 1 519 58 
5	0.0: 1012 1 414 403 
5	0.0: 927 171 577 175 
0	0.0: 806 233 155 28 
4	0.0: 548 332 853 338 
5	0.0: 857 291 431 283 
0	0.0: 618 320 423 241 
5	0.0: 867 46 474 248 
0	0.0: 516 349 132 188 
0	0.0: 798 582 520 318 
5	0.0: 933 135 529 185 
5	0.0: 1118 377 269 340 
0	0.0: 502 183 337 210 
5	0.0: 719 177 505 292 
5	0.0: 918 407 574 1 
5	0.0: 792 105 405 281 
5	0.0: 1039 37 343 133 
5	0.0: 819 1 544 322 
5	0.0: 856 570 700 196 
5	0.0: 879 154 499 78 
0	0.0: 588 443 353 191 
5	0.0: 1035 166 308 218 
5	0.0: 625 213 740 64 
0	0.0: 769 184 76 324 
5	0.0: 808 1 451 352 
0	0.0: 279 320 151 165 
0	0.0: 621 230 321 232 
5	0.0: 712 192 656 412 
0	0.0: 693 338 333 329 
5	0.0: 949 1 402 19 
5	0.0: 927 267 527 98 
5	0.0: 796 81 626 14 
5	0.0: 886 58 392 322 
5	0.0: 865 267 560 323 
5	0.0: 1107 27 394 207 
5	0.0: 915 132 296 308 
5	0.0: 1088 205 563 134 
0	0.0: 834 1 42 279 
0	0.0: 668 1 278 126 
5	0.0: 701 44 516 177 
5	0.0: 719 1 382 222 
5	0.0: 830 1 360 179 
5	0.0: 1199 129 322 308 
0	0.0: 796 475 454 131 
5	0.0: 996 308 449 188 
0	0.0: 498 1 427 329 
5	0.0: 1004 234 139 318 
5	0.0: 1018 1 508 31 
5	0.0: 775 1 509 85 
5	0.0: 863 134 417 107 
5	0.0: 976 148 326 110 
5	0.0: 723 9 516 220 
0	0.0: 792 1 84 184 
0	0.0: 814 148 170 251 
0	0.0: 541 315 406 441 
0	0.0: 607 319 177 221 
5	0.0: 874 109 317 224 
5	0.0: 959 1 267 253 
0	0.0: 399 381 292 258 
5	0.0: 1042 205 171 252 
0	0.0: 647 307 448 270 
5	0.0: 877 164 373 230 
5	0.0: 767 130 335 159 
5	0.0: 951 1 525 231 
5	0.0: 845 62 663 225 
2	0.0: 1074 550 297 303 
0	0.0: 872 321 146 488 
0	0.0: 561 402 76 221 
5	0.0: 875 93 283 314 
5	0.0: 901 1 196 286 
0	0.0: 803 209 258 275 
5	0.0: 810 72 451 217 
5	0.0: 983 184 850 223 
5	0.0: 1163 200 275 242 
0	0.0: 681 32 150 248 
5	0.0: 1055 75 326 355 
4	0.0: 660 357 794 242 
5	0.0: 925 112 424 242 
5	0.0: 1112 203 253 158 
5	0.0: 754 343 592 221 
0	0.0: 722 341 154 118 
5	0.0: 918 1 84 397 
5	0.0: 1036 144 640 380 
5	0.0: 938 226 440 256 
0	0.0: 520 254 421 59 
5	0.0: 1191 289 460 206 
0	0.0: 555 487 494 226 
0	0.0: 837 368 265 121 
5	0.0: 843 397 422 136 
0	0.0: 695 1 1 304 
5	0.0: 878 142 230 298 
5	0.0: 715 141 438 43 
5	0.0: 1014 405 275 140 
5	0.0: 774 409 640 282 
0	0.0: 491 1 644 186 
0	0.0: 597 324 423 147 
5	0.0: 934 1 504 268 
5	0.0: 716 1 861 253 
0	0.0: 758 379 228 326 
5	0.0: 886 60 191 44 
0	0.0: 645 356 228 400 
5	0.0: 1139 1 90 368 
0	0.0: 809 331 355 234 
0	0.0: 640 424 505 318 
5	0.0: 961 1 48 301 
5	0.0: 742 1 445 286 
0	0.0: 636 1 368 255 
0	0.0: 663 175 200 133 
0	0.0: 723 323 12 311 
5	0.0: 588 154 676 181 
5	0.0: 861 83 513 175 
5	0.0: 946 1 515 118 
5	0.0: 899 378 822 235 
0	0.0: 668 1 135 304 
5	0.0: 865 1 228 343 
5	0.0: 935 21 294 83 
5	0.0: 788 293 560 318 
5	0.0: 610 154 721 88 
5	0.0: 967 35 446 271 
5	0.0: 841 54 392 157 
5	0.0: 833 185 572 225 
0	0.0: 728 177 214 405 
0	0.0: 673 1 354 352 
5	0.0: 820 1 490 347 
0	0.0: 629 187 501 283 
5	0.0: 877 45 236 309 
