1	0.0: 191 972 444 143 
1	0.0: 225 1001 608 332 
1	0.0: 116 755 516 304 
1	0.0: 258 884 664 409 
1	0.0: 425 1124 411 386 
1	0.0: 1 797 706 163 
1	0.0: 11 933 473 423 
1	0.0: 316 871 426 215 
1	0.0: 18 860 328 170 
1	0.0: 500 917 668 270 
4	0.0: 387 628 775 315 
1	0.0: 187 721 521 317 
2	0.0: 605 847 365 398 
1	0.0: 123 982 448 204 
1	0.0: 485 1096 401 107 
1	0.0: 439 1110 411 505 
2	0.0: 611 830 408 111 
1	0.0: 1 779 623 410 
1	0.0: 184 1010 292 87 
1	0.0: 85 989 870 303 
1	0.0: 265 840 544 250 
1	0.0: 288 708 380 322 
1	0.0: 106 675 420 385 
2	0.0: 528 742 268 391 
3	0.0: 440 977 777 328 
1	0.0: 234 713 417 367 
1	0.0: 194 1082 462 654 
1	0.0: 392 704 462 169 
1	0.0: 422 932 506 270 
1	0.0: 167 955 656 322 
1	0.0: 290 866 354 500 
1	0.0: 43 677 383 125 
1	0.0: 254 940 746 295 
1	0.0: 203 797 456 622 
1	0.0: 140 1056 730 252 
1	0.0: 80 1033 353 49 
1	0.0: 302 1129 719 324 
1	0.0: 491 766 548 297 
1	0.0: 179 776 517 179 
1	0.0: 476 720 346 381 
1	0.0: 263 943 473 424 
1	0.0: 349 576 467 33 
1	0.0: 235 847 519 311 
1	0.0: 125 997 422 1 
1	0.0: 175 929 587 250 
1	0.0: 162 751 214 36 
1	0.0: 361 950 508 372 
1	0.0: 190 834 584 164 
1	0.0: 498 924 528 245 
1	0.0: 188 948 574 204 
1	0.0: 1 741 734 340 
1	0.0: 334 903 515 424 
1	0.0: 268 891 521 223 
1	0.0: 187 773 219 236 
1	0.0: 89 747 436 524 
1	0.0: 126 941 321 477 
1	0.0: 249 1025 332 339 
1	0.0: 369 973 766 86 
1	0.0: 74 704 288 322 
1	0.0: 292 853 419 437 
1	0.0: 126 876 693 98 
1	0.0: 273 714 277 268 
1	0.0: 1 831 681 334 
1	0.0: 159 970 261 394 
1	0.0: 141 810 488 263 
1	0.0: 391 849 373 158 
4	0.0: 256 694 770 464 
1	0.0: 343 1120 298 139 
1	0.0: 329 1184 528 475 
1	0.0: 414 1032 224 278 
1	0.0: 1 798 559 230 
1	0.0: 1 960 505 220 
1	0.0: 359 842 259 299 
1	0.0: 200 700 767 362 
1	0.0: 238 1081 458 141 
1	0.0: 381 941 434 70 
1	0.0: 490 947 272 229 
1	0.0: 1 838 465 79 
1	0.0: 117 1103 731 362 
1	0.0: 303 857 555 267 
2	0.0: 561 872 286 472 
1	0.0: 281 959 224 36 
1	0.0: 170 953 150 38 
1	0.0: 1 808 356 343 
1	0.0: 417 789 363 284 
1	0.0: 329 849 199 401 
1	0.0: 450 977 609 299 
1	0.0: 321 884 441 527 
1	0.0: 461 1040 690 424 
1	0.0: 443 881 519 193 
1	0.0: 339 960 637 276 
1	0.0: 99 919 456 434 
1	0.0: 230 975 469 310 
1	0.0: 443 983 412 418 
1	0.0: 7 1066 848 233 
1	0.0: 218 833 386 157 
1	0.0: 225 854 611 478 
1	0.0: 175 1000 571 276 
1	0.0: 1 1063 658 295 
1	0.0: 77 908 548 111 
1	0.0: 375 1020 533 258 
1	0.0: 140 786 616 103 
1	0.0: 209 1068 465 373 
1	0.0: 467 1076 511 442 
1	0.0: 1 803 583 573 
1	0.0: 497 804 596 181 
1	0.0: 273 898 768 112 
1	0.0: 412 936 505 223 
1	0.0: 1 834 506 134 
1	0.0: 328 894 663 204 
1	0.0: 139 791 520 324 
1	0.0: 297 1059 644 145 
1	0.0: 119 996 378 416 
1	0.0: 311 838 130 250 
1	0.0: 360 662 262 270 
1	0.0: 70 838 835 294 
4	0.0: 350 609 389 321 
1	0.0: 451 917 292 405 
1	0.0: 1 783 302 128 
1	0.0: 34 982 479 307 
1	0.0: 204 831 600 381 
2	0.0: 600 1218 405 401 
1	0.0: 204 846 581 424 
1	0.0: 223 949 655 348 
1	0.0: 58 1036 416 196 
1	0.0: 169 639 396 250 
1	0.0: 205 803 107 413 
3	0.0: 597 1013 603 310 
1	0.0: 268 840 472 412 
1	0.0: 173 813 358 447 
1	0.0: 271 803 434 362 
1	0.0: 31 946 495 188 
1	0.0: 233 1007 436 124 
1	0.0: 293 976 492 375 
1	0.0: 555 977 485 258 
1	0.0: 279 931 524 328 
1	0.0: 323 843 657 393 
1	0.0: 137 881 544 81 
1	0.0: 365 892 471 543 
1	0.0: 1 1088 704 12 
1	0.0: 338 865 118 234 
1	0.0: 302 909 388 243 
1	0.0: 273 864 248 2 
1	0.0: 83 736 949 485 
1	0.0: 284 814 443 315 
1	0.0: 279 894 344 362 
1	0.0: 387 1037 441 267 
1	0.0: 157 956 596 253 
1	0.0: 187 956 444 390 
1	0.0: 219 892 836 91 
1	0.0: 168 966 749 130 
1	0.0: 231 849 524 1 
1	0.0: 223 946 452 319 
1	0.0: 1 1020 384 233 
4	0.0: 321 786 785 490 
1	0.0: 179 1002 250 389 
1	0.0: 1 773 285 187 
1	0.0: 1 687 483 300 
2	0.0: 684 890 503 408 
1	0.0: 381 882 501 245 
1	0.0: 472 772 311 109 
1	0.0: 490 988 555 212 
1	0.0: 459 921 126 206 
1	0.0: 391 852 371 550 
1	0.0: 1 922 754 167 
1	0.0: 151 1047 497 303 
1	0.0: 252 947 938 384 
1	0.0: 1 965 505 241 
1	0.0: 10 910 552 421 
1	0.0: 1 1092 815 343 
1	0.0: 236 1112 601 418 
1	0.0: 312 766 284 361 
1	0.0: 450 1106 454 15 
1	0.0: 203 997 255 332 
1	0.0: 91 1060 559 352 
1	0.0: 299 813 614 178 
1	0.0: 225 951 421 330 
1	0.0: 1 994 398 169 
1	0.0: 303 745 87 417 
1	0.0: 320 933 805 321 
1	0.0: 1 923 522 313 
1	0.0: 77 1017 754 181 
1	0.0: 1 926 338 387 
1	0.0: 122 974 490 303 
1	0.0: 270 1071 336 369 
1	0.0: 236 597 388 321 
1	0.0: 1 1066 426 363 
1	0.0: 1 788 478 156 
1	0.0: 126 933 566 228 
0	0.0: 427 685 1 42 
1	0.0: 170 925 644 61 
1	0.0: 31 767 396 527 
7	0.0: 538 911 435 618 
1	0.0: 6 999 687 115 
1	0.0: 116 1019 195 319 
1	0.0: 1 918 536 161 
1	0.0: 203 1103 788 387 
1	0.0: 295 816 441 189 
1	0.0: 252 791 380 1 
7	0.0: 398 791 39 602 
3	0.0: 552 778 772 435 
1	0.0: 155 810 335 1 
1	0.0: 1 983 828 317 
1	0.0: 116 990 464 388 
1	0.0: 101 745 661 271 
1	0.0: 143 841 464 226 
1	0.0: 344 897 486 148 
1	0.0: 169 1045 115 184 
1	0.0: 1 850 376 172 
1	0.0: 487 666 534 134 
1	0.0: 35 779 280 497 
1	0.0: 1 675 580 223 
1	0.0: 439 861 460 325 
1	0.0: 444 870 469 335 
1	0.0: 12 710 709 557 
1	0.0: 342 1034 488 343 
1	0.0: 208 775 414 242 
1	0.0: 153 903 550 334 
1	0.0: 298 911 493 358 
1	0.0: 419 917 611 283 
1	0.0: 193 824 724 255 
1	0.0: 1 1144 619 408 
1	0.0: 171 721 882 1 
1	0.0: 1 786 653 271 
1	0.0: 1 871 678 281 
1	0.0: 442 1023 378 334 
1	0.0: 229 886 250 482 
1	0.0: 270 687 236 118 
1	0.0: 122 875 502 136 
1	0.0: 434 722 487 225 
1	0.0: 190 1165 639 191 
4	0.0: 301 640 788 460 
1	0.0: 36 812 354 549 
1	0.0: 23 853 866 380 
1	0.0: 216 901 437 448 
1	0.0: 333 940 656 345 
1	0.0: 366 970 469 510 
1	0.0: 1 988 472 413 
1	0.0: 307 700 537 427 
1	0.0: 270 898 337 146 
1	0.0: 265 793 535 353 
1	0.0: 369 886 491 456 
1	0.0: 298 914 801 1 
1	0.0: 298 875 610 460 
1	0.0: 268 848 232 309 
1	0.0: 50 1143 521 241 
1	0.0: 405 1071 493 191 
1	0.0: 380 804 360 110 
3	0.0: 614 1095 596 233 
1	0.0: 167 795 276 223 
