3	0.0: 1046 863 978 239 
3	0.0: 605 881 1099 248 
3	0.0: 509 890 899 525 
3	0.0: 515 892 960 315 
3	0.0: 548 888 1026 462 
3	0.0: 461 887 1047 310 
3	0.0: 875 920 655 506 
3	0.0: 834 872 897 276 
3	0.0: 527 891 1050 639 
3	0.0: 605 824 941 451 
3	0.0: 461 878 1178 422 
3	0.0: 564 861 701 234 
3	0.0: 383 845 968 305 
3	0.0: 808 854 1217 430 
3	0.0: 615 901 998 323 
3	0.0: 727 869 919 478 
3	0.0: 591 872 853 548 
3	0.0: 390 896 958 320 
3	0.0: 687 910 1097 228 
3	0.0: 581 953 906 329 
3	0.0: 690 932 697 277 
3	0.0: 683 900 1022 513 
3	0.0: 689 868 1056 340 
3	0.0: 614 909 975 212 
3	0.0: 661 893 1029 458 
3	0.0: 400 925 1204 796 
3	0.0: 737 901 684 252 
3	0.0: 741 852 1141 365 
3	0.0: 503 876 1037 484 
3	0.0: 912 862 853 370 
3	0.0: 645 880 789 581 
3	0.0: 738 850 942 521 
3	0.0: 443 883 1219 572 
3	0.0: 937 871 872 311 
3	0.0: 796 877 990 620 
3	0.0: 659 912 1034 206 
3	0.0: 820 961 1019 225 
3	0.0: 777 870 1009 541 
3	0.0: 500 884 981 408 
4	0.0: 475 864 714 717 
3	0.0: 420 858 970 491 
3	0.0: 967 833 957 693 
3	0.0: 725 866 1039 183 
3	0.0: 481 869 1015 417 
3	0.0: 339 852 1173 590 
3	0.0: 566 881 1053 556 
3	0.0: 324 887 1066 36 
3	0.0: 474 893 1103 559 
3	0.0: 734 874 1066 347 
3	0.0: 623 853 855 671 
3	0.0: 834 915 1015 614 
1	0.0: 212 865 877 472 
3	0.0: 644 876 957 399 
3	0.0: 896 866 1161 343 
3	0.0: 293 875 1215 372 
3	0.0: 905 864 996 636 
3	0.0: 295 867 1141 420 
3	0.0: 642 876 1021 374 
3	0.0: 562 902 952 387 
3	0.0: 840 894 1036 466 
3	0.0: 530 909 989 641 
3	0.0: 889 931 1062 142 
3	0.0: 460 920 1033 218 
3	0.0: 429 932 1065 609 
3	0.0: 626 888 1066 595 
3	0.0: 721 835 1145 349 
4	0.0: 422 911 756 788 
3	0.0: 1181 880 1087 317 
3	0.0: 916 838 1064 158 
3	0.0: 673 874 1214 339 
3	0.0: 661 952 839 464 
3	0.0: 736 883 830 515 
3	0.0: 267 919 1011 746 
3	0.0: 576 877 916 374 
3	0.0: 591 834 1112 376 
3	0.0: 661 867 960 308 
3	0.0: 428 883 994 294 
3	0.0: 777 893 1005 559 
3	0.0: 431 828 824 621 
3	0.0: 672 918 922 526 
3	0.0: 317 901 985 307 
3	0.0: 467 874 1199 520 
3	0.0: 549 905 982 453 
3	0.0: 559 850 951 290 
3	0.0: 486 889 857 192 
3	0.0: 559 871 1003 414 
3	0.0: 754 847 955 595 
3	0.0: 1086 851 1096 271 
3	0.0: 646 910 1083 507 
3	0.0: 790 837 940 172 
3	0.0: 646 935 1087 381 
3	0.0: 566 843 1163 120 
3	0.0: 710 873 1214 292 
3	0.0: 641 879 939 433 
3	0.0: 536 869 861 266 
3	0.0: 922 911 1133 267 
3	0.0: 514 862 865 76 
3	0.0: 554 898 985 471 
3	0.0: 640 892 884 377 
3	0.0: 836 896 1006 297 
3	0.0: 982 908 942 269 
3	0.0: 551 895 972 291 
3	0.0: 735 928 978 458 
3	0.0: 766 939 851 269 
3	0.0: 912 901 972 507 
3	0.0: 872 895 921 543 
3	0.0: 744 823 1194 298 
3	0.0: 384 875 1243 254 
3	0.0: 653 904 1201 556 
3	0.0: 610 952 984 850 
3	0.0: 581 914 660 668 
3	0.0: 609 816 1067 395 
3	0.0: 891 883 1031 471 
3	0.0: 743 914 696 348 
3	0.0: 501 901 924 803 
3	0.0: 883 899 1276 249 
3	0.0: 663 854 1027 559 
3	0.0: 644 901 742 508 
3	0.0: 715 896 977 654 
3	0.0: 670 898 1022 513 
3	0.0: 526 898 1051 286 
3	0.0: 901 864 997 481 
3	0.0: 466 892 1069 76 
3	0.0: 381 831 866 554 
3	0.0: 531 962 1092 776 
3	0.0: 916 841 1025 522 
3	0.0: 447 909 898 326 
3	0.0: 783 893 1081 654 
3	0.0: 863 868 1096 367 
1	0.0: 349 864 651 197 
3	0.0: 589 864 985 401 
3	0.0: 530 895 885 568 
3	0.0: 671 849 1108 480 
3	0.0: 687 890 867 543 
3	0.0: 551 885 844 608 
3	0.0: 693 911 1015 369 
3	0.0: 589 872 1026 287 
3	0.0: 485 939 1082 451 
3	0.0: 619 912 780 631 
3	0.0: 804 939 1025 374 
3	0.0: 900 865 1006 658 
3	0.0: 694 904 884 522 
3	0.0: 623 903 953 380 
3	0.0: 668 915 1038 285 
1	0.0: 215 935 713 432 
3	0.0: 692 868 718 134 
3	0.0: 691 836 859 535 
3	0.0: 838 894 931 330 
3	0.0: 989 908 756 418 
3	0.0: 530 906 1052 108 
3	0.0: 670 860 904 370 
3	0.0: 685 847 1207 595 
4	0.0: 273 860 888 727 
3	0.0: 606 876 1018 501 
3	0.0: 538 883 877 258 
3	0.0: 583 912 1076 171 
3	0.0: 636 881 1242 434 
3	0.0: 596 885 913 63 
3	0.0: 573 918 1051 319 
3	0.0: 654 893 1086 545 
3	0.0: 605 927 905 444 
3	0.0: 562 881 1075 416 
3	0.0: 1006 850 879 329 
3	0.0: 925 904 908 23 
3	0.0: 806 879 809 424 
3	0.0: 562 903 641 474 
3	0.0: 668 843 1361 485 
3	0.0: 530 878 980 517 
3	0.0: 452 883 806 366 
3	0.0: 490 906 1109 528 
3	0.0: 613 890 844 615 
3	0.0: 340 889 861 468 
3	0.0: 813 867 879 486 
3	0.0: 591 879 1115 274 
3	0.0: 397 899 1056 572 
3	0.0: 710 898 900 887 
3	0.0: 566 921 1232 529 
3	0.0: 315 882 925 308 
3	0.0: 568 846 1096 784 
3	0.0: 388 908 1093 414 
3	0.0: 915 930 793 255 
3	0.0: 737 871 852 312 
3	0.0: 474 925 1008 778 
3	0.0: 463 841 1356 319 
3	0.0: 700 895 1121 360 
3	0.0: 359 860 984 442 
3	0.0: 773 869 923 306 
3	0.0: 1005 867 802 411 
3	0.0: 986 917 1057 599 
3	0.0: 755 868 857 751 
3	0.0: 750 902 1055 195 
3	0.0: 356 868 922 463 
3	0.0: 432 855 1048 195 
3	0.0: 714 903 1123 520 
3	0.0: 838 858 1101 250 
3	0.0: 550 876 1001 668 
3	0.0: 592 862 807 606 
3	0.0: 544 881 1140 674 
3	0.0: 1099 869 1176 291 
3	0.0: 862 865 1174 680 
3	0.0: 796 886 879 239 
3	0.0: 824 894 991 124 
2	0.0: 942 819 653 353 
3	0.0: 979 888 738 186 
3	0.0: 620 852 989 288 
3	0.0: 817 867 950 315 
3	0.0: 777 889 635 401 
3	0.0: 531 914 1175 446 
3	0.0: 538 941 829 510 
3	0.0: 957 887 1033 39 
3	0.0: 603 911 1104 355 
3	0.0: 815 896 958 440 
3	0.0: 710 877 983 300 
3	0.0: 441 830 967 616 
3	0.0: 539 845 944 339 
3	0.0: 364 875 880 364 
3	0.0: 503 927 778 263 
1	0.0: 285 853 817 412 
3	0.0: 763 923 1043 476 
3	0.0: 859 889 821 215 
3	0.0: 549 893 1035 294 
3	0.0: 775 868 976 667 
3	0.0: 784 935 1225 443 
3	0.0: 594 884 1083 395 
3	0.0: 874 914 650 293 
3	0.0: 703 859 1039 532 
3	0.0: 739 898 854 562 
3	0.0: 744 945 1020 464 
3	0.0: 384 945 1104 283 
1	0.0: 315 868 818 203 
3	0.0: 609 871 996 268 
3	0.0: 758 953 1121 264 
3	0.0: 718 912 692 197 
3	0.0: 611 893 1006 487 
3	0.0: 314 900 1178 301 
3	0.0: 611 885 810 604 
3	0.0: 730 898 1083 268 
3	0.0: 486 850 1006 717 
3	0.0: 453 919 943 294 
3	0.0: 735 894 846 280 
3	0.0: 674 914 953 325 
3	0.0: 464 855 761 307 
3	0.0: 704 861 867 278 
3	0.0: 531 896 1030 230 
3	0.0: 566 899 1021 339 
3	0.0: 586 875 975 533 
3	0.0: 515 889 794 451 
3	0.0: 801 889 869 516 
3	0.0: 406 847 788 450 
3	0.0: 850 906 976 261 
