4	0.0: 443 526 581 383 
4	0.0: 337 524 549 262 
4	0.0: 517 447 623 514 
4	0.0: 541 522 533 435 
4	0.0: 558 509 531 653 
4	0.0: 223 589 589 663 
4	0.0: 381 447 450 662 
4	0.0: 429 485 537 555 
0	0.0: 619 555 435 263 
0	0.0: 574 309 555 406 
4	0.0: 283 465 361 710 
0	0.0: 612 476 343 458 
4	0.0: 594 576 453 693 
4	0.0: 509 560 508 245 
0	0.0: 559 472 342 420 
4	0.0: 396 397 520 470 
4	0.0: 380 468 319 467 
0	0.0: 576 528 191 559 
0	0.0: 374 304 394 355 
4	0.0: 264 492 486 595 
4	0.0: 351 584 595 539 
5	0.0: 831 407 550 287 
4	0.0: 495 494 404 530 
5	0.0: 873 430 591 316 
4	0.0: 613 637 570 629 
4	0.0: 529 437 550 433 
4	0.0: 602 570 552 413 
4	0.0: 585 612 288 622 
4	0.0: 289 469 465 720 
6	0.0: 858 502 294 654 
0	0.0: 760 387 428 521 
4	0.0: 409 587 655 590 
4	0.0: 356 551 439 411 
4	0.0: 376 476 413 302 
4	0.0: 540 465 803 133 
4	0.0: 155 496 459 685 
6	0.0: 838 634 263 896 
0	0.0: 795 369 332 383 
0	0.0: 423 508 218 525 
4	0.0: 608 476 554 434 
0	0.0: 526 512 400 206 
4	0.0: 405 447 607 658 
0	0.0: 443 327 248 576 
4	0.0: 471 529 427 409 
4	0.0: 411 564 503 781 
4	0.0: 369 512 464 871 
4	0.0: 323 615 507 534 
4	0.0: 407 603 581 554 
4	0.0: 688 542 427 540 
4	0.0: 371 552 416 409 
0	0.0: 464 520 307 456 
4	0.0: 462 539 474 542 
4	0.0: 548 435 473 419 
4	0.0: 394 616 583 448 
5	0.0: 989 433 476 393 
4	0.0: 710 459 694 438 
4	0.0: 460 580 551 389 
4	0.0: 391 460 549 551 
4	0.0: 563 609 436 706 
2	0.0: 846 470 317 585 
0	0.0: 709 530 486 415 
4	0.0: 572 458 517 400 
0	0.0: 340 374 290 525 
4	0.0: 411 552 656 628 
4	0.0: 332 517 528 490 
4	0.0: 491 611 432 509 
6	0.0: 834 393 537 1013 
0	0.0: 678 341 516 68 
4	0.0: 551 309 536 672 
0	0.0: 778 489 319 618 
4	0.0: 559 502 509 487 
6	0.0: 670 582 493 815 
4	0.0: 165 451 454 612 
4	0.0: 673 519 582 693 
4	0.0: 748 604 569 311 
0	0.0: 727 375 338 667 
4	0.0: 485 567 309 481 
4	0.0: 471 502 537 495 
0	0.0: 753 466 424 601 
4	0.0: 590 383 574 486 
4	0.0: 415 569 533 336 
4	0.0: 411 501 443 337 
0	0.0: 791 427 380 392 
2	0.0: 848 548 563 515 
6	0.0: 820 663 555 700 
0	0.0: 357 430 262 453 
4	0.0: 657 656 500 585 
4	0.0: 600 679 540 595 
4	0.0: 603 594 475 610 
0	0.0: 658 462 323 531 
4	0.0: 403 561 469 363 
4	0.0: 615 582 569 457 
1	0.0: 161 680 605 195 
4	0.0: 521 375 424 571 
4	0.0: 566 559 529 692 
4	0.0: 376 448 422 505 
0	0.0: 649 459 470 365 
0	0.0: 631 456 490 424 
0	0.0: 741 376 454 553 
4	0.0: 535 491 396 528 
4	0.0: 313 539 597 345 
5	0.0: 1024 412 271 303 
0	0.0: 689 575 479 235 
4	0.0: 491 504 338 645 
4	0.0: 394 676 605 396 
0	0.0: 639 434 513 389 
0	0.0: 765 400 425 503 
4	0.0: 524 571 626 419 
4	0.0: 446 573 256 648 
4	0.0: 534 519 469 392 
0	0.0: 643 307 415 376 
4	0.0: 384 601 470 406 
4	0.0: 594 610 581 556 
4	0.0: 476 580 370 620 
4	0.0: 237 564 765 533 
4	0.0: 345 543 513 739 
4	0.0: 284 337 433 291 
4	0.0: 554 427 459 492 
5	0.0: 919 388 378 495 
5	0.0: 807 475 589 182 
4	0.0: 476 619 711 526 
4	0.0: 217 474 494 762 
4	0.0: 287 534 278 460 
0	0.0: 784 453 304 613 
4	0.0: 424 596 656 496 
0	0.0: 365 407 337 420 
5	0.0: 995 441 403 91 
4	0.0: 386 427 450 388 
4	0.0: 533 575 580 459 
0	0.0: 777 464 478 460 
0	0.0: 696 525 391 445 
0	0.0: 609 414 340 510 
4	0.0: 637 444 486 592 
1	0.0: 303 640 384 391 
4	0.0: 617 455 416 593 
4	0.0: 665 501 647 317 
4	0.0: 707 508 585 648 
4	0.0: 510 336 593 390 
4	0.0: 682 510 546 461 
4	0.0: 244 576 584 555 
4	0.0: 592 544 326 681 
4	0.0: 405 448 483 632 
2	0.0: 867 573 376 403 
4	0.0: 521 509 446 513 
4	0.0: 581 386 567 606 
5	0.0: 781 550 609 234 
4	0.0: 436 558 466 504 
4	0.0: 504 416 548 469 
4	0.0: 385 492 407 564 
4	0.0: 452 331 583 420 
0	0.0: 593 377 492 464 
4	0.0: 447 354 584 419 
4	0.0: 352 341 445 354 
4	0.0: 647 584 655 215 
4	0.0: 513 465 658 323 
4	0.0: 593 446 552 643 
4	0.0: 401 570 483 713 
0	0.0: 596 422 365 324 
4	0.0: 536 650 459 555 
4	0.0: 386 527 420 622 
4	0.0: 365 525 415 489 
4	0.0: 543 544 350 676 
4	0.0: 343 582 141 639 
5	0.0: 918 543 573 306 
6	0.0: 843 628 550 813 
4	0.0: 626 562 525 488 
4	0.0: 569 558 553 399 
0	0.0: 533 496 257 186 
4	0.0: 608 476 320 687 
1	0.0: 223 673 558 441 
4	0.0: 476 584 549 579 
1	0.0: 186 681 347 374 
4	0.0: 736 426 545 598 
4	0.0: 564 594 477 347 
4	0.0: 699 599 621 379 
0	0.0: 710 416 433 603 
4	0.0: 524 578 572 387 
4	0.0: 656 518 474 434 
4	0.0: 104 592 411 574 
0	0.0: 772 420 336 401 
4	0.0: 406 638 761 431 
0	0.0: 701 498 409 502 
4	0.0: 303 585 442 493 
4	0.0: 298 571 492 440 
4	0.0: 601 401 439 763 
5	0.0: 938 549 555 314 
4	0.0: 408 480 674 705 
0	0.0: 616 565 269 579 
4	0.0: 505 518 438 474 
4	0.0: 316 402 615 318 
4	0.0: 423 398 480 366 
4	0.0: 540 478 376 676 
4	0.0: 549 430 643 302 
4	0.0: 458 340 273 783 
4	0.0: 587 555 336 531 
4	0.0: 624 515 479 543 
6	0.0: 958 454 553 615 
2	0.0: 808 591 546 302 
4	0.0: 435 431 797 684 
4	0.0: 520 589 466 500 
1	0.0: 163 512 441 261 
4	0.0: 424 354 614 619 
4	0.0: 513 248 416 732 
0	0.0: 669 498 483 429 
0	0.0: 735 396 455 428 
4	0.0: 562 508 479 581 
4	0.0: 379 498 586 492 
4	0.0: 595 493 703 672 
4	0.0: 698 491 540 516 
4	0.0: 69 355 665 585 
4	0.0: 328 634 565 374 
0	0.0: 615 327 415 478 
4	0.0: 345 496 670 462 
0	0.0: 648 415 347 631 
4	0.0: 563 451 601 342 
4	0.0: 514 495 483 736 
4	0.0: 315 527 432 744 
0	0.0: 570 473 327 416 
0	0.0: 801 404 244 211 
4	0.0: 607 556 498 588 
4	0.0: 401 635 512 434 
4	0.0: 470 509 576 685 
5	0.0: 968 518 462 335 
0	0.0: 722 396 376 561 
0	0.0: 550 440 486 342 
4	0.0: 394 623 480 770 
4	0.0: 603 627 418 453 
4	0.0: 518 413 670 488 
4	0.0: 718 580 535 564 
0	0.0: 390 500 312 118 
6	0.0: 851 541 505 770 
0	0.0: 675 479 477 276 
4	0.0: 437 523 510 362 
4	0.0: 380 453 545 417 
0	0.0: 535 606 220 551 
0	0.0: 688 412 280 603 
4	0.0: 348 497 526 424 
4	0.0: 779 659 597 541 
0	0.0: 595 432 383 519 
0	0.0: 711 427 477 234 
4	0.0: 273 569 524 390 
4	0.0: 710 540 480 530 
4	0.0: 414 590 472 672 
0	0.0: 668 525 474 322 
0	0.0: 503 414 263 435 
4	0.0: 565 346 639 477 
4	0.0: 433 479 517 607 
0	0.0: 426 381 400 363 
4	0.0: 531 392 619 218 
4	0.0: 330 416 496 581 
