4	0.0: 102 470 814 464 
4	0.0: 91 502 704 502 
4	0.0: 248 563 815 445 
4	0.0: 280 491 816 493 
4	0.0: 1 612 731 558 
4	0.0: 575 445 759 506 
1	0.0: 187 843 785 519 
1	0.0: 99 678 775 475 
4	0.0: 1 370 771 508 
4	0.0: 302 575 708 423 
4	0.0: 364 649 798 496 
4	0.0: 445 524 730 452 
4	0.0: 219 601 719 468 
4	0.0: 294 549 770 425 
4	0.0: 282 518 763 553 
4	0.0: 331 473 761 566 
4	0.0: 76 430 745 432 
4	0.0: 401 364 776 515 
4	0.0: 304 269 722 505 
4	0.0: 280 457 721 544 
4	0.0: 377 606 752 470 
1	0.0: 259 794 695 484 
4	0.0: 428 708 783 414 
1	0.0: 210 774 778 468 
4	0.0: 1 511 697 482 
4	0.0: 206 375 775 553 
1	0.0: 16 683 762 487 
4	0.0: 471 436 771 492 
4	0.0: 1 594 737 495 
4	0.0: 374 462 771 459 
4	0.0: 183 461 747 538 
1	0.0: 100 679 733 485 
4	0.0: 295 753 710 543 
4	0.0: 165 585 742 553 
1	0.0: 319 797 745 480 
1	0.0: 215 772 725 543 
1	0.0: 159 826 746 514 
4	0.0: 314 450 702 495 
4	0.0: 155 382 737 392 
4	0.0: 144 431 796 458 
4	0.0: 210 570 749 468 
4	0.0: 336 554 761 527 
4	0.0: 389 625 767 471 
4	0.0: 261 639 742 456 
4	0.0: 1 427 709 581 
4	0.0: 418 630 784 436 
4	0.0: 421 760 721 493 
4	0.0: 456 530 749 536 
4	0.0: 61 185 748 513 
4	0.0: 399 743 756 652 
4	0.0: 468 741 734 605 
4	0.0: 226 571 744 447 
4	0.0: 400 464 759 560 
4	0.0: 213 401 705 420 
4	0.0: 467 447 714 527 
4	0.0: 256 553 709 494 
4	0.0: 122 549 764 523 
4	0.0: 217 556 784 503 
4	0.0: 122 408 742 477 
4	0.0: 229 623 748 499 
1	0.0: 14 613 793 387 
4	0.0: 379 634 725 473 
4	0.0: 383 501 692 525 
4	0.0: 254 530 754 501 
4	0.0: 167 569 759 438 
4	0.0: 349 397 687 491 
4	0.0: 369 573 686 576 
4	0.0: 301 456 757 472 
4	0.0: 348 480 736 474 
4	0.0: 537 384 731 417 
1	0.0: 169 731 814 473 
4	0.0: 243 435 777 576 
4	0.0: 115 628 702 542 
4	0.0: 149 446 797 601 
4	0.0: 163 563 727 480 
1	0.0: 126 713 722 439 
4	0.0: 20 466 707 527 
4	0.0: 203 519 788 482 
4	0.0: 145 354 768 439 
4	0.0: 351 581 789 450 
4	0.0: 518 573 741 487 
4	0.0: 420 603 793 446 
4	0.0: 111 555 775 505 
4	0.0: 518 742 719 456 
4	0.0: 100 408 690 502 
4	0.0: 425 548 708 402 
4	0.0: 246 352 705 555 
4	0.0: 404 568 728 602 
4	0.0: 276 644 710 516 
4	0.0: 224 511 751 549 
4	0.0: 66 466 799 471 
1	0.0: 17 598 767 446 
4	0.0: 1 389 784 484 
4	0.0: 286 357 735 464 
4	0.0: 329 711 826 486 
4	0.0: 254 534 724 505 
4	0.0: 233 472 747 522 
4	0.0: 273 513 804 489 
4	0.0: 53 515 675 515 
4	0.0: 257 504 734 547 
4	0.0: 591 466 704 365 
4	0.0: 109 610 767 469 
4	0.0: 313 464 714 444 
4	0.0: 383 561 730 438 
4	0.0: 187 500 724 483 
4	0.0: 177 574 704 445 
4	0.0: 290 595 743 518 
1	0.0: 188 813 782 484 
4	0.0: 234 398 764 561 
4	0.0: 207 372 770 576 
4	0.0: 136 456 715 540 
4	0.0: 337 473 730 581 
4	0.0: 686 404 740 495 
4	0.0: 421 627 789 494 
4	0.0: 107 653 741 540 
4	0.0: 345 636 805 488 
4	0.0: 287 478 740 533 
4	0.0: 128 553 816 465 
4	0.0: 441 584 728 505 
4	0.0: 366 449 678 465 
4	0.0: 65 483 785 490 
4	0.0: 300 352 842 540 
1	0.0: 257 963 768 563 
4	0.0: 492 34 680 552 
4	0.0: 289 679 761 453 
4	0.0: 481 456 755 454 
4	0.0: 215 453 697 464 
4	0.0: 187 720 752 506 
4	0.0: 293 702 761 423 
4	0.0: 525 772 672 482 
4	0.0: 182 556 729 546 
4	0.0: 452 404 767 495 
4	0.0: 486 449 751 520 
3	0.0: 481 847 748 482 
1	0.0: 52 729 786 538 
4	0.0: 332 666 764 541 
4	0.0: 224 585 731 561 
4	0.0: 352 498 717 493 
4	0.0: 207 363 770 530 
1	0.0: 1 579 726 446 
4	0.0: 107 399 787 448 
4	0.0: 218 478 751 407 
4	0.0: 380 594 723 420 
4	0.0: 214 585 729 598 
4	0.0: 211 569 764 460 
4	0.0: 144 489 751 455 
4	0.0: 116 636 745 604 
4	0.0: 133 626 783 466 
4	0.0: 273 438 770 603 
4	0.0: 307 415 730 513 
4	0.0: 608 603 756 443 
4	0.0: 454 520 758 536 
4	0.0: 453 631 750 582 
4	0.0: 232 597 792 477 
3	0.0: 582 682 783 377 
4	0.0: 417 549 656 500 
4	0.0: 467 710 714 478 
4	0.0: 572 531 683 407 
4	0.0: 403 330 762 513 
4	0.0: 1 410 763 619 
4	0.0: 1 213 773 501 
4	0.0: 337 654 752 537 
4	0.0: 223 238 752 580 
4	0.0: 301 606 751 634 
4	0.0: 269 516 795 591 
4	0.0: 313 608 739 534 
4	0.0: 1 617 798 488 
4	0.0: 310 339 706 533 
4	0.0: 419 495 720 550 
1	0.0: 161 697 669 450 
4	0.0: 354 563 742 530 
4	0.0: 453 544 827 476 
4	0.0: 265 683 688 475 
4	0.0: 430 744 723 492 
1	0.0: 30 683 725 454 
4	0.0: 145 523 823 567 
4	0.0: 275 464 802 430 
4	0.0: 272 521 728 445 
4	0.0: 91 539 725 425 
4	0.0: 286 378 764 444 
4	0.0: 166 638 787 545 
4	0.0: 527 714 750 543 
1	0.0: 1 621 756 494 
4	0.0: 30 604 766 539 
1	0.0: 63 727 770 590 
1	0.0: 359 811 750 470 
4	0.0: 1 491 709 523 
4	0.0: 506 644 682 496 
4	0.0: 271 468 745 586 
1	0.0: 45 765 702 532 
4	0.0: 267 634 746 607 
4	0.0: 282 491 801 532 
1	0.0: 274 983 768 482 
4	0.0: 388 575 752 357 
4	0.0: 187 584 774 462 
4	0.0: 148 669 747 501 
4	0.0: 80 614 755 495 
4	0.0: 16 601 765 513 
4	0.0: 514 258 726 456 
4	0.0: 311 593 758 578 
4	0.0: 188 534 771 633 
4	0.0: 207 442 764 511 
4	0.0: 222 381 706 559 
4	0.0: 307 754 756 504 
4	0.0: 227 508 823 521 
4	0.0: 342 638 730 462 
1	0.0: 259 751 713 463 
4	0.0: 547 680 756 611 
4	0.0: 345 728 771 515 
4	0.0: 346 557 729 503 
4	0.0: 12 505 702 448 
4	0.0: 290 462 794 486 
4	0.0: 269 328 811 519 
4	0.0: 227 636 717 500 
1	0.0: 54 664 772 497 
4	0.0: 450 375 751 513 
4	0.0: 400 780 719 459 
4	0.0: 397 501 766 509 
4	0.0: 210 404 732 517 
4	0.0: 201 675 714 502 
4	0.0: 333 630 722 508 
1	0.0: 346 840 749 398 
4	0.0: 424 361 707 465 
4	0.0: 132 392 754 441 
4	0.0: 187 266 727 547 
4	0.0: 220 477 705 384 
1	0.0: 125 720 767 499 
4	0.0: 157 442 741 597 
4	0.0: 90 570 659 530 
4	0.0: 208 456 838 450 
4	0.0: 333 689 727 541 
4	0.0: 1 498 804 524 
4	0.0: 254 696 754 485 
4	0.0: 405 733 704 490 
4	0.0: 478 673 726 603 
1	0.0: 264 790 762 496 
4	0.0: 113 435 733 581 
4	0.0: 185 436 737 451 
4	0.0: 35 629 778 526 
4	0.0: 287 310 745 454 
4	0.0: 429 470 708 514 
4	0.0: 362 589 735 514 
4	0.0: 1 431 733 512 
4	0.0: 313 504 677 552 
4	0.0: 200 279 739 558 
4	0.0: 305 792 684 552 
4	0.0: 132 606 788 489 
4	0.0: 168 412 725 482 
4	0.0: 226 686 788 493 
4	0.0: 360 273 747 482 
