2	0.0: 1161 835 84 660 
7	0.0: 1111 993 86 757 
7	0.0: 811 1025 87 597 
2	0.0: 828 974 85 508 
7	0.0: 992 1087 85 621 
7	0.0: 973 1016 85 707 
7	0.0: 996 1001 85 676 
2	0.0: 1011 1005 84 392 
7	0.0: 578 816 87 730 
2	0.0: 994 981 85 260 
7	0.0: 1001 1002 88 654 
7	0.0: 917 916 86 816 
7	0.0: 1166 1006 86 684 
7	0.0: 812 856 85 733 
7	0.0: 722 1148 84 602 
7	0.0: 689 935 84 739 
7	0.0: 1061 884 83 749 
2	0.0: 1116 840 88 353 
7	0.0: 786 1008 85 609 
7	0.0: 1441 861 84 852 
7	0.0: 965 893 86 912 
2	0.0: 1162 980 85 639 
7	0.0: 897 930 86 879 
7	0.0: 863 871 86 803 
7	0.0: 1146 842 85 819 
7	0.0: 982 860 85 744 
7	0.0: 558 993 86 636 
7	0.0: 1047 958 84 667 
2	0.0: 1008 855 86 449 
7	0.0: 534 982 85 544 
7	0.0: 1007 992 85 787 
7	0.0: 1090 1016 85 835 
7	0.0: 1255 1087 88 757 
7	0.0: 900 1011 85 814 
2	0.0: 721 971 86 377 
7	0.0: 1089 995 86 680 
7	0.0: 902 928 84 620 
7	0.0: 830 1011 86 679 
7	0.0: 844 965 86 863 
7	0.0: 861 937 84 592 
7	0.0: 921 958 84 1030 
7	0.0: 942 1058 84 677 
7	0.0: 956 1052 86 918 
2	0.0: 1520 931 88 440 
7	0.0: 742 954 85 709 
7	0.0: 971 864 86 764 
2	0.0: 915 998 84 529 
7	0.0: 943 890 85 815 
2	0.0: 1090 913 84 555 
2	0.0: 1060 863 86 608 
2	0.0: 815 932 84 341 
7	0.0: 882 898 84 726 
7	0.0: 1097 914 84 858 
2	0.0: 1035 842 84 479 
7	0.0: 899 965 85 768 
2	0.0: 1043 912 85 537 
2	0.0: 954 931 86 531 
7	0.0: 1058 926 84 813 
2	0.0: 995 823 84 564 
7	0.0: 1258 875 84 811 
7	0.0: 982 1040 86 718 
7	0.0: 928 1025 88 833 
7	0.0: 943 898 87 814 
7	0.0: 1071 976 85 751 
7	0.0: 866 1044 86 629 
7	0.0: 913 783 85 770 
7	0.0: 795 899 85 750 
7	0.0: 1122 1038 87 682 
7	0.0: 782 1001 85 695 
7	0.0: 957 900 86 1017 
7	0.0: 917 1129 87 582 
2	0.0: 746 1063 86 307 
7	0.0: 999 871 85 672 
7	0.0: 1094 1037 85 808 
7	0.0: 1219 948 84 792 
7	0.0: 913 1312 84 880 
7	0.0: 729 962 88 692 
7	0.0: 863 1140 85 768 
7	0.0: 841 967 84 796 
2	0.0: 640 949 86 432 
7	0.0: 992 1112 85 817 
7	0.0: 948 1005 85 634 
7	0.0: 939 1012 85 799 
7	0.0: 982 895 85 829 
2	0.0: 1026 926 84 613 
2	0.0: 1064 829 85 645 
7	0.0: 1000 1035 85 712 
7	0.0: 1017 1046 87 869 
2	0.0: 1388 902 85 735 
7	0.0: 599 863 86 809 
7	0.0: 838 1054 86 652 
7	0.0: 899 896 85 739 
7	0.0: 824 1078 88 788 
7	0.0: 863 918 86 644 
7	0.0: 756 1016 85 664 
7	0.0: 594 908 86 740 
2	0.0: 982 811 85 525 
2	0.0: 1083 970 87 511 
2	0.0: 636 885 85 427 
7	0.0: 813 963 85 621 
7	0.0: 1157 929 85 686 
2	0.0: 867 932 84 474 
7	0.0: 1005 1037 86 791 
7	0.0: 731 1052 85 808 
2	0.0: 915 1000 86 541 
7	0.0: 1000 877 85 1050 
7	0.0: 567 1020 85 727 
7	0.0: 874 937 85 745 
2	0.0: 974 959 85 581 
7	0.0: 762 976 85 851 
2	0.0: 1187 729 86 677 
7	0.0: 1063 944 85 928 
7	0.0: 1289 928 86 789 
2	0.0: 877 788 86 500 
7	0.0: 1048 968 86 783 
7	0.0: 875 863 84 889 
7	0.0: 1133 864 85 739 
7	0.0: 912 1021 87 815 
7	0.0: 701 953 85 731 
7	0.0: 1219 1049 84 737 
7	0.0: 1036 926 86 655 
2	0.0: 1040 987 85 600 
7	0.0: 831 978 85 834 
7	0.0: 1015 1061 85 824 
2	0.0: 1020 906 86 561 
7	0.0: 1055 1059 84 778 
7	0.0: 1067 981 85 688 
7	0.0: 947 908 86 775 
7	0.0: 754 948 86 673 
7	0.0: 1098 918 86 783 
7	0.0: 694 902 87 663 
7	0.0: 864 1073 85 527 
7	0.0: 960 939 85 739 
2	0.0: 959 989 85 505 
7	0.0: 1171 846 86 991 
2	0.0: 1011 1081 84 547 
7	0.0: 824 915 86 649 
7	0.0: 752 906 84 878 
2	0.0: 917 892 85 600 
7	0.0: 601 1049 86 648 
7	0.0: 1171 876 86 842 
2	0.0: 1019 1042 86 526 
7	0.0: 858 980 88 736 
7	0.0: 1200 1001 86 701 
7	0.0: 576 896 85 940 
7	0.0: 896 976 86 1056 
7	0.0: 1018 929 86 649 
2	0.0: 1278 957 84 579 
7	0.0: 869 851 87 617 
7	0.0: 679 928 85 903 
7	0.0: 523 945 86 929 
2	0.0: 1117 1050 87 322 
7	0.0: 862 974 86 729 
7	0.0: 949 853 86 768 
2	0.0: 1198 1000 85 530 
2	0.0: 993 831 86 434 
7	0.0: 698 752 85 832 
7	0.0: 942 953 86 641 
2	0.0: 945 821 84 622 
7	0.0: 452 1029 86 790 
2	0.0: 1115 1065 85 585 
7	0.0: 1099 796 84 739 
7	0.0: 745 1049 86 656 
7	0.0: 1184 971 86 692 
7	0.0: 780 860 85 778 
7	0.0: 1009 1104 85 748 
7	0.0: 945 956 87 676 
7	0.0: 891 742 87 748 
7	0.0: 930 1042 84 815 
2	0.0: 832 755 85 601 
7	0.0: 1046 1008 85 812 
7	0.0: 989 1069 85 801 
7	0.0: 756 935 85 818 
7	0.0: 967 1033 85 680 
7	0.0: 827 1045 87 774 
7	0.0: 752 1039 84 576 
7	0.0: 757 966 87 789 
2	0.0: 998 922 85 482 
7	0.0: 970 864 84 771 
7	0.0: 1363 952 86 801 
7	0.0: 691 1019 86 1056 
7	0.0: 897 965 85 632 
2	0.0: 1604 1095 86 585 
7	0.0: 702 1031 86 679 
7	0.0: 1054 1037 85 704 
7	0.0: 951 933 86 881 
2	0.0: 883 1160 85 316 
7	0.0: 903 956 86 764 
7	0.0: 1016 930 86 904 
2	0.0: 843 1061 84 365 
7	0.0: 659 1041 86 599 
7	0.0: 874 910 84 722 
7	0.0: 908 1161 85 824 
2	0.0: 1034 957 87 609 
2	0.0: 1115 992 83 592 
2	0.0: 1068 993 86 421 
7	0.0: 732 997 86 623 
7	0.0: 762 758 85 904 
7	0.0: 864 1024 85 605 
7	0.0: 1127 1054 86 639 
7	0.0: 701 924 86 568 
7	0.0: 835 1099 86 530 
7	0.0: 865 991 86 666 
7	0.0: 841 995 85 778 
2	0.0: 1074 821 86 615 
2	0.0: 811 917 87 300 
7	0.0: 733 870 85 1022 
2	0.0: 1144 991 85 409 
7	0.0: 769 993 86 832 
2	0.0: 1473 874 85 619 
2	0.0: 1124 948 84 399 
7	0.0: 1113 1061 86 661 
2	0.0: 999 906 85 374 
7	0.0: 614 999 87 1039 
7	0.0: 635 779 86 875 
7	0.0: 878 965 86 875 
7	0.0: 655 1017 85 891 
7	0.0: 966 871 86 759 
7	0.0: 1018 968 85 735 
7	0.0: 823 994 86 724 
7	0.0: 1007 984 86 639 
7	0.0: 861 910 86 615 
7	0.0: 979 981 88 830 
2	0.0: 1108 950 84 620 
2	0.0: 919 842 85 593 
2	0.0: 885 870 86 607 
7	0.0: 599 1082 86 783 
7	0.0: 907 825 85 665 
7	0.0: 806 820 84 715 
2	0.0: 874 1030 86 404 
7	0.0: 856 1093 86 837 
2	0.0: 1183 848 85 417 
2	0.0: 902 948 86 455 
7	0.0: 1124 775 84 765 
7	0.0: 872 1040 86 596 
7	0.0: 1301 991 85 839 
7	0.0: 652 1099 85 1001 
2	0.0: 956 823 85 552 
2	0.0: 1013 825 83 667 
7	0.0: 944 1033 86 663 
7	0.0: 721 879 85 1065 
7	0.0: 689 856 86 682 
7	0.0: 276 900 85 862 
7	0.0: 1109 1011 86 677 
7	0.0: 1099 966 86 669 
7	0.0: 824 846 85 758 
7	0.0: 833 895 86 714 
2	0.0: 1072 937 86 426 
7	0.0: 903 955 84 619 
7	0.0: 1024 1026 85 994 
