6	0.0: 806 267 450 935 
6	0.0: 859 314 445 980 
6	0.0: 614 354 445 1114 
6	0.0: 1250 388 457 977 
6	0.0: 1150 352 446 821 
6	0.0: 848 372 453 855 
6	0.0: 1148 385 449 1148 
6	0.0: 738 329 441 845 
6	0.0: 955 335 442 937 
6	0.0: 1143 365 440 962 
6	0.0: 936 370 448 846 
6	0.0: 756 343 455 949 
6	0.0: 1235 319 449 747 
6	0.0: 973 281 436 1155 
6	0.0: 810 361 449 966 
6	0.0: 1222 365 442 740 
6	0.0: 1180 319 443 1010 
6	0.0: 1142 355 450 1080 
6	0.0: 893 292 448 977 
6	0.0: 1089 366 448 864 
6	0.0: 1070 324 452 1129 
6	0.0: 1064 353 444 911 
6	0.0: 1074 332 461 925 
6	0.0: 844 317 456 875 
6	0.0: 1278 398 439 943 
6	0.0: 1042 359 441 1163 
6	0.0: 861 296 453 875 
6	0.0: 872 384 441 982 
6	0.0: 705 305 450 745 
6	0.0: 947 372 450 987 
6	0.0: 973 354 453 1084 
6	0.0: 869 390 444 1110 
6	0.0: 681 322 436 942 
6	0.0: 1149 388 452 928 
6	0.0: 848 377 450 896 
6	0.0: 1093 331 438 903 
6	0.0: 1033 333 455 916 
6	0.0: 1125 392 441 884 
6	0.0: 978 363 448 987 
6	0.0: 802 286 454 951 
6	0.0: 1184 393 452 949 
6	0.0: 745 320 454 1014 
6	0.0: 779 395 446 1122 
6	0.0: 853 388 449 1000 
6	0.0: 965 356 442 889 
6	0.0: 1254 275 447 1032 
6	0.0: 1074 283 449 1066 
6	0.0: 835 389 435 942 
6	0.0: 875 348 449 818 
6	0.0: 747 334 447 937 
6	0.0: 1476 332 454 1046 
6	0.0: 891 330 454 769 
6	0.0: 924 379 440 765 
6	0.0: 1079 378 440 1056 
6	0.0: 911 355 444 921 
6	0.0: 960 384 456 1036 
6	0.0: 1093 360 447 938 
6	0.0: 1100 329 452 880 
6	0.0: 1153 277 452 891 
6	0.0: 653 292 444 1047 
6	0.0: 662 287 448 1116 
6	0.0: 1356 316 443 1007 
6	0.0: 1148 381 440 978 
6	0.0: 946 417 441 1063 
6	0.0: 1025 368 451 739 
6	0.0: 840 377 449 1068 
6	0.0: 917 333 450 947 
6	0.0: 1206 359 448 1006 
6	0.0: 1057 274 450 936 
6	0.0: 1067 292 452 1085 
6	0.0: 855 359 445 982 
6	0.0: 943 409 454 1055 
6	0.0: 1047 393 447 908 
6	0.0: 992 374 442 938 
6	0.0: 859 374 444 1068 
6	0.0: 1241 299 448 1054 
6	0.0: 916 326 449 1021 
6	0.0: 881 352 455 839 
6	0.0: 916 394 452 925 
6	0.0: 808 331 446 1096 
6	0.0: 1094 336 449 1043 
6	0.0: 864 374 450 901 
6	0.0: 1259 401 451 1039 
6	0.0: 1174 352 451 1075 
6	0.0: 950 411 445 965 
6	0.0: 1269 308 453 963 
6	0.0: 1087 307 445 937 
6	0.0: 756 380 456 943 
6	0.0: 887 379 459 1034 
6	0.0: 973 365 454 1216 
6	0.0: 1175 376 445 1026 
6	0.0: 1097 334 454 981 
6	0.0: 728 354 452 991 
6	0.0: 997 315 453 1043 
6	0.0: 798 328 448 1014 
6	0.0: 868 347 452 975 
6	0.0: 733 284 441 788 
6	0.0: 550 370 448 914 
6	0.0: 992 340 436 899 
6	0.0: 1292 395 445 922 
6	0.0: 907 373 449 787 
6	0.0: 1122 295 440 1004 
6	0.0: 1104 327 453 1126 
6	0.0: 1121 330 453 1054 
6	0.0: 1004 342 448 1070 
6	0.0: 982 268 446 851 
6	0.0: 945 328 451 942 
6	0.0: 1076 367 450 1019 
6	0.0: 731 382 449 1081 
6	0.0: 924 293 453 1089 
6	0.0: 925 304 452 934 
6	0.0: 878 353 442 902 
6	0.0: 748 305 453 954 
6	0.0: 1129 261 449 784 
6	0.0: 918 356 452 941 
6	0.0: 1097 329 449 765 
6	0.0: 984 316 457 824 
6	0.0: 990 280 445 1122 
6	0.0: 1143 274 454 941 
6	0.0: 1139 257 446 1016 
6	0.0: 604 299 445 897 
6	0.0: 890 398 438 1007 
6	0.0: 1044 341 439 857 
6	0.0: 1047 255 446 848 
6	0.0: 938 320 446 932 
6	0.0: 997 341 451 1118 
6	0.0: 1073 302 456 874 
6	0.0: 910 387 447 1047 
6	0.0: 1025 401 454 1053 
6	0.0: 883 296 442 998 
6	0.0: 1104 330 443 1057 
6	0.0: 1350 297 453 904 
6	0.0: 909 334 438 1007 
6	0.0: 1093 315 449 1219 
6	0.0: 776 350 459 709 
6	0.0: 1049 390 450 920 
6	0.0: 953 344 447 988 
6	0.0: 1083 277 449 976 
6	0.0: 723 313 443 970 
6	0.0: 1082 346 439 959 
6	0.0: 1102 324 446 884 
6	0.0: 733 328 446 929 
6	0.0: 616 365 441 1080 
6	0.0: 788 296 443 1023 
6	0.0: 815 362 454 1097 
6	0.0: 637 308 447 970 
6	0.0: 1177 271 451 788 
6	0.0: 1152 371 450 987 
6	0.0: 742 330 456 899 
6	0.0: 1157 289 442 1054 
6	0.0: 598 315 452 905 
6	0.0: 757 323 442 1093 
6	0.0: 1065 424 454 952 
6	0.0: 903 275 442 904 
6	0.0: 901 297 444 970 
6	0.0: 1014 333 440 1023 
6	0.0: 629 342 459 823 
6	0.0: 826 330 445 999 
6	0.0: 881 389 448 962 
6	0.0: 1123 336 457 1137 
6	0.0: 1235 399 454 1120 
6	0.0: 1214 263 453 852 
6	0.0: 1102 279 447 995 
6	0.0: 894 250 454 961 
6	0.0: 857 242 441 1096 
6	0.0: 1007 404 459 904 
6	0.0: 1060 316 448 923 
6	0.0: 754 332 441 1106 
6	0.0: 982 375 459 1155 
6	0.0: 1150 292 453 975 
6	0.0: 1168 351 449 1111 
6	0.0: 1182 332 460 989 
6	0.0: 1151 368 448 831 
6	0.0: 1085 302 450 1022 
6	0.0: 1225 269 445 933 
6	0.0: 967 343 451 929 
6	0.0: 1168 249 455 993 
6	0.0: 848 290 444 865 
6	0.0: 1076 314 454 861 
6	0.0: 753 312 462 1087 
6	0.0: 1046 401 462 1033 
6	0.0: 1055 342 445 979 
6	0.0: 1096 328 450 992 
6	0.0: 1066 387 446 960 
6	0.0: 900 340 450 873 
6	0.0: 837 373 447 986 
6	0.0: 1093 347 449 959 
6	0.0: 1237 314 444 763 
6	0.0: 669 352 462 845 
6	0.0: 973 325 439 1070 
6	0.0: 869 290 448 1073 
6	0.0: 640 349 444 1093 
6	0.0: 789 378 444 969 
6	0.0: 879 342 451 981 
6	0.0: 906 288 448 1068 
6	0.0: 955 356 444 1171 
6	0.0: 1069 404 460 799 
6	0.0: 1081 327 446 1028 
6	0.0: 1223 458 452 899 
6	0.0: 1038 304 446 838 
6	0.0: 936 297 447 1001 
6	0.0: 843 241 456 1067 
6	0.0: 832 365 442 1048 
6	0.0: 786 308 447 1052 
6	0.0: 845 340 438 890 
6	0.0: 943 446 449 1066 
6	0.0: 1006 295 456 912 
6	0.0: 892 334 448 871 
6	0.0: 825 253 443 841 
6	0.0: 814 327 447 902 
6	0.0: 990 347 439 934 
6	0.0: 982 301 441 882 
6	0.0: 889 391 449 1141 
6	0.0: 1130 360 440 981 
6	0.0: 665 392 450 991 
6	0.0: 1249 353 451 943 
6	0.0: 1110 358 449 1016 
6	0.0: 1009 342 442 1054 
6	0.0: 928 353 451 1086 
6	0.0: 574 306 445 1025 
6	0.0: 1175 364 440 960 
6	0.0: 1271 386 452 846 
6	0.0: 1162 325 440 1023 
6	0.0: 776 347 446 1003 
6	0.0: 909 313 443 1064 
6	0.0: 853 331 443 1115 
6	0.0: 836 281 452 926 
6	0.0: 924 332 440 853 
6	0.0: 839 270 456 942 
6	0.0: 1171 268 454 1025 
6	0.0: 994 377 454 886 
6	0.0: 1086 342 447 921 
6	0.0: 1112 263 454 1083 
6	0.0: 1234 420 451 993 
6	0.0: 908 362 453 951 
6	0.0: 1166 332 450 880 
6	0.0: 1039 287 450 1250 
6	0.0: 1265 367 442 1125 
6	0.0: 826 377 448 888 
6	0.0: 1058 369 452 964 
6	0.0: 985 399 426 972 
6	0.0: 971 323 441 772 
6	0.0: 973 274 445 844 
6	0.0: 963 310 444 854 
6	0.0: 1083 444 451 904 
6	0.0: 979 353 456 777 
6	0.0: 812 290 449 1074 
6	0.0: 975 299 449 1034 
6	0.0: 934 390 457 1152 
6	0.0: 1136 299 450 1049 
