2	0.0: 759 824 379 289 
2	0.0: 979 801 558 329 
2	0.0: 824 751 492 333 
2	0.0: 753 831 334 297 
2	0.0: 820 841 522 348 
2	0.0: 697 719 319 316 
2	0.0: 764 856 401 309 
2	0.0: 777 773 505 255 
2	0.0: 909 778 259 326 
2	0.0: 816 763 304 320 
2	0.0: 924 689 501 279 
2	0.0: 816 831 164 325 
2	0.0: 981 820 219 307 
2	0.0: 717 645 87 294 
2	0.0: 792 736 326 296 
3	0.0: 881 763 658 290 
2	0.0: 778 854 226 285 
2	0.0: 898 783 193 276 
2	0.0: 846 750 392 287 
2	0.0: 696 757 482 335 
2	0.0: 793 776 154 308 
2	0.0: 808 733 331 296 
2	0.0: 822 828 310 346 
2	0.0: 683 733 481 348 
2	0.0: 858 722 117 353 
2	0.0: 740 771 300 333 
2	0.0: 729 767 561 378 
2	0.0: 846 677 205 208 
2	0.0: 800 788 196 320 
2	0.0: 975 744 498 281 
2	0.0: 830 830 328 274 
2	0.0: 915 849 368 234 
2	0.0: 939 624 171 282 
2	0.0: 938 669 587 319 
2	0.0: 899 835 134 300 
2	0.0: 921 743 582 293 
2	0.0: 875 792 607 332 
2	0.0: 855 642 86 355 
2	0.0: 813 857 68 333 
2	0.0: 866 689 629 323 
2	0.0: 816 737 234 312 
2	0.0: 919 785 550 289 
2	0.0: 1037 858 493 281 
2	0.0: 710 836 192 260 
3	0.0: 772 758 608 293 
2	0.0: 919 673 568 379 
2	0.0: 834 751 306 301 
2	0.0: 789 800 349 368 
2	0.0: 812 827 58 309 
2	0.0: 668 804 512 265 
2	0.0: 795 814 457 353 
0	0.0: 835 565 466 247 
2	0.0: 851 759 350 299 
3	0.0: 769 771 603 305 
2	0.0: 729 789 329 326 
2	0.0: 636 785 348 278 
2	0.0: 740 787 273 353 
2	0.0: 889 835 306 305 
2	0.0: 788 780 377 271 
3	0.0: 718 772 604 305 
2	0.0: 842 732 448 300 
2	0.0: 763 763 409 271 
3	0.0: 860 863 710 307 
2	0.0: 966 727 93 284 
2	0.0: 771 752 567 288 
2	0.0: 821 687 474 317 
2	0.0: 913 770 328 262 
2	0.0: 761 859 381 317 
2	0.0: 901 805 365 308 
2	0.0: 969 696 466 319 
4	0.0: 645 741 563 321 
2	0.0: 929 828 401 255 
2	0.0: 865 790 214 240 
2	0.0: 857 680 218 258 
2	0.0: 857 674 221 245 
2	0.0: 949 781 299 310 
2	0.0: 861 647 336 304 
2	0.0: 909 621 546 301 
2	0.0: 989 734 447 272 
2	0.0: 797 813 534 316 
2	0.0: 900 810 580 301 
3	0.0: 793 903 615 393 
2	0.0: 873 721 190 298 
2	0.0: 653 814 532 316 
2	0.0: 734 761 27 387 
2	0.0: 820 696 217 346 
2	0.0: 735 734 496 312 
2	0.0: 896 830 546 345 
2	0.0: 865 692 476 355 
4	0.0: 703 672 588 296 
2	0.0: 881 795 79 248 
2	0.0: 906 713 261 288 
2	0.0: 694 785 207 323 
2	0.0: 680 694 122 331 
2	0.0: 751 719 198 290 
2	0.0: 983 919 69 237 
3	0.0: 827 714 630 242 
2	0.0: 777 744 277 297 
2	0.0: 967 767 102 302 
2	0.0: 652 865 120 309 
2	0.0: 799 718 456 275 
2	0.0: 892 735 258 380 
2	0.0: 1029 720 432 353 
3	0.0: 643 709 681 282 
2	0.0: 837 682 206 290 
2	0.0: 912 804 278 383 
2	0.0: 757 720 158 350 
2	0.0: 887 832 80 283 
2	0.0: 961 800 1 327 
2	0.0: 758 685 328 337 
2	0.0: 993 761 520 367 
3	0.0: 756 751 625 324 
2	0.0: 707 614 230 323 
2	0.0: 894 855 304 195 
2	0.0: 827 742 179 301 
2	0.0: 923 871 475 327 
2	0.0: 853 631 204 385 
2	0.0: 954 792 424 295 
3	0.0: 692 713 778 303 
2	0.0: 749 830 286 288 
2	0.0: 823 869 226 327 
2	0.0: 853 662 315 339 
3	0.0: 865 787 660 357 
2	0.0: 807 794 571 298 
2	0.0: 768 747 292 313 
2	0.0: 888 641 306 310 
2	0.0: 825 789 146 283 
2	0.0: 730 753 471 270 
2	0.0: 799 683 270 281 
2	0.0: 813 829 340 302 
2	0.0: 828 839 70 307 
2	0.0: 852 782 243 324 
2	0.0: 927 889 521 286 
2	0.0: 913 847 474 344 
2	0.0: 716 726 184 312 
2	0.0: 932 685 513 388 
2	0.0: 994 811 376 286 
2	0.0: 839 699 357 347 
2	0.0: 766 733 399 349 
2	0.0: 1054 810 426 422 
2	0.0: 747 684 207 240 
2	0.0: 900 675 199 297 
2	0.0: 905 698 335 295 
2	0.0: 887 894 511 293 
2	0.0: 879 782 374 393 
2	0.0: 894 766 321 371 
2	0.0: 809 709 270 320 
2	0.0: 791 749 296 334 
2	0.0: 883 786 248 280 
2	0.0: 811 737 485 314 
2	0.0: 846 714 307 279 
2	0.0: 740 700 495 316 
2	0.0: 744 774 232 313 
2	0.0: 856 712 483 361 
2	0.0: 856 744 242 297 
3	0.0: 640 822 600 314 
2	0.0: 716 828 354 274 
2	0.0: 665 738 393 301 
2	0.0: 770 728 219 244 
2	0.0: 771 726 265 375 
2	0.0: 816 805 374 296 
2	0.0: 741 744 589 280 
2	0.0: 871 855 326 314 
2	0.0: 865 663 391 323 
2	0.0: 722 948 467 328 
2	0.0: 857 662 535 308 
2	0.0: 821 784 412 413 
2	0.0: 899 689 432 275 
2	0.0: 872 644 333 374 
2	0.0: 819 745 401 307 
2	0.0: 825 806 411 235 
2	0.0: 949 828 263 352 
2	0.0: 733 710 1 274 
2	0.0: 918 768 352 294 
2	0.0: 957 771 335 300 
2	0.0: 833 674 486 295 
2	0.0: 916 813 425 331 
2	0.0: 760 753 237 221 
2	0.0: 798 697 119 267 
2	0.0: 850 706 320 285 
2	0.0: 749 683 153 243 
2	0.0: 905 771 54 298 
2	0.0: 945 644 120 308 
2	0.0: 911 783 181 249 
2	0.0: 900 784 568 351 
2	0.0: 823 686 265 241 
2	0.0: 920 823 195 331 
2	0.0: 893 837 312 331 
2	0.0: 862 733 331 347 
2	0.0: 906 771 476 266 
2	0.0: 900 752 202 337 
2	0.0: 892 732 146 291 
2	0.0: 794 860 332 328 
2	0.0: 932 811 325 294 
2	0.0: 873 742 473 275 
2	0.0: 663 797 394 365 
2	0.0: 884 728 200 299 
2	0.0: 806 674 373 228 
2	0.0: 821 727 527 288 
2	0.0: 831 791 323 281 
2	0.0: 727 756 108 358 
2	0.0: 810 771 577 420 
2	0.0: 804 848 141 282 
2	0.0: 675 757 265 309 
2	0.0: 961 659 419 309 
2	0.0: 913 741 642 338 
2	0.0: 893 635 277 272 
2	0.0: 876 760 351 330 
2	0.0: 862 859 270 311 
2	0.0: 822 786 430 317 
2	0.0: 802 753 363 301 
2	0.0: 896 604 491 322 
2	0.0: 807 731 152 315 
2	0.0: 707 746 137 354 
2	0.0: 1012 737 119 274 
2	0.0: 831 704 453 245 
2	0.0: 818 757 138 281 
2	0.0: 819 738 360 258 
2	0.0: 864 701 461 284 
2	0.0: 855 689 422 330 
2	0.0: 877 713 328 296 
2	0.0: 695 765 356 308 
2	0.0: 706 809 293 252 
2	0.0: 905 752 456 294 
2	0.0: 730 723 161 238 
2	0.0: 807 744 308 317 
2	0.0: 873 683 322 296 
2	0.0: 811 666 171 333 
2	0.0: 735 807 355 297 
2	0.0: 714 740 464 284 
2	0.0: 848 696 317 387 
2	0.0: 843 822 98 356 
2	0.0: 931 932 92 301 
2	0.0: 895 767 449 279 
2	0.0: 669 760 377 346 
2	0.0: 829 675 293 425 
2	0.0: 927 861 235 292 
2	0.0: 727 772 292 276 
2	0.0: 825 825 590 308 
2	0.0: 731 850 349 276 
2	0.0: 931 826 464 296 
2	0.0: 714 769 289 338 
2	0.0: 858 674 155 314 
2	0.0: 948 750 329 275 
2	0.0: 925 799 370 273 
2	0.0: 883 772 205 365 
2	0.0: 920 779 469 281 
2	0.0: 924 815 255 332 
2	0.0: 894 738 82 378 
2	0.0: 862 718 193 329 
