4	0.0: 659 568 483 539 91 581 818 269 
4	0.0: 686 510 452 277 321 705 786 1 
5	0.0: 667 520 465 343 423 836 927 153 
4	0.0: 699 536 453 310 87 732 1108 163 
4	0.0: 720 598 471 264 98 668 1072 247 
5	0.0: 634 597 450 359 261 902 981 355 
5	0.0: 642 708 454 368 285 788 928 82 
4	0.0: 669 544 439 282 1 884 1002 88 
5	0.0: 625 618 427 216 182 1061 893 196 
4	0.0: 542 657 458 155 149 696 712 1 
4	0.0: 665 604 448 344 1 946 830 157 
4	0.0: 723 646 472 482 68 609 1038 1 
4	0.0: 673 423 444 299 156 877 1077 314 
4	0.0: 636 674 447 314 232 810 936 1 
5	0.0: 700 585 433 287 192 915 706 182 
4	0.0: 762 706 443 90 1 670 938 1 
4	0.0: 667 585 444 431 192 783 983 1 
4	0.0: 605 674 439 108 126 629 652 37 
4	0.0: 694 475 418 420 308 939 833 1 
4	0.0: 547 601 402 140 86 730 1171 87 
4	0.0: 634 534 426 264 31 585 1166 74 
4	0.0: 643 705 450 191 271 907 605 1 
5	0.0: 682 603 439 556 335 654 639 278 
4	0.0: 719 484 439 546 1 1035 774 246 
5	0.0: 674 653 451 291 395 812 694 55 
4	0.0: 660 659 426 226 378 829 1139 1 
4	0.0: 666 716 425 289 195 865 971 49 
4	0.0: 668 624 444 276 101 754 849 1 
4	0.0: 582 580 446 268 211 635 886 1 
4	0.0: 633 464 425 71 1 877 949 179 
5	0.0: 714 686 455 396 194 880 888 169 
4	0.0: 629 509 448 378 155 962 986 50 
4	0.0: 690 488 458 354 176 775 804 1 
4	0.0: 621 575 435 112 97 853 914 1 
4	0.0: 725 420 453 370 282 942 737 17 
4	0.0: 650 572 446 464 1 798 634 12 
5	0.0: 740 624 436 364 312 825 1103 140 
5	0.0: 718 529 454 162 276 641 1033 292 
5	0.0: 660 591 436 293 296 899 1081 185 
5	0.0: 628 678 467 236 374 860 947 80 
4	0.0: 663 538 451 367 94 931 933 234 
4	0.0: 674 576 433 255 343 930 852 1 
5	0.0: 640 681 441 360 268 1034 1089 178 
4	0.0: 660 567 445 342 170 998 810 5 
4	0.0: 754 542 432 377 137 420 877 16 
4	0.0: 737 638 417 278 282 886 909 1 
4	0.0: 674 448 441 210 154 860 1024 156 
5	0.0: 673 467 469 149 345 564 776 313 
4	0.0: 763 646 455 256 1 1026 1086 215 
4	0.0: 728 627 448 253 116 1094 804 1 
4	0.0: 546 600 483 415 26 702 792 1 
4	0.0: 702 577 459 209 174 867 1003 184 
4	0.0: 578 550 433 329 1 909 1016 43 
5	0.0: 696 675 417 281 435 802 1076 1 
5	0.0: 655 669 432 305 435 832 818 1 
4	0.0: 677 520 461 244 1 821 977 213 
5	0.0: 696 417 443 365 298 1004 686 196 
4	0.0: 697 459 456 155 72 1009 750 1 
4	0.0: 600 479 448 150 1 619 810 159 
4	0.0: 701 532 450 365 351 913 940 10 
4	0.0: 619 524 452 406 95 800 833 1 
4	0.0: 693 630 449 314 1 861 922 105 
4	0.0: 696 607 461 147 1 731 739 1 
4	0.0: 738 505 404 237 256 671 897 97 
4	0.0: 697 624 434 421 42 737 945 88 
4	0.0: 671 581 445 355 216 898 860 1 
4	0.0: 682 627 425 243 70 900 1179 140 
4	0.0: 632 511 442 292 2 953 880 1 
5	0.0: 757 673 449 406 360 958 1062 1 
4	0.0: 640 487 460 156 179 816 1011 1 
4	0.0: 641 627 429 117 46 643 956 124 
4	0.0: 811 641 443 291 310 865 1136 33 
4	0.0: 596 463 477 196 344 499 968 1 
5	0.0: 708 705 496 354 475 751 854 13 
4	0.0: 646 657 450 441 283 608 910 1 
4	0.0: 721 622 447 437 28 796 775 11 
4	0.0: 692 546 442 323 22 960 847 141 
5	0.0: 642 662 438 242 454 602 945 217 
4	0.0: 731 638 443 383 19 879 625 1 
4	0.0: 637 740 467 192 1 605 865 224 
4	0.0: 672 689 456 210 1 903 1056 97 
4	0.0: 659 598 425 314 159 998 847 31 
4	0.0: 699 626 471 71 427 741 884 1 
5	0.0: 775 653 448 203 396 1019 1034 37 
4	0.0: 671 534 464 328 155 762 808 8 
5	0.0: 613 530 443 187 385 749 975 220 
4	0.0: 616 677 461 148 161 694 1030 10 
4	0.0: 713 569 439 200 262 535 1108 1 
4	0.0: 694 620 460 325 235 763 772 124 
4	0.0: 646 503 437 191 47 1002 812 1 
5	0.0: 654 620 400 299 340 882 523 103 
4	0.0: 721 637 471 277 1 774 942 67 
4	0.0: 696 552 395 296 113 895 886 55 
4	0.0: 570 513 450 163 229 778 776 125 
4	0.0: 704 633 453 139 172 956 1005 1 
5	0.0: 722 692 440 152 381 1193 838 357 
4	0.0: 807 572 451 248 49 932 793 242 
5	0.0: 761 643 429 429 226 1254 899 35 
4	0.0: 753 552 460 348 1 864 855 1 
4	0.0: 716 520 439 94 91 788 888 246 
5	0.0: 717 474 433 378 176 759 1143 312 
5	0.0: 682 632 434 336 329 919 1032 64 
4	0.0: 792 643 440 316 1 933 686 1 
4	0.0: 606 559 469 411 1 782 897 1 
4	0.0: 625 528 443 148 124 887 843 1 
5	0.0: 654 575 440 462 212 1038 755 158 
5	0.0: 649 513 433 262 387 994 801 1 
5	0.0: 723 529 432 434 460 787 976 142 
4	0.0: 667 662 431 114 316 984 1050 1 
5	0.0: 720 620 426 378 115 971 828 282 
5	0.0: 706 523 459 280 388 905 1029 88 
4	0.0: 687 525 448 137 114 875 757 196 
4	0.0: 763 544 425 304 165 796 690 156 
4	0.0: 588 619 449 165 285 824 1184 6 
5	0.0: 715 658 456 447 441 482 819 37 
4	0.0: 635 588 458 271 1 1035 846 1 
4	0.0: 674 650 468 350 84 535 790 120 
4	0.0: 691 626 433 235 147 963 982 1 
4	0.0: 667 571 437 313 82 786 770 132 
4	0.0: 618 591 431 1 185 668 794 272 
4	0.0: 686 544 442 343 1 866 1128 223 
5	0.0: 729 511 433 277 400 848 806 9 
5	0.0: 652 662 447 469 312 735 1002 169 
4	0.0: 707 570 435 258 101 566 995 97 
5	0.0: 693 632 464 200 513 997 955 1 
4	0.0: 710 627 444 292 1 868 982 165 
5	0.0: 660 514 435 131 501 926 774 213 
4	0.0: 687 724 459 326 301 866 805 1 
4	0.0: 725 700 432 289 1 850 800 1 
4	0.0: 726 685 449 163 110 840 1034 239 
5	0.0: 656 637 419 193 592 831 839 66 
5	0.0: 728 651 446 280 282 1082 646 264 
4	0.0: 653 663 470 258 38 746 968 1 
5	0.0: 660 535 450 440 137 1199 909 216 
4	0.0: 572 348 456 420 1 734 783 1 
4	0.0: 703 522 456 279 323 555 842 1 
4	0.0: 633 578 440 123 1 988 844 1 
4	0.0: 705 657 456 279 39 616 929 66 
4	0.0: 701 543 468 155 1 915 933 41 
5	0.0: 744 767 457 97 487 484 751 31 
4	0.0: 583 562 412 351 204 873 972 88 
5	0.0: 615 610 450 222 345 1007 1055 301 
4	0.0: 627 432 458 132 115 852 930 210 
5	0.0: 660 533 409 255 514 927 745 50 
4	0.0: 701 622 472 279 1 934 1110 48 
4	0.0: 592 539 458 409 130 734 956 1 
4	0.0: 578 666 442 163 249 876 865 146 
4	0.0: 717 617 440 242 180 736 993 9 
4	0.0: 604 433 444 232 373 812 838 69 
4	0.0: 698 672 413 248 36 617 784 273 
5	0.0: 704 525 437 276 559 729 800 301 
5	0.0: 743 496 425 175 460 823 767 148 
4	0.0: 679 577 451 317 240 762 949 1 
4	0.0: 622 710 447 186 37 930 861 276 
4	0.0: 642 537 452 342 176 800 1054 1 
4	0.0: 659 570 446 329 304 781 1153 38 
4	0.0: 670 411 453 207 443 732 679 1 
4	0.0: 691 516 445 379 98 670 761 126 
5	0.0: 594 589 468 270 245 638 868 395 
4	0.0: 692 603 448 413 160 1188 1103 1 
4	0.0: 692 558 455 246 279 794 938 111 
4	0.0: 664 570 426 269 142 708 781 1 
4	0.0: 623 742 448 168 291 870 1050 1 
4	0.0: 627 604 443 108 227 672 1116 1 
4	0.0: 770 557 438 517 102 1028 647 12 
5	0.0: 657 511 401 308 322 811 929 189 
5	0.0: 596 562 430 186 242 1084 940 277 
5	0.0: 719 375 465 157 422 925 625 34 
4	0.0: 689 627 444 359 157 819 651 165 
4	0.0: 718 617 453 425 1 960 887 220 
4	0.0: 640 618 459 375 78 900 809 1 
4	0.0: 677 573 440 302 117 750 880 1 
4	0.0: 556 576 448 430 265 857 979 100 
4	0.0: 599 468 438 111 257 892 683 1 
4	0.0: 703 517 438 359 104 700 775 155 
4	0.0: 613 687 443 153 103 712 860 72 
4	0.0: 634 624 437 193 130 548 860 100 
4	0.0: 680 605 447 277 337 747 722 1 
4	0.0: 607 684 451 293 188 632 981 105 
4	0.0: 623 485 440 155 260 724 999 192 
4	0.0: 628 658 435 206 1 895 727 287 
4	0.0: 585 657 425 431 1 947 966 1 
4	0.0: 616 679 441 307 42 850 1151 56 
4	0.0: 650 441 441 78 113 1116 767 142 
4	0.0: 680 665 458 236 360 690 985 9 
4	0.0: 653 572 444 152 181 578 802 1 
5	0.0: 607 533 431 427 327 1013 875 186 
4	0.0: 663 609 459 374 1 746 641 133 
5	0.0: 676 697 422 155 327 870 947 144 
4	0.0: 651 646 463 240 132 976 812 68 
4	0.0: 679 656 425 294 368 527 814 1 
4	0.0: 740 675 444 433 174 910 855 26 
4	0.0: 784 797 458 233 103 944 1304 1 
4	0.0: 722 639 431 279 1 845 984 155 
4	0.0: 742 477 438 267 237 741 808 2 
4	0.0: 631 568 412 52 388 1080 1130 1 
4	0.0: 680 667 430 159 61 954 905 130 
4	0.0: 756 527 443 313 213 1004 730 54 
5	0.0: 663 583 423 369 356 686 710 30 
4	0.0: 631 498 442 311 163 914 886 217 
5	0.0: 685 592 444 204 341 963 760 66 
4	0.0: 656 503 427 238 246 843 925 101 
4	0.0: 588 512 443 117 63 756 808 139 
4	0.0: 654 571 459 393 1 854 957 186 
5	0.0: 610 601 436 420 696 852 1118 69 
4	0.0: 728 764 460 223 291 832 1185 1 
5	0.0: 670 584 434 211 482 839 1042 274 
4	0.0: 723 674 462 308 58 1104 791 67 
4	0.0: 631 619 464 231 69 1045 855 42 
4	0.0: 652 586 431 176 91 583 966 29 
4	0.0: 654 602 455 518 73 715 862 1 
4	0.0: 668 610 448 165 255 549 819 170 
4	0.0: 669 702 461 427 1 897 1010 1 
5	0.0: 640 495 447 212 474 646 874 493 
4	0.0: 582 651 457 293 1 958 1222 206 
4	0.0: 718 526 457 213 188 650 955 1 
4	0.0: 686 501 439 320 250 941 1007 30 
4	0.0: 691 770 463 198 1 833 984 1 
4	0.0: 722 604 452 308 298 659 870 1 
4	0.0: 780 623 462 322 153 762 859 1 
5	0.0: 654 511 453 435 305 962 803 44 
5	0.0: 706 671 449 110 475 814 916 355 
5	0.0: 690 532 433 350 360 977 649 235 
4	0.0: 756 595 438 122 214 805 987 146 
4	0.0: 721 557 439 275 31 813 907 34 
5	0.0: 698 611 442 221 100 868 864 369 
5	0.0: 663 535 454 430 265 753 1017 199 
5	0.0: 660 611 459 292 274 853 1024 207 
4	0.0: 720 520 451 379 68 943 876 1 
4	0.0: 660 547 422 86 257 907 1021 160 
4	0.0: 658 544 443 365 284 950 823 1 
4	0.0: 754 648 449 189 162 607 849 43 
4	0.0: 702 573 467 270 343 763 981 1 
4	0.0: 642 516 436 280 182 837 946 1 
4	0.0: 684 748 451 107 123 1111 873 1 
4	0.0: 698 683 450 370 1 824 762 209 
4	0.0: 679 455 449 269 395 894 868 1 
4	0.0: 690 760 440 213 127 663 936 1 
4	0.0: 672 533 428 443 254 794 990 1 
4	0.0: 635 649 438 264 257 793 696 118 
4	0.0: 676 691 452 210 211 545 831 30 
4	0.0: 588 660 437 232 314 576 823 1 
4	0.0: 726 548 439 220 23 929 842 15 
4	0.0: 684 638 444 289 21 692 1064 102 
4	0.0: 688 789 436 249 204 693 883 137 
4	0.0: 687 366 466 311 1 735 1069 44 
4	0.0: 663 627 446 153 168 821 1192 80 
4	0.0: 694 481 458 403 52 564 790 234 
4	0.0: 707 618 427 507 142 716 735 132 
4	0.0: 599 675 473 342 93 593 790 108 
4	0.0: 698 559 473 338 310 986 1264 47 
4	0.0: 632 413 442 326 161 801 793 1 
5	0.0: 665 645 434 363 268 883 941 155 
4	0.0: 627 529 426 230 1 857 629 106 
4	0.0: 719 605 444 189 308 716 918 1 
4	0.0: 733 573 460 451 34 866 971 1 
4	0.0: 657 595 436 70 165 696 962 77 
4	0.0: 692 556 433 100 183 788 948 1 
4	0.0: 587 520 414 96 1 474 798 1 
4	0.0: 715 575 428 332 204 1034 910 1 
4	0.0: 580 671 432 338 191 786 912 1 
5	0.0: 658 537 426 307 312 874 770 341 
5	0.0: 659 526 444 207 432 799 1065 107 
5	0.0: 672 651 435 413 206 487 928 404 
4	0.0: 689 559 456 192 106 984 869 1 
5	0.0: 704 603 440 485 261 941 903 280 
4	0.0: 694 801 441 153 208 954 1069 126 
4	0.0: 634 553 443 351 1 810 1055 1 
4	0.0: 719 582 434 270 75 1027 848 1 
4	0.0: 675 527 412 175 292 713 996 192 
4	0.0: 701 550 446 330 17 709 939 182 
4	0.0: 710 542 417 68 222 696 1161 92 
5	0.0: 656 489 437 599 357 738 871 1 
5	0.0: 669 503 456 146 479 884 683 28 
5	0.0: 592 604 463 191 193 1066 758 313 
4	0.0: 688 478 467 321 1 878 808 182 
4	0.0: 635 626 446 263 302 657 773 1 
4	0.0: 673 480 456 458 167 680 875 157 
4	0.0: 700 509 469 301 1 946 992 43 
4	0.0: 631 627 467 185 303 608 838 1 
4	0.0: 612 689 452 144 23 1127 1107 100 
4	0.0: 725 572 457 404 304 789 833 9 
4	0.0: 670 645 445 171 1 968 831 1 
4	0.0: 700 594 427 232 136 1059 705 64 
5	0.0: 707 659 433 414 198 975 593 110 
4	0.0: 617 768 443 377 31 869 868 1 
5	0.0: 641 603 447 188 548 814 966 220 
4	0.0: 738 519 443 281 1 685 620 190 
4	0.0: 734 517 428 316 1 899 806 183 
4	0.0: 576 599 439 144 244 799 732 1 
4	0.0: 676 526 441 354 90 855 996 267 
5	0.0: 550 605 429 337 584 721 750 206 
4	0.0: 658 471 458 169 31 810 1223 1 
4	0.0: 666 604 431 146 280 1180 665 1 
5	0.0: 637 587 418 242 369 787 1150 105 
5	0.0: 680 600 442 240 311 845 787 98 
5	0.0: 642 741 427 294 382 666 736 1 
5	0.0: 683 490 442 371 506 764 730 1 
4	0.0: 692 525 455 466 91 933 829 117 
4	0.0: 648 516 452 177 410 855 938 1 
4	0.0: 725 514 449 194 394 650 1073 39 
4	0.0: 614 715 446 532 1 912 1016 128 
4	0.0: 759 667 440 257 1 708 685 218 
4	0.0: 678 631 453 443 177 750 681 57 
4	0.0: 661 609 440 49 1 806 931 195 
4	0.0: 688 557 445 222 238 829 996 102 
4	0.0: 623 480 452 272 180 761 911 62 
4	0.0: 736 612 453 380 53 593 931 1 
4	0.0: 635 675 460 229 298 1201 1091 1 
5	0.0: 739 759 454 220 350 1029 1040 43 
4	0.0: 791 478 473 185 231 704 1079 1 
4	0.0: 641 582 449 336 144 877 1080 126 
4	0.0: 745 541 434 179 131 951 820 45 
4	0.0: 618 597 463 331 180 626 1046 191 
5	0.0: 729 591 445 171 599 1173 865 71 
4	0.0: 732 475 444 334 218 907 898 1 
4	0.0: 748 641 437 265 1 829 940 1 
4	0.0: 600 702 441 196 142 1043 878 119 
4	0.0: 653 589 464 145 146 644 1022 194 
4	0.0: 637 668 453 35 53 830 848 218 
4	0.0: 648 640 456 317 142 932 1078 1 
4	0.0: 670 699 444 190 1 700 832 62 
4	0.0: 646 590 455 157 314 865 1082 1 
4	0.0: 673 610 464 284 1 901 818 1 
5	0.0: 657 693 440 355 163 878 866 334 
4	0.0: 748 641 438 612 258 541 849 1 
4	0.0: 640 593 433 301 305 415 852 134 
4	0.0: 739 564 434 228 149 669 793 102 
4	0.0: 725 567 426 332 121 695 975 1 
4	0.0: 712 471 452 433 321 885 956 1 
4	0.0: 731 592 427 122 80 782 923 204 
4	0.0: 681 645 447 239 114 1030 944 1 
5	0.0: 680 573 419 310 333 821 992 91 
4	0.0: 633 542 432 382 1 864 844 1 
4	0.0: 607 689 448 380 44 776 958 1 
5	0.0: 633 598 441 450 188 863 866 217 
5	0.0: 817 600 417 517 307 812 773 288 
4	0.0: 705 680 459 214 272 565 918 1 
5	0.0: 743 720 458 246 397 837 995 96 
4	0.0: 647 658 443 301 147 1072 917 65 
4	0.0: 655 420 435 379 162 822 890 105 
4	0.0: 725 481 449 129 1 728 903 131 
4	0.0: 596 666 408 286 254 957 1032 97 
4	0.0: 734 584 476 437 81 1130 931 109 
5	0.0: 658 650 435 167 465 1162 823 93 
4	0.0: 706 481 432 291 147 674 862 8 
5	0.0: 652 693 454 439 459 1068 977 1 
4	0.0: 756 635 468 432 203 702 1096 134 
4	0.0: 689 515 464 124 148 651 1052 264 
4	0.0: 644 600 458 303 72 980 928 153 
4	0.0: 761 477 443 331 163 822 715 12 
4	0.0: 602 652 455 172 154 1004 808 45 
4	0.0: 690 636 463 126 1 806 1121 180 
4	0.0: 632 582 446 76 292 880 756 61 
5	0.0: 587 667 463 248 462 950 1002 1 
5	0.0: 741 714 441 310 262 686 910 138 
4	0.0: 632 701 442 196 120 774 884 42 
4	0.0: 689 566 454 379 1 1197 1194 1 
4	0.0: 717 539 453 360 105 658 752 217 
4	0.0: 673 427 452 389 267 1047 818 1 
5	0.0: 701 668 461 245 486 591 864 258 
4	0.0: 616 709 428 348 285 899 888 19 
4	0.0: 662 579 476 289 234 746 790 1 
4	0.0: 696 584 457 343 64 1108 1177 1 
5	0.0: 600 620 442 292 372 970 698 52 
5	0.0: 608 718 443 382 279 994 691 89 
5	0.0: 561 573 452 275 651 952 1090 65 
5	0.0: 674 569 440 199 496 892 1050 1 
4	0.0: 642 473 444 302 87 1167 873 1 
4	0.0: 725 384 427 214 258 998 866 1 
4	0.0: 643 556 446 260 199 650 1171 167 
4	0.0: 693 545 452 315 137 854 911 1 
4	0.0: 635 636 408 370 125 734 1091 126 
4	0.0: 748 543 425 188 1 647 1219 1 
4	0.0: 534 623 459 282 158 744 859 88 
4	0.0: 709 721 434 272 286 700 1128 64 
4	0.0: 674 607 457 185 264 657 963 49 
4	0.0: 698 582 480 165 45 1080 1108 44 
4	0.0: 533 594 435 457 20 984 904 84 
4	0.0: 697 581 474 179 361 861 996 1 
4	0.0: 636 556 429 134 211 1001 855 1 
4	0.0: 727 638 449 256 164 822 999 17 
4	0.0: 609 533 407 299 297 879 710 13 
4	0.0: 625 450 426 192 178 776 1053 109 
4	0.0: 643 544 452 382 333 905 1034 1 
4	0.0: 676 700 454 89 326 713 942 1 
4	0.0: 586 495 443 306 254 859 789 96 
4	0.0: 763 645 425 403 69 773 849 1 
5	0.0: 620 491 446 336 327 601 955 240 
4	0.0: 601 539 450 101 103 788 867 26 
4	0.0: 626 528 465 194 282 785 902 70 
4	0.0: 694 604 440 69 380 806 1083 72 
5	0.0: 593 740 446 191 278 711 845 165 
4	0.0: 688 490 438 352 344 842 991 1 
4	0.0: 587 431 466 322 87 610 923 235 
4	0.0: 626 506 403 412 1 1034 922 1 
5	0.0: 655 529 437 331 369 717 904 140 
5	0.0: 562 617 439 262 395 773 1063 106 
4	0.0: 652 620 429 484 209 893 812 87 
4	0.0: 779 563 475 448 1 720 668 31 
4	0.0: 641 614 448 331 115 1090 610 187 
4	0.0: 672 604 442 295 190 799 760 1 
4	0.0: 696 471 487 400 34 695 655 1 
5	0.0: 697 487 471 478 504 703 1005 77 
5	0.0: 773 672 437 232 247 665 1177 340 
4	0.0: 655 546 414 262 126 607 712 147 
5	0.0: 623 768 444 166 430 859 1077 55 
5	0.0: 624 603 426 362 254 970 721 171 
5	0.0: 660 674 427 335 132 1111 763 307 
4	0.0: 686 635 442 305 282 803 872 79 
4	0.0: 702 549 442 313 236 1113 745 1 
4	0.0: 730 416 448 359 323 661 1022 137 
5	0.0: 635 564 444 94 602 914 1075 277 
4	0.0: 663 497 450 332 114 581 794 223 
4	0.0: 704 625 454 271 168 917 915 171 
4	0.0: 630 599 427 6 95 645 1159 388 
4	0.0: 733 627 460 287 1 796 940 1 
4	0.0: 675 486 437 257 1 886 781 185 
4	0.0: 561 575 433 168 104 877 958 1 
4	0.0: 638 609 436 212 160 979 746 151 
5	0.0: 615 627 444 341 364 982 737 1 
4	0.0: 612 479 467 259 276 602 918 1 
4	0.0: 652 602 442 242 312 957 803 16 
4	0.0: 757 663 443 303 136 584 640 126 
5	0.0: 677 561 474 291 519 738 907 1 
4	0.0: 664 523 459 182 371 851 951 52 
5	0.0: 715 670 452 35 412 745 978 203 
5	0.0: 690 557 440 333 544 606 825 1 
4	0.0: 648 674 442 330 129 745 688 84 
4	0.0: 674 333 420 298 207 796 893 295 
4	0.0: 689 540 445 361 1 978 753 67 
5	0.0: 692 712 426 374 205 975 702 311 
5	0.0: 750 782 465 181 258 969 951 156 
5	0.0: 624 619 468 275 381 873 761 87 
5	0.0: 699 464 448 213 429 1259 1015 241 
4	0.0: 660 687 432 414 172 820 450 1 
5	0.0: 612 643 440 268 306 939 667 148 
5	0.0: 628 674 456 261 276 1149 1004 193 
4	0.0: 652 581 469 196 1 789 696 1 
4	0.0: 610 504 480 257 134 1071 858 1 
4	0.0: 650 641 462 157 75 873 1062 405 
4	0.0: 654 391 440 234 184 785 905 192 
5	0.0: 623 790 445 513 400 862 818 34 
4	0.0: 612 537 458 264 1 945 1123 10 
4	0.0: 760 647 435 320 44 953 784 124 
4	0.0: 587 703 453 412 193 643 856 84 
4	0.0: 620 357 466 223 111 864 1132 1 
4	0.0: 716 645 441 224 127 625 862 1 
4	0.0: 694 621 461 267 196 823 1148 97 
4	0.0: 591 523 425 319 43 778 791 3 
4	0.0: 651 691 436 431 169 568 813 119 
4	0.0: 555 578 421 114 132 807 753 1 
4	0.0: 576 595 433 310 287 790 859 39 
4	0.0: 652 602 435 232 130 763 617 41 
4	0.0: 760 569 453 437 81 812 851 218 
5	0.0: 701 467 442 206 576 883 1112 1 
4	0.0: 644 589 426 257 73 847 901 223 
4	0.0: 689 595 459 70 40 557 782 18 
4	0.0: 688 648 446 276 1 868 876 1 
4	0.0: 608 698 445 508 224 983 672 5 
4	0.0: 609 463 426 348 296 706 967 4 
4	0.0: 718 497 404 250 1 1011 1019 180 
4	0.0: 676 642 466 313 109 939 688 209 
4	0.0: 707 571 455 213 20 827 819 17 
4	0.0: 631 612 445 377 37 643 803 160 
4	0.0: 654 623 458 304 1 730 900 284 
4	0.0: 645 602 447 215 111 746 888 72 
4	0.0: 701 489 456 343 26 755 922 8 
4	0.0: 685 523 434 271 2 724 955 48 
5	0.0: 689 599 435 470 249 930 828 168 
4	0.0: 647 693 440 255 2 773 1125 36 
5	0.0: 630 510 433 196 417 1008 1005 1 
5	0.0: 726 477 457 412 216 682 997 272 
4	0.0: 648 441 461 412 1 683 774 109 
5	0.0: 639 498 449 415 232 902 928 401 
4	0.0: 696 546 430 340 129 1074 948 18 
4	0.0: 618 557 429 500 252 803 795 1 
4	0.0: 613 645 441 327 1 932 948 237 
5	0.0: 632 599 426 229 466 834 628 394 
4	0.0: 591 563 461 283 70 749 758 166 
4	0.0: 714 596 440 277 259 992 800 1 
4	0.0: 704 679 454 246 220 543 769 72 
4	0.0: 707 653 439 162 257 588 877 218 
5	0.0: 630 564 452 298 269 1063 716 244 
4	0.0: 620 568 432 372 125 934 739 233 
4	0.0: 661 598 417 226 261 619 1056 1 
4	0.0: 610 714 437 265 303 698 833 1 
5	0.0: 683 610 436 203 428 1081 1020 165 
4	0.0: 640 546 455 287 46 880 965 155 
4	0.0: 649 621 450 121 27 682 872 163 
4	0.0: 726 596 424 290 65 908 922 215 
5	0.0: 692 615 443 256 218 650 869 358 
5	0.0: 737 726 440 455 177 798 815 253 
4	0.0: 630 641 460 129 376 626 1182 1 
5	0.0: 687 557 462 310 575 475 857 1 
4	0.0: 622 532 459 477 188 883 1018 44 
4	0.0: 626 512 428 193 142 995 710 28 
4	0.0: 661 721 430 412 144 787 1143 76 
4	0.0: 590 630 459 252 118 842 827 146 
4	0.0: 612 543 476 435 195 821 866 61 
5	0.0: 720 591 433 392 369 928 943 1 
5	0.0: 641 611 444 309 521 1117 1062 206 
4	0.0: 637 571 435 282 192 545 1049 141 
4	0.0: 698 501 437 350 256 672 581 129 
4	0.0: 580 562 461 383 218 593 1110 137 
4	0.0: 665 529 438 341 138 864 863 153 
4	0.0: 724 706 420 334 1 1016 770 69 
5	0.0: 668 517 435 188 354 977 958 186 
4	0.0: 692 612 472 279 72 524 1092 1 
4	0.0: 665 584 430 281 113 791 892 1 
4	0.0: 610 622 441 442 1 975 1051 1 
5	0.0: 612 571 430 350 249 1121 1043 324 
4	0.0: 635 455 448 257 70 746 788 1 
4	0.0: 667 611 434 330 1 1019 665 1 
4	0.0: 713 589 455 333 1 836 948 1 
5	0.0: 770 576 418 305 164 983 1062 246 
5	0.0: 741 634 448 375 150 955 983 228 
4	0.0: 772 714 436 204 311 838 642 1 
4	0.0: 675 662 452 244 221 549 1041 123 
4	0.0: 615 542 474 303 364 957 778 1 
5	0.0: 682 663 429 471 232 780 783 95 
4	0.0: 684 623 442 278 137 727 934 134 
4	0.0: 670 581 448 176 138 989 928 1 
4	0.0: 637 511 448 274 227 391 819 159 
4	0.0: 697 656 461 149 208 707 1147 1 
4	0.0: 708 565 450 345 72 1200 1048 108 
4	0.0: 702 517 467 127 29 637 1005 1 
4	0.0: 729 720 448 268 186 833 919 156 
5	0.0: 673 668 449 373 437 967 820 25 
4	0.0: 718 681 439 273 27 928 986 1 
4	0.0: 697 565 439 124 208 732 1017 1 
4	0.0: 612 551 438 411 4 934 791 101 
5	0.0: 717 623 462 183 520 1136 780 1 
4	0.0: 679 644 436 392 177 538 1008 1 
5	0.0: 588 630 435 347 279 793 798 356 
5	0.0: 698 566 466 235 555 513 791 24 
5	0.0: 670 644 462 239 335 883 690 126 
4	0.0: 618 412 450 314 211 867 792 118 
4	0.0: 665 599 453 313 1 928 865 1 
4	0.0: 714 574 471 122 1 686 1146 208 
5	0.0: 704 673 425 137 472 905 822 172 
4	0.0: 726 628 446 248 205 790 1130 66 
4	0.0: 639 566 471 131 1 945 944 91 
4	0.0: 635 528 445 194 9 795 903 208 
4	0.0: 619 643 435 475 169 1085 767 85 
5	0.0: 599 679 445 342 340 837 591 125 
4	0.0: 678 528 453 372 278 663 495 1 
4	0.0: 640 634 444 325 98 728 974 174 
4	0.0: 715 592 435 519 1 725 854 1 
4	0.0: 701 455 438 203 35 467 1048 1 
5	0.0: 698 687 456 326 408 807 1128 118 
4	0.0: 714 497 428 380 1 1160 1211 35 
4	0.0: 588 690 431 401 84 666 928 278 
4	0.0: 661 527 440 333 216 1003 885 1 
4	0.0: 762 725 430 325 287 678 903 1 
4	0.0: 639 580 436 193 1 998 1010 1 
4	0.0: 726 657 458 386 88 730 1098 1 
4	0.0: 597 462 436 282 264 899 692 51 
4	0.0: 738 465 433 409 1 568 971 128 
4	0.0: 649 551 453 379 19 922 832 79 
4	0.0: 726 561 407 214 1 807 864 117 
5	0.0: 680 552 457 393 506 765 963 31 
4	0.0: 695 453 437 467 100 685 968 48 
4	0.0: 693 758 420 55 4 904 736 1 
4	0.0: 690 634 420 323 199 901 814 1 
4	0.0: 673 443 436 485 1 729 884 132 
4	0.0: 756 509 432 330 179 814 952 1 
4	0.0: 703 583 451 47 322 1204 947 40 
5	0.0: 657 708 456 483 366 796 955 174 
4	0.0: 771 547 434 180 109 1048 470 73 
4	0.0: 626 617 439 342 245 945 1121 1 
4	0.0: 649 577 445 342 92 924 929 1 
5	0.0: 696 575 468 254 513 972 964 1 
5	0.0: 700 573 427 293 268 860 760 254 
4	0.0: 664 505 422 418 180 853 935 8 
4	0.0: 652 509 440 636 229 570 1061 1 
4	0.0: 712 492 436 240 183 982 912 146 
5	0.0: 599 727 435 274 598 683 945 25 
4	0.0: 691 678 435 400 68 673 1007 32 
4	0.0: 620 510 462 361 78 1272 838 1 
5	0.0: 693 577 451 306 485 708 1004 1 
4	0.0: 587 660 438 304 1 721 596 1 
4	0.0: 736 504 442 221 92 1022 761 94 
4	0.0: 617 441 447 297 184 674 862 252 
4	0.0: 670 485 435 438 70 808 725 1 
4	0.0: 676 608 431 298 231 1025 868 1 
5	0.0: 725 596 450 184 340 860 978 261 
4	0.0: 540 688 444 244 274 623 921 73 
4	0.0: 545 538 467 339 240 495 903 21 
4	0.0: 718 518 441 420 279 728 1040 16 
4	0.0: 638 434 450 140 296 525 946 46 
4	0.0: 621 577 432 351 120 741 924 196 
4	0.0: 663 716 426 430 1 973 950 1 
4	0.0: 601 586 463 305 41 1178 725 1 
4	0.0: 671 541 422 360 71 965 733 140 
4	0.0: 729 499 456 328 179 631 891 4 
4	0.0: 635 533 439 207 35 628 1058 158 
4	0.0: 723 431 460 395 56 721 679 1 
5	0.0: 685 690 430 208 297 913 1025 80 
4	0.0: 691 605 445 139 124 588 1069 1 
4	0.0: 674 674 439 372 203 567 1153 1 
4	0.0: 581 636 437 279 308 1018 1129 4 
4	0.0: 622 643 440 88 1 961 1056 389 
4	0.0: 698 487 446 368 1 631 1244 155 
4	0.0: 697 588 441 335 159 980 933 87 
4	0.0: 701 673 427 312 1 654 1102 153 
4	0.0: 603 639 440 118 50 697 833 1 
4	0.0: 724 547 454 66 110 555 963 142 
4	0.0: 619 635 454 85 5 624 864 179 
5	0.0: 693 786 419 309 115 737 802 269 
4	0.0: 638 799 434 424 1 835 757 1 
5	0.0: 767 584 438 427 316 952 655 1 
4	0.0: 617 609 451 387 320 890 913 1 
5	0.0: 596 465 447 277 433 1061 1125 26 
4	0.0: 700 631 426 264 91 906 698 1 
4	0.0: 579 710 457 228 263 737 958 11 
4	0.0: 703 636 426 211 86 640 1066 267 
4	0.0: 595 684 445 260 207 804 720 28 
5	0.0: 678 608 447 144 380 694 1359 246 
4	0.0: 646 487 453 442 122 681 1005 198 
4	0.0: 608 572 432 358 293 738 948 1 
5	0.0: 719 611 450 292 378 839 754 211 
4	0.0: 655 640 437 242 1 913 734 1 
5	0.0: 660 515 446 333 219 835 824 338 
4	0.0: 739 608 426 255 219 758 836 1 
4	0.0: 710 641 449 211 77 846 765 136 
4	0.0: 620 700 419 268 1 914 835 177 
4	0.0: 651 489 460 391 354 716 853 1 
4	0.0: 602 538 451 41 143 758 903 198 
4	0.0: 655 609 443 155 121 534 891 1 
4	0.0: 636 636 435 349 174 997 1032 1 
4	0.0: 526 605 440 174 112 1009 815 215 
4	0.0: 686 701 458 329 1 996 999 27 
4	0.0: 617 626 432 413 28 956 998 109 
4	0.0: 734 613 433 159 259 893 876 76 
4	0.0: 674 612 427 315 1 1240 966 1 
4	0.0: 626 534 424 428 268 837 913 76 
5	0.0: 740 646 438 219 407 1164 1257 1 
4	0.0: 590 614 446 322 218 676 964 205 
5	0.0: 539 634 447 362 313 1195 1022 19 
4	0.0: 683 571 434 332 114 670 954 1 
4	0.0: 668 613 444 284 1 1029 1004 1 
4	0.0: 698 652 446 410 91 918 840 1 
4	0.0: 726 645 454 291 247 898 891 1 
5	0.0: 726 511 434 360 372 872 982 80 
4	0.0: 703 554 448 279 299 989 925 1 
4	0.0: 662 561 437 221 98 487 766 121 
5	0.0: 748 573 436 50 596 881 1070 1 
5	0.0: 669 864 448 242 338 597 871 101 
4	0.0: 722 536 435 136 1 784 846 226 
4	0.0: 662 553 468 389 347 853 780 5 
4	0.0: 644 477 471 349 55 1021 1083 1 
5	0.0: 594 599 445 284 329 747 739 233 
5	0.0: 753 652 445 426 284 1105 733 263 
4	0.0: 582 557 448 320 8 791 1114 94 
4	0.0: 685 599 477 184 232 960 686 12 
4	0.0: 709 797 440 370 215 726 822 54 
4	0.0: 719 470 462 227 126 468 999 1 
4	0.0: 677 552 436 195 355 967 816 1 
4	0.0: 663 481 438 308 147 1168 779 1 
5	0.0: 640 817 459 348 375 933 886 106 
4	0.0: 714 675 458 327 284 863 1125 1 
4	0.0: 635 677 465 242 267 911 770 1 
4	0.0: 673 606 458 165 145 714 607 67 
4	0.0: 681 588 451 284 1 893 978 1 
4	0.0: 663 738 439 197 166 662 993 1 
4	0.0: 690 568 436 130 15 820 1152 118 
4	0.0: 661 548 406 383 91 1036 876 71 
5	0.0: 540 627 433 241 426 760 1104 88 
4	0.0: 627 600 435 231 111 956 683 12 
4	0.0: 699 716 450 135 240 542 784 162 
5	0.0: 705 652 420 123 285 866 835 207 
5	0.0: 700 584 444 301 140 957 767 281 
5	0.0: 681 561 435 404 566 1083 1057 62 
4	0.0: 704 682 475 363 30 781 887 18 
5	0.0: 609 496 427 191 426 568 838 213 
5	0.0: 682 544 448 223 340 820 1056 259 
5	0.0: 763 718 435 392 459 810 985 95 
4	0.0: 692 562 465 340 1 996 1042 78 
4	0.0: 668 549 439 217 123 617 762 66 
4	0.0: 728 608 467 397 2 982 772 1 
5	0.0: 702 487 438 269 221 803 896 416 
4	0.0: 676 557 431 184 20 793 886 1 
4	0.0: 693 502 449 266 116 1023 909 77 
4	0.0: 656 619 417 261 1 780 777 83 
4	0.0: 666 522 450 403 20 792 955 1 
4	0.0: 690 642 457 426 1 965 795 1 
5	0.0: 620 587 466 380 295 1138 941 194 
4	0.0: 646 596 451 262 198 759 711 1 
4	0.0: 773 686 458 265 195 646 702 49 
5	0.0: 602 577 424 415 377 775 1046 399 
5	0.0: 680 568 438 315 414 797 670 89 
4	0.0: 618 592 452 439 262 653 1091 96 
4	0.0: 588 643 451 280 241 1002 876 1 
4	0.0: 598 528 439 294 230 825 1102 218 
5	0.0: 714 562 429 38 529 531 972 251 
4	0.0: 616 682 448 344 158 759 980 177 
4	0.0: 735 665 444 196 198 790 773 31 
4	0.0: 769 497 437 110 280 816 671 1 
4	0.0: 703 656 444 357 106 980 787 58 
4	0.0: 638 607 470 298 243 927 1226 1 
4	0.0: 672 619 428 392 71 775 842 151 
4	0.0: 735 484 436 156 225 970 872 163 
4	0.0: 723 593 442 452 271 441 1041 1 
5	0.0: 635 521 445 378 410 735 856 248 
5	0.0: 635 528 429 178 536 1072 1023 122 
4	0.0: 547 589 447 317 94 793 703 9 
4	0.0: 665 468 460 296 289 777 979 44 
5	0.0: 620 567 460 282 474 964 1075 93 
4	0.0: 566 663 416 283 119 888 1019 28 
4	0.0: 621 708 447 264 228 786 1032 1 
4	0.0: 629 659 440 152 163 812 1022 164 
5	0.0: 652 565 436 258 427 593 1124 424 
4	0.0: 691 542 455 375 1 832 1111 16 
4	0.0: 763 571 434 44 115 983 1186 1 
4	0.0: 713 317 457 263 183 889 880 1 
4	0.0: 704 639 446 222 11 972 987 1 
4	0.0: 652 531 450 245 72 915 1017 263 
4	0.0: 660 604 450 355 336 634 864 1 
5	0.0: 778 475 422 409 420 979 691 147 
4	0.0: 642 634 459 206 226 637 828 1 
4	0.0: 695 557 457 340 39 736 916 262 
4	0.0: 712 490 429 68 1 761 841 93 
4	0.0: 682 631 440 357 55 683 759 19 
4	0.0: 638 498 475 288 223 840 1148 144 
4	0.0: 627 645 457 314 308 1015 905 1 
4	0.0: 704 727 451 480 16 949 1145 29 
5	0.0: 795 601 416 275 327 623 674 272 
4	0.0: 669 602 443 373 1 677 1077 79 
4	0.0: 666 655 434 276 94 695 982 146 
4	0.0: 640 698 437 355 129 563 923 1 
4	0.0: 685 505 444 244 205 1061 979 176 
4	0.0: 622 638 443 339 243 941 1051 1 
4	0.0: 683 473 447 175 120 888 950 48 
4	0.0: 701 534 436 261 255 974 858 1 
4	0.0: 673 649 449 323 239 980 996 75 
5	0.0: 597 610 463 504 158 969 825 190 
5	0.0: 696 662 451 217 341 613 864 130 
5	0.0: 635 604 433 353 212 1024 831 148 
4	0.0: 651 702 445 274 210 789 890 1 
5	0.0: 708 582 456 232 370 848 979 104 
4	0.0: 568 424 424 225 212 1026 795 16 
4	0.0: 590 538 452 390 1 814 950 67 
4	0.0: 671 605 443 316 163 1252 792 1 
4	0.0: 726 575 445 171 386 821 802 1 
4	0.0: 557 565 443 378 124 897 1063 117 
4	0.0: 651 654 457 321 188 794 929 1 
5	0.0: 680 595 440 1 308 1157 857 211 
4	0.0: 746 538 426 250 239 749 932 1 
4	0.0: 671 600 483 184 53 750 654 1 
4	0.0: 665 632 442 90 320 793 688 31 
4	0.0: 620 518 433 189 368 1092 921 1 
5	0.0: 630 726 434 350 459 916 976 1 
4	0.0: 666 710 441 189 1 1198 907 1 
4	0.0: 729 636 460 316 79 974 833 61 
5	0.0: 689 623 432 338 234 1072 879 259 
5	0.0: 674 655 466 343 545 957 801 209 
4	0.0: 633 690 422 342 121 805 896 1 
4	0.0: 660 567 454 502 114 619 836 1 
5	0.0: 677 566 449 316 267 681 746 182 
4	0.0: 703 532 449 211 133 812 890 52 
4	0.0: 613 455 439 299 92 981 1235 270 
5	0.0: 691 700 438 444 512 726 564 1 
4	0.0: 696 582 436 171 401 775 766 1 
5	0.0: 667 596 446 266 364 804 830 215 
4	0.0: 679 738 454 306 284 862 788 1 
5	0.0: 664 571 452 414 412 548 1040 323 
4	0.0: 738 502 430 271 327 660 735 1 
5	0.0: 743 677 460 426 293 595 689 238 
4	0.0: 668 629 475 176 175 967 772 69 
4	0.0: 755 470 438 95 1 797 720 1 
5	0.0: 729 670 439 326 352 981 859 1 
4	0.0: 602 426 454 140 1 711 910 237 
4	0.0: 725 550 455 394 1 935 809 54 
5	0.0: 735 617 451 314 355 874 845 90 
4	0.0: 630 662 463 280 246 692 649 1 
4	0.0: 805 603 448 134 329 740 1026 4 
5	0.0: 675 484 451 318 267 1056 929 166 
5	0.0: 647 660 418 369 310 910 979 101 
4	0.0: 681 701 469 302 241 610 820 29 
4	0.0: 744 540 444 323 139 1000 957 1 
4	0.0: 675 555 446 406 180 705 651 1 
4	0.0: 699 529 439 158 371 959 1035 1 
4	0.0: 737 599 468 419 190 863 920 42 
4	0.0: 752 611 450 231 205 829 899 31 
5	0.0: 754 502 432 275 299 1045 880 117 
4	0.0: 649 628 443 244 172 703 772 73 
4	0.0: 614 403 438 512 228 841 845 80 
4	0.0: 592 544 443 398 64 478 891 40 
4	0.0: 705 632 450 287 1 710 898 1 
4	0.0: 612 620 470 120 156 577 1051 86 
4	0.0: 811 568 427 177 209 880 1021 24 
4	0.0: 685 503 436 148 396 679 689 29 
4	0.0: 697 699 431 229 94 740 1003 113 
4	0.0: 768 546 474 334 187 723 827 31 
4	0.0: 711 449 442 105 297 800 1053 1 
4	0.0: 668 666 429 288 213 946 771 111 
4	0.0: 704 497 470 357 1 834 678 110 
4	0.0: 649 682 456 526 197 634 980 1 
4	0.0: 611 508 425 244 193 1079 827 20 
4	0.0: 759 563 456 154 86 542 908 76 
4	0.0: 576 633 452 316 202 1142 924 1 
5	0.0: 620 701 423 393 366 1026 1080 63 
4	0.0: 677 521 447 239 148 830 890 1 
4	0.0: 694 634 426 307 166 1082 799 123 
4	0.0: 608 554 463 257 293 768 799 135 
4	0.0: 645 696 458 339 102 834 609 188 
4	0.0: 628 539 468 298 1 853 969 114 
5	0.0: 713 560 424 309 313 886 965 93 
4	0.0: 624 451 444 303 12 959 991 150 
4	0.0: 618 586 455 314 64 624 1031 1 
4	0.0: 721 491 438 441 200 710 580 1 
4	0.0: 691 602 465 388 72 761 809 1 
4	0.0: 592 626 444 108 114 762 972 1 
5	0.0: 698 563 449 261 421 673 1057 122 
4	0.0: 711 622 471 189 331 919 703 1 
5	0.0: 742 556 468 335 490 709 977 1 
4	0.0: 624 557 431 232 274 1047 744 1 
4	0.0: 656 695 453 343 22 1083 876 156 
4	0.0: 618 589 438 347 144 873 769 2 
5	0.0: 666 600 446 337 478 665 1109 66 
5	0.0: 699 698 446 262 456 811 836 3 
4	0.0: 808 667 455 479 249 611 974 1 
5	0.0: 663 442 427 306 450 943 696 1 
4	0.0: 698 516 437 102 32 914 925 104 
4	0.0: 715 492 448 456 1 907 658 234 
4	0.0: 568 617 446 261 133 720 1165 1 
4	0.0: 617 759 463 255 38 748 1056 177 
5	0.0: 694 475 446 141 352 875 925 236 
4	0.0: 681 514 433 250 311 706 915 1 
4	0.0: 705 532 443 233 246 713 1100 1 
4	0.0: 681 480 462 381 321 985 733 1 
4	0.0: 549 446 437 265 149 628 1006 283 
4	0.0: 582 562 413 213 1 795 817 40 
4	0.0: 682 476 441 64 1 648 945 1 
4	0.0: 628 521 435 183 137 1073 906 1 
4	0.0: 727 637 456 167 1 673 1098 8 
4	0.0: 697 565 444 350 103 773 1018 1 
4	0.0: 744 532 483 346 205 605 1047 1 
4	0.0: 724 673 413 371 1 760 870 135 
4	0.0: 644 611 422 297 40 1082 937 145 
5	0.0: 620 558 431 277 423 1164 886 54 
5	0.0: 680 589 464 351 503 905 680 79 
5	0.0: 744 665 446 210 453 711 846 1 
4	0.0: 698 758 435 433 121 629 670 122 
4	0.0: 652 528 447 363 222 648 853 153 
5	0.0: 687 652 448 421 228 925 659 206 
4	0.0: 676 599 440 351 1 1127 707 32 
4	0.0: 699 761 478 155 216 781 1104 1 
4	0.0: 719 521 412 222 124 798 814 54 
4	0.0: 726 582 454 256 103 751 890 206 
4	0.0: 716 678 445 329 41 929 866 1 
4	0.0: 705 556 446 20 122 835 978 276 
5	0.0: 759 538 432 399 451 833 1033 170 
5	0.0: 667 627 432 315 237 1074 754 138 
5	0.0: 667 401 441 399 275 1104 763 96 
5	0.0: 671 548 465 229 453 579 641 95 
4	0.0: 638 715 448 267 118 732 931 1 
4	0.0: 593 561 426 335 4 432 798 1 
4	0.0: 687 420 466 187 349 1039 888 32 
5	0.0: 683 571 436 305 279 877 645 91 
4	0.0: 708 559 456 157 78 656 798 411 
4	0.0: 730 609 446 225 17 685 830 1 
5	0.0: 686 547 459 176 468 1111 1072 320 
4	0.0: 587 739 461 182 53 784 722 1 
4	0.0: 713 560 438 141 86 777 886 1 
4	0.0: 697 570 458 326 91 1226 722 1 
5	0.0: 634 619 445 224 468 686 1232 45 
5	0.0: 660 631 448 219 448 1004 1046 240 
4	0.0: 674 627 441 245 1 933 887 1 
5	0.0: 609 556 433 551 297 980 1117 95 
4	0.0: 660 636 462 159 49 588 780 18 
4	0.0: 740 578 427 282 179 1089 814 62 
4	0.0: 667 485 451 294 289 895 972 49 
4	0.0: 592 608 424 257 140 848 873 41 
4	0.0: 644 485 454 238 335 761 639 1 
4	0.0: 633 606 458 247 218 462 675 1 
4	0.0: 705 620 445 143 1 741 1083 249 
4	0.0: 658 425 455 263 145 954 778 275 
4	0.0: 561 603 464 285 134 730 853 28 
4	0.0: 557 609 465 233 310 564 892 74 
4	0.0: 624 641 435 99 288 690 1004 17 
4	0.0: 696 716 436 435 15 840 683 17 
4	0.0: 671 431 439 78 432 867 874 1 
4	0.0: 629 552 464 232 321 1128 855 1 
5	0.0: 685 547 452 360 358 721 942 288 
5	0.0: 668 701 420 100 458 882 854 1 
4	0.0: 633 613 453 348 1 607 989 28 
5	0.0: 582 571 452 236 384 855 1020 51 
4	0.0: 600 725 448 1 329 963 719 1 
5	0.0: 702 633 451 211 467 987 1035 93 
4	0.0: 575 539 428 312 218 852 851 122 
4	0.0: 697 600 472 197 1 936 875 270 
4	0.0: 666 597 465 203 220 986 939 42 
4	0.0: 622 700 457 276 129 840 775 108 
5	0.0: 699 625 430 287 301 1177 999 54 
5	0.0: 727 676 446 325 268 928 676 75 
5	0.0: 622 627 461 339 553 596 684 1 
4	0.0: 641 637 452 158 64 709 938 96 
4	0.0: 740 433 430 331 1 805 740 1 
4	0.0: 771 746 436 238 354 755 1074 1 
5	0.0: 712 664 445 323 526 820 1056 1 
4	0.0: 651 631 476 453 244 824 1074 1 
4	0.0: 637 609 423 260 46 920 742 1 
5	0.0: 735 596 432 364 358 1020 991 1 
4	0.0: 745 660 433 387 197 669 1311 1 
5	0.0: 641 600 457 491 323 1069 780 114 
4	0.0: 667 563 431 357 119 715 769 25 
4	0.0: 633 600 458 157 52 930 860 169 
5	0.0: 738 668 435 155 168 860 947 304 
4	0.0: 679 609 453 411 1 652 771 52 
4	0.0: 647 626 446 347 1 718 963 106 
5	0.0: 593 671 442 666 214 1011 605 1 
5	0.0: 600 652 413 423 365 732 1059 1 
4	0.0: 795 589 464 275 233 662 858 80 
4	0.0: 814 610 446 277 298 981 937 1 
4	0.0: 717 616 437 228 39 977 911 101 
4	0.0: 740 590 476 444 1 797 968 168 
4	0.0: 759 629 439 243 38 839 944 38 
5	0.0: 562 574 441 330 453 735 957 152 
5	0.0: 661 707 416 502 485 1152 655 1 
4	0.0: 738 529 440 336 77 1160 859 139 
5	0.0: 715 638 453 445 365 1175 897 159 
4	0.0: 687 680 434 88 292 849 1087 1 
4	0.0: 695 660 469 391 83 1032 932 1 
5	0.0: 737 566 441 321 270 667 820 184 
4	0.0: 712 707 462 245 1 962 693 149 
4	0.0: 731 634 430 37 161 938 857 1 
4	0.0: 640 505 438 401 1 840 980 1 
4	0.0: 613 640 459 405 37 656 926 1 
4	0.0: 675 504 453 406 46 671 882 107 
5	0.0: 670 485 459 195 461 960 875 267 
4	0.0: 625 735 443 517 40 725 696 167 
4	0.0: 747 655 430 104 245 674 1016 234 
5	0.0: 706 459 448 303 545 593 1014 153 
4	0.0: 590 757 440 313 25 721 993 249 
5	0.0: 676 669 441 349 315 1100 950 36 
4	0.0: 660 653 444 194 52 869 799 43 
4	0.0: 666 660 418 384 1 686 845 232 
5	0.0: 735 521 434 205 235 931 900 313 
5	0.0: 727 508 467 69 463 1127 921 179 
4	0.0: 771 508 443 169 375 619 987 1 
5	0.0: 819 607 417 167 363 705 906 98 
4	0.0: 677 538 433 193 128 937 769 166 
5	0.0: 675 529 441 186 577 775 1024 1 
4	0.0: 601 592 443 400 39 931 987 1 
5	0.0: 686 535 445 262 474 906 743 1 
5	0.0: 647 562 453 239 407 893 762 324 
5	0.0: 673 597 449 185 383 804 1100 192 
4	0.0: 762 525 440 438 1 909 994 16 
5	0.0: 763 582 421 263 274 1018 880 248 
4	0.0: 720 660 449 324 111 893 957 1 
5	0.0: 683 604 438 303 168 808 1108 285 
5	0.0: 625 497 462 256 394 1020 775 206 
4	0.0: 695 675 445 293 66 708 880 198 
4	0.0: 687 628 431 118 1 816 821 256 
4	0.0: 639 682 461 256 337 621 849 1 
4	0.0: 689 521 432 250 148 597 817 1 
4	0.0: 655 602 439 361 1 773 1000 109 
4	0.0: 733 512 438 60 156 779 962 1 
4	0.0: 639 703 430 169 131 641 948 72 
5	0.0: 656 631 435 340 319 1052 874 1 
5	0.0: 677 663 463 425 350 1092 969 88 
4	0.0: 703 451 462 279 87 628 921 76 
4	0.0: 589 546 443 225 68 1091 1024 1 
4	0.0: 674 573 441 179 23 973 896 163 
4	0.0: 642 444 439 384 40 453 742 124 
4	0.0: 610 456 445 341 212 877 840 1 
5	0.0: 711 736 434 334 450 989 878 144 
4	0.0: 677 647 453 327 200 1054 815 26 
4	0.0: 679 630 440 247 116 920 867 19 
4	0.0: 762 596 431 481 57 589 1020 244 
4	0.0: 679 731 447 391 64 915 832 198 
4	0.0: 730 753 446 255 153 946 934 1 
4	0.0: 731 562 446 183 1 922 770 15 
5	0.0: 650 698 443 310 519 981 794 186 
4	0.0: 697 696 452 84 165 739 794 84 
4	0.0: 700 588 432 218 182 790 845 53 
4	0.0: 726 564 434 323 92 665 990 32 
4	0.0: 767 678 450 262 311 705 769 40 
4	0.0: 680 633 435 322 322 546 756 49 
5	0.0: 661 451 435 211 458 995 891 319 
5	0.0: 645 607 473 213 580 516 989 1 
5	0.0: 672 705 432 241 170 993 851 354 
4	0.0: 650 610 441 223 1 875 891 136 
4	0.0: 680 490 439 82 1 840 840 185 
4	0.0: 690 552 440 280 148 824 1003 1 
4	0.0: 568 640 461 202 31 712 1012 1 
4	0.0: 647 636 455 245 255 684 740 158 
4	0.0: 671 602 438 218 334 644 737 1 
5	0.0: 672 802 444 350 327 924 1034 63 
4	0.0: 699 588 437 305 50 971 780 209 
5	0.0: 687 627 471 223 336 782 1070 424 
5	0.0: 661 589 440 284 574 954 1105 149 
5	0.0: 639 649 485 333 576 683 791 1 
5	0.0: 675 635 451 367 194 806 707 217 
5	0.0: 567 680 439 363 172 879 837 226 
5	0.0: 646 490 452 407 373 765 1045 148 
4	0.0: 673 642 456 230 330 831 977 1 
5	0.0: 729 596 416 264 425 654 866 149 
