3	0.0: 709 124 851 801 1 256 279 706 
3	0.0: 707 306 843 636 324 150 279 498 
0	0.0: 665 425 939 634 409 341 308 587 
0	0.0: 703 282 680 485 19 387 308 639 
3	0.0: 706 51 724 947 139 131 282 982 
0	0.0: 823 525 860 567 295 329 302 800 
3	0.0: 632 218 970 823 8 6 286 978 
0	0.0: 573 416 926 639 303 264 273 610 
3	0.0: 586 214 923 895 413 360 265 790 
3	0.0: 634 519 856 690 178 1 325 878 
3	0.0: 740 353 1037 830 300 317 340 860 
3	0.0: 658 430 691 767 134 207 281 676 
3	0.0: 528 283 867 853 121 1 331 867 
3	0.0: 752 312 674 760 91 269 325 683 
3	0.0: 540 266 934 960 199 1 281 852 
3	0.0: 638 297 1024 837 31 208 281 456 
3	0.0: 540 247 887 1099 1 386 290 637 
3	0.0: 719 472 630 786 220 138 255 698 
0	0.0: 726 505 748 473 114 558 259 935 
0	0.0: 695 199 857 576 281 301 321 690 
3	0.0: 739 114 929 676 19 233 311 762 
3	0.0: 730 286 768 805 206 1 295 896 
0	0.0: 393 480 685 760 95 800 262 852 
3	0.0: 761 493 644 769 182 225 263 875 
3	0.0: 603 458 721 666 1 82 243 752 
3	0.0: 576 139 897 417 186 1 286 569 
3	0.0: 667 590 861 565 332 1 271 868 
3	0.0: 637 461 858 735 296 258 313 587 
3	0.0: 761 545 952 735 1 45 262 777 
3	0.0: 903 427 558 682 293 49 269 682 
3	0.0: 741 458 803 806 173 1 265 668 
3	0.0: 601 425 785 630 160 101 305 868 
0	0.0: 724 216 792 386 244 42 261 792 
3	0.0: 606 481 981 698 222 59 328 791 
0	0.0: 664 340 933 156 204 358 272 955 
3	0.0: 674 146 774 665 1 1 269 870 
3	0.0: 492 343 982 988 89 4 295 813 
0	0.0: 636 419 764 549 516 465 262 663 
3	0.0: 698 177 723 799 284 45 284 990 
3	0.0: 639 422 800 784 228 91 271 716 
0	0.0: 655 303 860 366 1 356 294 662 
3	0.0: 496 260 951 879 440 1 361 707 
3	0.0: 764 243 791 715 331 360 313 289 
0	0.0: 701 275 826 627 247 323 247 1004 
3	0.0: 652 283 726 1003 198 46 271 552 
3	0.0: 582 488 959 987 1 143 330 895 
3	0.0: 744 529 798 628 298 126 261 371 
3	0.0: 690 499 921 523 255 72 286 706 
3	0.0: 657 391 825 747 80 49 323 657 
3	0.0: 593 205 722 562 26 1 284 549 
3	0.0: 683 683 843 690 1 1 310 641 
3	0.0: 551 91 673 782 1 273 318 749 
3	0.0: 763 131 1008 878 290 229 273 443 
3	0.0: 697 357 830 859 1 1 237 1125 
0	0.0: 724 315 989 388 645 170 300 694 
0	0.0: 700 438 877 666 1 499 240 657 
3	0.0: 706 257 832 560 1 201 340 509 
3	0.0: 730 362 635 632 2 49 272 962 
3	0.0: 885 512 842 995 172 90 351 740 
3	0.0: 708 160 1056 838 48 153 284 711 
3	0.0: 595 281 945 737 312 210 309 721 
3	0.0: 519 432 1023 673 1 117 288 553 
3	0.0: 620 430 607 789 479 247 340 915 
3	0.0: 718 1 882 927 235 309 329 784 
3	0.0: 730 355 840 717 138 198 176 840 
3	0.0: 635 422 958 884 53 277 272 611 
3	0.0: 609 351 818 612 22 161 294 431 
0	0.0: 714 430 678 680 326 302 264 1034 
3	0.0: 619 458 811 878 98 265 305 997 
3	0.0: 645 664 831 742 68 79 237 557 
3	0.0: 814 135 858 649 257 1 279 755 
0	0.0: 554 291 619 453 531 295 331 728 
0	0.0: 524 441 721 664 1 279 281 863 
3	0.0: 482 362 941 659 1 144 228 891 
3	0.0: 655 394 1096 487 240 108 307 531 
3	0.0: 740 546 670 838 151 229 294 580 
3	0.0: 834 213 742 722 329 109 264 748 
0	0.0: 688 418 1006 545 93 420 292 629 
3	0.0: 607 234 744 634 451 113 282 810 
3	0.0: 779 429 751 642 372 97 310 682 
3	0.0: 691 460 620 806 422 109 310 722 
0	0.0: 629 248 636 404 82 225 270 472 
3	0.0: 609 564 563 1173 251 283 302 738 
0	0.0: 558 394 827 509 579 178 289 626 
3	0.0: 690 498 850 683 202 1 299 1072 
3	0.0: 658 403 769 672 118 160 318 616 
3	0.0: 587 437 838 885 364 154 284 857 
3	0.0: 664 665 811 706 1 50 311 958 
0	0.0: 760 236 779 396 51 1 335 959 
3	0.0: 729 376 815 720 280 216 302 634 
3	0.0: 683 364 824 880 116 128 294 759 
3	0.0: 539 385 750 561 1 36 277 744 
0	0.0: 660 296 705 777 539 411 280 808 
3	0.0: 691 361 831 655 88 306 331 588 
0	0.0: 553 321 780 782 66 490 288 506 
0	0.0: 535 322 686 936 236 465 238 876 
3	0.0: 785 295 731 661 1 58 352 279 
3	0.0: 697 240 843 769 164 295 304 379 
0	0.0: 608 468 1069 407 1 168 283 626 
0	0.0: 702 302 860 452 470 235 288 890 
3	0.0: 590 130 817 681 121 1 287 739 
3	0.0: 638 295 799 670 271 103 288 1084 
3	0.0: 617 587 795 719 323 3 301 838 
3	0.0: 422 416 753 903 1 365 303 694 
3	0.0: 645 79 870 773 96 283 246 619 
0	0.0: 555 330 810 374 270 532 369 884 
0	0.0: 524 369 677 339 22 527 277 1255 
3	0.0: 784 292 783 858 50 1 282 471 
3	0.0: 859 299 991 709 55 208 292 1007 
3	0.0: 764 313 927 843 466 284 271 604 
3	0.0: 580 215 770 800 1 29 295 785 
3	0.0: 526 459 868 875 1 1 304 1027 
0	0.0: 601 144 884 604 136 380 267 509 
3	0.0: 686 351 903 657 238 197 319 760 
3	0.0: 747 181 613 650 124 1 291 899 
3	0.0: 826 301 753 705 415 140 283 526 
3	0.0: 554 298 927 930 567 135 255 350 
3	0.0: 530 419 749 734 65 260 331 539 
0	0.0: 782 210 789 420 1 196 321 853 
3	0.0: 611 266 999 774 262 1 283 824 
0	0.0: 481 379 899 519 173 234 296 708 
3	0.0: 536 501 1090 699 398 88 357 866 
3	0.0: 749 256 869 913 122 419 263 737 
3	0.0: 566 290 808 548 1 1 279 398 
3	0.0: 860 255 800 514 307 100 295 918 
0	0.0: 677 296 839 289 226 1 317 938 
3	0.0: 657 309 883 891 32 1 324 1019 
3	0.0: 753 185 761 647 54 296 308 634 
3	0.0: 627 540 856 1045 20 149 276 813 
0	0.0: 722 211 709 430 123 555 275 643 
3	0.0: 724 145 700 1108 217 71 328 688 
3	0.0: 793 347 791 875 1 178 260 944 
0	0.0: 613 571 989 578 287 181 319 868 
0	0.0: 579 276 793 641 279 561 294 714 
3	0.0: 760 333 899 767 339 178 265 915 
0	0.0: 556 482 850 733 151 644 264 849 
3	0.0: 742 279 787 867 1 258 288 933 
3	0.0: 832 340 705 550 332 1 329 972 
3	0.0: 619 256 901 658 213 1 295 479 
3	0.0: 703 209 825 787 424 91 293 1003 
3	0.0: 642 572 1028 701 443 222 257 687 
3	0.0: 583 330 976 783 1 1 278 830 
3	0.0: 723 450 702 841 51 379 319 878 
0	0.0: 599 394 830 755 664 305 296 946 
0	0.0: 680 314 667 600 44 238 299 829 
3	0.0: 636 443 785 580 25 33 319 804 
3	0.0: 775 245 673 749 265 1 319 722 
0	0.0: 619 237 906 809 1 499 346 924 
3	0.0: 584 285 603 811 26 30 306 608 
0	0.0: 670 286 904 740 541 333 303 794 
3	0.0: 676 135 768 814 63 188 304 878 
3	0.0: 627 380 1179 935 315 216 238 507 
3	0.0: 631 386 846 855 159 304 268 699 
3	0.0: 812 1 904 808 203 37 314 682 
0	0.0: 674 315 804 829 1 585 366 750 
0	0.0: 671 226 790 563 66 241 288 941 
3	0.0: 660 296 906 641 301 103 252 914 
3	0.0: 504 173 912 647 1 178 320 492 
3	0.0: 722 267 779 862 497 212 295 677 
3	0.0: 572 224 756 947 131 375 238 742 
3	0.0: 746 287 857 782 154 1 266 645 
0	0.0: 671 281 639 580 547 398 264 734 
3	0.0: 717 303 851 729 1 1 263 742 
0	0.0: 557 219 911 748 622 326 325 520 
0	0.0: 621 253 700 646 1 544 311 832 
3	0.0: 657 9 916 914 136 1 282 571 
3	0.0: 692 285 729 535 1 1 327 847 
3	0.0: 606 350 793 835 266 370 284 742 
0	0.0: 633 478 774 709 1 285 371 964 
0	0.0: 778 385 680 903 152 640 330 886 
3	0.0: 531 346 986 840 334 5 285 635 
3	0.0: 623 379 702 740 305 1 333 721 
0	0.0: 571 244 757 434 109 190 310 695 
0	0.0: 556 207 630 598 215 421 275 537 
3	0.0: 487 422 785 936 176 227 318 756 
0	0.0: 583 344 885 600 183 294 326 928 
3	0.0: 514 458 970 561 157 1 294 895 
0	0.0: 700 148 949 548 424 313 336 789 
3	0.0: 604 562 633 886 48 212 288 662 
0	0.0: 677 168 917 677 62 216 299 917 
3	0.0: 548 191 1013 820 105 1 255 593 
3	0.0: 671 452 892 736 5 70 316 860 
3	0.0: 684 436 831 724 477 260 279 635 
3	0.0: 663 351 953 690 256 92 320 363 
3	0.0: 434 419 773 1018 419 182 318 441 
3	0.0: 666 375 578 466 58 1 303 698 
3	0.0: 739 131 831 606 1 131 295 868 
3	0.0: 702 242 828 832 6 1 260 547 
3	0.0: 838 480 831 887 354 1 232 703 
3	0.0: 598 26 830 730 19 1 299 962 
3	0.0: 646 497 824 807 221 372 317 657 
3	0.0: 641 400 831 740 213 229 282 533 
3	0.0: 676 256 840 799 122 334 303 861 
0	0.0: 571 386 937 683 15 282 234 829 
3	0.0: 773 389 799 723 149 1 262 1007 
0	0.0: 567 520 785 580 161 218 254 891 
0	0.0: 477 308 1020 654 36 367 337 709 
3	0.0: 618 206 927 804 89 227 314 831 
3	0.0: 678 570 754 723 26 1 317 641 
3	0.0: 584 459 912 641 255 206 235 816 
3	0.0: 588 307 716 764 66 183 259 606 
3	0.0: 681 203 869 729 1 230 268 905 
3	0.0: 542 359 794 762 208 258 270 568 
3	0.0: 650 336 949 630 48 212 272 469 
0	0.0: 597 419 884 555 89 500 267 559 
3	0.0: 671 349 704 565 331 3 261 729 
3	0.0: 653 345 1213 894 226 358 290 741 
3	0.0: 585 271 868 724 237 256 347 560 
3	0.0: 659 618 738 610 41 205 292 782 
3	0.0: 536 192 793 985 608 1 323 597 
3	0.0: 741 404 769 658 1 1 285 497 
3	0.0: 799 422 819 650 1 121 293 758 
3	0.0: 682 382 790 823 528 315 298 990 
3	0.0: 732 273 687 754 358 256 303 494 
0	0.0: 611 512 948 314 330 35 289 706 
3	0.0: 672 334 761 613 129 85 266 439 
0	0.0: 664 267 657 694 225 510 232 850 
3	0.0: 794 42 889 1036 226 1 285 644 
3	0.0: 678 432 855 954 9 207 276 942 
0	0.0: 639 398 927 631 250 348 296 669 
3	0.0: 781 419 835 571 117 126 326 774 
0	0.0: 619 548 787 631 149 479 254 919 
3	0.0: 671 569 816 598 240 164 254 854 
3	0.0: 421 400 668 1256 168 1 252 485 
3	0.0: 605 507 623 528 164 1 271 816 
0	0.0: 682 219 813 466 182 123 341 805 
3	0.0: 661 356 731 493 144 145 329 674 
0	0.0: 679 363 811 684 210 404 318 1106 
3	0.0: 690 318 928 736 226 110 292 796 
3	0.0: 617 379 827 1061 1 210 281 552 
3	0.0: 577 424 788 735 265 113 283 871 
3	0.0: 534 179 884 994 576 1 353 613 
3	0.0: 621 143 773 626 343 1 330 500 
0	0.0: 513 1 833 500 260 33 334 721 
3	0.0: 621 316 879 689 264 80 285 302 
3	0.0: 687 380 685 844 212 418 282 764 
3	0.0: 812 502 1035 870 1 68 296 782 
3	0.0: 772 238 811 996 389 388 296 548 
3	0.0: 780 379 867 674 1 61 284 809 
0	0.0: 592 107 1032 636 442 198 293 1043 
3	0.0: 566 359 919 809 591 200 334 780 
3	0.0: 860 584 814 897 267 175 297 667 
3	0.0: 719 304 922 942 1 1 227 718 
3	0.0: 632 308 947 671 134 143 280 753 
0	0.0: 606 185 885 689 100 214 312 1200 
3	0.0: 607 406 896 546 166 1 297 765 
3	0.0: 414 549 730 823 219 1 275 757 
0	0.0: 754 253 767 682 97 400 278 548 
0	0.0: 617 98 800 415 477 117 288 728 
0	0.0: 648 364 811 596 642 375 296 743 
3	0.0: 747 274 881 812 174 41 249 314 
0	0.0: 806 209 733 716 349 252 257 1188 
3	0.0: 741 529 925 915 361 380 299 817 
0	0.0: 652 209 826 781 444 530 282 878 
3	0.0: 723 75 900 926 112 147 270 698 
3	0.0: 798 458 781 832 154 1 325 581 
3	0.0: 578 81 853 832 15 1 249 666 
0	0.0: 632 387 808 767 297 643 353 580 
0	0.0: 442 224 767 511 260 275 270 717 
3	0.0: 618 414 692 661 485 151 290 804 
3	0.0: 612 558 894 807 136 95 324 625 
0	0.0: 605 228 779 528 1 404 302 474 
3	0.0: 515 62 999 784 220 152 303 552 
0	0.0: 706 199 796 748 379 322 266 875 
3	0.0: 573 95 683 599 232 185 282 692 
3	0.0: 718 295 796 707 158 1 291 646 
0	0.0: 495 459 703 554 264 516 285 636 
3	0.0: 666 331 585 627 311 110 225 832 
3	0.0: 627 326 668 922 283 20 337 778 
3	0.0: 569 496 649 824 323 1 339 804 
0	0.0: 552 281 712 540 194 181 251 721 
3	0.0: 666 190 796 763 159 36 318 569 
3	0.0: 637 310 877 768 54 279 289 823 
3	0.0: 528 338 1101 1030 304 193 276 916 
3	0.0: 608 273 839 593 171 29 336 381 
3	0.0: 624 1 684 784 369 174 305 799 
0	0.0: 588 260 713 664 131 388 266 552 
3	0.0: 700 242 989 649 1 1 270 639 
3	0.0: 582 283 777 884 165 1 260 988 
0	0.0: 706 93 926 547 1 345 297 881 
3	0.0: 585 234 768 750 452 1 275 485 
3	0.0: 618 209 672 717 290 126 275 656 
3	0.0: 574 411 799 1002 457 20 278 1111 
3	0.0: 745 347 903 627 71 76 304 872 
0	0.0: 658 337 753 420 1 100 266 753 
3	0.0: 586 453 908 935 81 188 265 692 
0	0.0: 627 129 715 514 1 494 245 476 
3	0.0: 533 472 911 857 104 221 273 690 
0	0.0: 677 329 773 807 70 393 324 926 
3	0.0: 786 192 901 616 75 228 252 749 
0	0.0: 593 451 722 660 115 517 255 759 
3	0.0: 644 130 845 678 359 229 303 267 
3	0.0: 715 120 822 648 1 88 259 795 
3	0.0: 499 211 975 619 1 55 305 760 
3	0.0: 520 235 1008 653 270 1 303 930 
3	0.0: 709 103 625 731 231 1 282 733 
3	0.0: 763 251 930 790 341 1 295 933 
3	0.0: 654 481 887 730 283 117 249 947 
3	0.0: 475 367 992 673 274 99 326 680 
0	0.0: 553 134 848 574 209 320 330 890 
3	0.0: 809 318 826 766 33 247 325 867 
0	0.0: 591 240 925 906 1 384 312 1047 
0	0.0: 548 283 786 375 1 438 277 508 
0	0.0: 639 430 792 642 255 308 271 705 
0	0.0: 650 187 695 468 11 193 357 511 
0	0.0: 569 358 829 670 345 250 312 815 
3	0.0: 766 286 781 758 111 96 304 793 
3	0.0: 729 470 859 744 1 260 349 756 
3	0.0: 647 173 917 923 175 251 231 853 
3	0.0: 783 371 877 656 246 215 296 793 
3	0.0: 687 397 987 546 73 1 284 854 
0	0.0: 860 173 895 562 293 384 308 874 
3	0.0: 698 374 914 846 595 271 267 769 
3	0.0: 512 473 870 1072 156 422 254 790 
3	0.0: 686 484 736 662 17 1 293 735 
3	0.0: 699 317 665 407 1 1 281 731 
3	0.0: 624 493 974 713 534 53 273 745 
3	0.0: 617 285 764 899 130 139 329 640 
3	0.0: 557 334 823 874 300 141 303 974 
3	0.0: 451 358 826 723 256 193 240 635 
0	0.0: 674 498 602 670 212 385 254 834 
0	0.0: 467 198 961 503 512 251 262 744 
3	0.0: 514 321 835 527 337 1 268 640 
3	0.0: 561 305 734 748 32 218 288 745 
0	0.0: 604 94 906 586 214 208 251 796 
3	0.0: 722 518 749 844 191 135 274 740 
3	0.0: 752 369 745 973 302 290 330 785 
0	0.0: 762 343 882 651 130 350 296 700 
3	0.0: 651 272 938 684 315 63 310 461 
3	0.0: 711 245 679 843 67 356 310 1066 
3	0.0: 599 437 753 818 300 302 290 711 
3	0.0: 646 361 1047 976 333 1 292 215 
3	0.0: 693 140 696 870 90 122 252 700 
3	0.0: 514 296 778 844 1 206 313 575 
0	0.0: 553 346 949 524 39 400 298 897 
0	0.0: 681 307 795 491 50 309 306 748 
3	0.0: 667 470 962 800 157 32 271 344 
3	0.0: 611 207 842 442 1 1 296 623 
3	0.0: 566 87 728 597 1 203 318 471 
3	0.0: 758 272 815 753 27 56 290 570 
3	0.0: 633 250 708 820 287 492 258 291 
0	0.0: 610 348 704 606 160 315 287 718 
3	0.0: 698 365 630 781 408 1 325 879 
3	0.0: 584 353 577 624 413 151 321 712 
0	0.0: 511 297 797 602 1 490 303 986 
3	0.0: 702 106 756 750 282 1 288 840 
3	0.0: 833 299 780 751 478 163 308 554 
3	0.0: 658 395 841 843 285 393 281 756 
3	0.0: 621 474 774 630 1 1 271 773 
3	0.0: 682 230 676 757 383 127 323 779 
3	0.0: 706 307 940 733 41 235 253 980 
3	0.0: 695 455 881 924 404 401 278 533 
3	0.0: 646 441 614 821 35 216 258 770 
3	0.0: 614 514 706 677 350 136 295 422 
3	0.0: 516 390 888 709 127 202 275 891 
0	0.0: 679 519 963 539 138 318 250 386 
3	0.0: 528 228 585 905 26 495 283 451 
0	0.0: 619 383 573 482 466 243 322 899 
3	0.0: 645 300 732 696 207 227 302 623 
3	0.0: 576 374 957 883 384 176 273 871 
3	0.0: 640 298 916 818 290 1 293 751 
3	0.0: 517 401 747 575 106 225 286 543 
3	0.0: 769 280 954 772 189 1 259 809 
0	0.0: 611 550 761 366 44 255 313 765 
3	0.0: 744 202 824 596 322 39 258 847 
0	0.0: 647 162 861 501 1 281 255 615 
3	0.0: 697 55 941 706 1 84 271 1208 
0	0.0: 795 447 840 744 207 559 222 1024 
0	0.0: 688 169 814 687 1 336 299 963 
3	0.0: 533 372 494 591 1 51 296 632 
3	0.0: 789 406 522 755 1 196 253 710 
3	0.0: 703 306 719 504 1 224 269 511 
3	0.0: 576 530 753 862 367 126 277 807 
3	0.0: 594 336 647 745 268 3 271 586 
0	0.0: 566 438 490 603 242 548 356 650 
3	0.0: 568 212 730 979 1 65 266 781 
3	0.0: 692 291 796 646 250 93 306 742 
3	0.0: 706 432 729 801 159 1 281 783 
0	0.0: 658 430 771 560 282 573 322 816 
3	0.0: 687 467 781 871 329 43 303 601 
3	0.0: 638 418 1018 813 161 1 256 1137 
3	0.0: 549 361 738 655 67 226 282 645 
3	0.0: 614 179 891 594 281 1 301 759 
3	0.0: 642 331 781 602 3 53 314 365 
0	0.0: 596 261 740 531 411 284 270 654 
3	0.0: 553 558 631 763 1 239 290 643 
3	0.0: 743 260 826 883 437 1 334 725 
3	0.0: 623 226 681 543 368 1 214 565 
3	0.0: 606 401 828 755 271 50 282 749 
3	0.0: 685 311 696 969 1 348 283 615 
0	0.0: 467 148 846 939 95 588 275 643 
3	0.0: 718 362 673 792 357 1 330 1030 
3	0.0: 609 414 784 722 308 295 321 650 
3	0.0: 581 409 774 574 405 188 278 602 
0	0.0: 521 332 973 715 166 743 313 716 
3	0.0: 705 238 557 607 193 223 321 782 
3	0.0: 699 511 867 1017 262 50 295 784 
3	0.0: 633 314 640 641 405 1 295 579 
3	0.0: 621 496 891 692 417 66 308 696 
3	0.0: 769 194 901 916 7 105 299 449 
3	0.0: 629 525 821 470 211 1 256 903 
3	0.0: 668 240 870 919 155 1 300 562 
0	0.0: 531 323 990 712 238 280 278 859 
3	0.0: 740 325 842 611 167 1 251 632 
3	0.0: 703 223 688 742 498 90 256 992 
0	0.0: 660 247 672 556 139 201 304 855 
3	0.0: 751 215 755 837 39 120 257 451 
3	0.0: 556 294 642 811 437 1 286 821 
0	0.0: 648 277 956 360 114 290 282 752 
0	0.0: 599 173 785 488 359 307 290 667 
3	0.0: 712 191 1050 870 1 235 272 650 
3	0.0: 637 539 748 356 187 1 289 505 
0	0.0: 642 208 971 434 276 460 324 612 
3	0.0: 593 283 909 555 9 20 293 976 
3	0.0: 593 315 813 1007 1 329 272 616 
3	0.0: 658 299 709 787 1 229 287 1063 
0	0.0: 483 330 718 695 225 403 326 837 
3	0.0: 484 357 801 551 346 90 303 571 
3	0.0: 552 406 675 799 350 208 304 513 
3	0.0: 708 145 867 732 236 179 259 694 
3	0.0: 685 131 808 619 312 1 257 830 
3	0.0: 762 372 634 660 191 277 268 939 
3	0.0: 821 449 669 755 1 18 313 453 
0	0.0: 518 197 791 541 222 96 275 876 
3	0.0: 750 239 727 705 33 22 280 926 
3	0.0: 586 211 749 741 216 1 302 782 
3	0.0: 770 308 1011 745 166 174 287 809 
3	0.0: 527 360 919 752 204 47 324 951 
0	0.0: 600 430 1045 433 561 531 324 823 
3	0.0: 609 268 769 881 192 1 296 919 
0	0.0: 662 200 806 398 310 1 274 1064 
0	0.0: 683 405 851 371 80 520 287 569 
3	0.0: 543 108 837 593 500 1 318 659 
0	0.0: 689 575 890 513 1 302 271 971 
0	0.0: 684 1 920 829 129 407 323 780 
3	0.0: 666 246 769 593 1 1 316 838 
0	0.0: 707 147 1125 779 239 538 303 836 
0	0.0: 596 378 834 758 77 440 283 588 
3	0.0: 751 443 885 799 18 101 263 942 
3	0.0: 669 313 699 909 150 315 326 716 
0	0.0: 553 261 826 772 1 325 262 896 
3	0.0: 747 293 606 535 354 1 321 737 
3	0.0: 620 212 714 965 1 313 324 824 
3	0.0: 632 119 760 677 251 1 291 664 
0	0.0: 668 280 891 739 1 350 323 885 
0	0.0: 548 473 796 468 319 208 258 452 
3	0.0: 647 405 875 681 476 303 302 564 
0	0.0: 566 365 868 740 232 287 339 1027 
3	0.0: 652 332 1014 867 288 225 245 467 
0	0.0: 690 166 832 523 1 258 285 856 
0	0.0: 731 247 962 757 1 519 292 1013 
3	0.0: 616 166 910 872 417 206 244 1007 
3	0.0: 668 260 779 768 487 1 325 1113 
3	0.0: 564 388 770 1050 48 451 317 693 
0	0.0: 656 284 739 625 240 268 332 753 
3	0.0: 566 270 713 777 139 1 269 874 
3	0.0: 767 411 851 799 419 370 287 591 
3	0.0: 724 157 840 912 126 171 361 764 
3	0.0: 832 166 733 678 199 140 260 775 
3	0.0: 769 348 741 668 92 98 276 761 
3	0.0: 790 399 963 687 277 117 291 738 
3	0.0: 678 206 840 708 483 285 271 655 
3	0.0: 737 224 635 1055 427 1 299 790 
3	0.0: 726 221 741 757 96 179 255 760 
3	0.0: 594 566 1021 639 83 1 244 1011 
3	0.0: 649 288 657 610 344 121 291 478 
3	0.0: 614 411 647 827 6 93 277 937 
3	0.0: 525 610 675 707 1 253 247 908 
0	0.0: 489 148 961 448 238 1 322 910 
3	0.0: 706 345 835 856 139 13 269 818 
3	0.0: 585 187 534 537 144 1 262 707 
3	0.0: 645 140 861 754 68 224 302 765 
3	0.0: 588 308 861 671 108 215 235 585 
3	0.0: 786 66 899 756 70 154 343 883 
3	0.0: 684 469 940 375 1 64 239 615 
0	0.0: 698 340 653 985 236 639 274 656 
0	0.0: 682 144 820 806 158 411 319 728 
3	0.0: 593 346 773 801 413 20 280 820 
3	0.0: 631 306 838 636 57 206 298 486 
0	0.0: 659 427 889 609 232 386 329 559 
3	0.0: 585 151 684 1090 289 1 263 961 
0	0.0: 676 376 562 441 16 281 312 744 
3	0.0: 545 320 585 863 24 1 297 933 
3	0.0: 735 197 779 762 408 108 268 830 
0	0.0: 430 474 744 527 19 278 255 891 
3	0.0: 717 354 752 1092 102 374 301 559 
3	0.0: 508 416 880 786 249 252 305 588 
0	0.0: 699 264 782 786 94 475 363 493 
0	0.0: 599 173 889 803 105 436 333 860 
3	0.0: 737 350 841 836 60 173 324 684 
3	0.0: 624 286 885 439 1 1 300 635 
3	0.0: 721 159 792 580 167 1 232 960 
3	0.0: 726 356 942 1144 145 229 276 708 
0	0.0: 578 295 821 713 484 400 273 834 
0	0.0: 614 406 900 717 292 437 271 1054 
0	0.0: 613 568 933 743 154 501 288 764 
3	0.0: 660 352 782 838 218 256 274 728 
3	0.0: 712 372 768 690 155 235 294 882 
0	0.0: 651 152 845 646 232 294 312 649 
3	0.0: 555 98 455 832 1 353 328 941 
0	0.0: 664 257 791 489 272 558 327 641 
0	0.0: 641 418 725 539 183 237 257 777 
0	0.0: 722 304 1084 749 61 328 329 869 
0	0.0: 584 349 802 691 189 360 298 598 
0	0.0: 731 398 922 647 216 483 281 819 
3	0.0: 691 145 1035 862 1 254 280 543 
3	0.0: 683 195 760 718 400 1 300 514 
3	0.0: 657 366 602 479 1 1 276 738 
3	0.0: 569 189 704 831 14 1 261 572 
0	0.0: 752 177 624 713 28 398 319 706 
0	0.0: 544 401 726 540 255 181 279 922 
3	0.0: 543 387 674 761 141 1 341 852 
3	0.0: 686 73 850 846 425 197 307 743 
3	0.0: 627 191 789 912 46 41 254 635 
0	0.0: 653 439 732 729 285 600 310 825 
3	0.0: 612 413 981 975 484 1 343 655 
3	0.0: 588 429 646 377 1 1 280 526 
0	0.0: 656 24 675 671 203 287 256 741 
3	0.0: 723 342 655 763 1 32 297 1095 
0	0.0: 625 220 740 754 4 614 378 618 
0	0.0: 636 293 922 519 19 377 342 642 
3	0.0: 683 314 627 983 56 1 255 503 
3	0.0: 661 538 595 664 103 254 293 857 
3	0.0: 541 336 719 929 77 216 265 890 
3	0.0: 745 265 771 568 198 1 280 895 
0	0.0: 799 305 962 627 229 204 263 878 
3	0.0: 611 208 763 660 108 90 316 621 
0	0.0: 663 333 896 289 117 335 298 809 
0	0.0: 722 237 733 652 1 391 302 685 
0	0.0: 821 223 968 677 1 313 350 782 
3	0.0: 591 460 699 825 239 414 302 395 
0	0.0: 710 316 778 613 69 237 263 1086 
3	0.0: 701 342 860 956 1 1 280 794 
3	0.0: 626 253 835 567 514 1 245 636 
0	0.0: 755 492 941 386 516 354 299 728 
3	0.0: 631 469 685 911 397 429 282 862 
3	0.0: 802 200 984 870 616 334 283 656 
3	0.0: 460 442 546 734 301 1 334 651 
0	0.0: 685 214 592 710 174 408 263 890 
3	0.0: 656 370 806 873 122 269 296 783 
3	0.0: 641 141 823 1008 499 133 241 743 
0	0.0: 718 208 911 819 182 430 301 848 
3	0.0: 566 255 792 606 154 145 302 450 
3	0.0: 634 372 836 939 1 213 283 712 
0	0.0: 638 361 826 627 112 105 262 1342 
0	0.0: 583 326 747 512 55 148 270 886 
3	0.0: 582 243 800 509 224 1 313 949 
3	0.0: 640 335 819 820 164 1 247 671 
3	0.0: 803 119 866 716 184 11 314 630 
3	0.0: 566 403 705 704 1 269 340 584 
0	0.0: 606 313 817 756 125 401 313 912 
0	0.0: 626 412 721 480 119 201 248 612 
3	0.0: 607 267 865 1006 369 316 282 672 
0	0.0: 700 308 813 548 155 312 316 513 
3	0.0: 517 114 790 598 255 32 265 942 
3	0.0: 683 304 976 744 416 203 296 968 
0	0.0: 690 208 783 524 77 360 322 595 
3	0.0: 644 201 929 823 4 1 292 664 
3	0.0: 646 383 885 785 1 62 256 535 
3	0.0: 645 276 934 766 93 233 303 661 
3	0.0: 834 142 948 728 119 88 332 898 
0	0.0: 548 489 625 518 177 191 246 745 
0	0.0: 698 463 935 770 392 509 273 693 
0	0.0: 656 428 955 637 128 371 303 742 
3	0.0: 594 474 730 867 12 185 286 710 
0	0.0: 604 85 804 520 104 297 231 611 
3	0.0: 595 527 864 731 1 46 315 795 
3	0.0: 450 90 847 830 249 89 301 841 
3	0.0: 649 413 741 829 256 1 252 598 
3	0.0: 660 277 852 698 98 1 233 878 
0	0.0: 600 377 928 517 300 351 278 779 
3	0.0: 556 385 818 624 1 171 264 721 
0	0.0: 725 271 959 587 29 207 287 861 
3	0.0: 697 249 582 809 102 370 331 465 
3	0.0: 789 338 955 726 180 305 308 767 
3	0.0: 531 476 755 1094 135 40 297 580 
3	0.0: 654 152 738 688 1 1 258 914 
0	0.0: 707 321 741 632 56 310 293 778 
3	0.0: 609 381 807 749 289 163 323 723 
3	0.0: 454 375 705 753 1 122 298 425 
3	0.0: 554 456 826 558 314 1 300 979 
3	0.0: 567 478 755 647 334 84 244 558 
3	0.0: 706 644 911 682 220 104 330 606 
0	0.0: 610 364 818 449 473 257 287 629 
0	0.0: 753 277 855 529 281 356 267 553 
3	0.0: 668 243 791 769 489 226 327 1036 
0	0.0: 663 203 689 454 392 191 304 488 
0	0.0: 679 238 742 515 273 189 305 959 
3	0.0: 635 527 624 684 1 333 301 691 
0	0.0: 602 283 668 666 233 561 294 656 
3	0.0: 611 369 721 817 1 290 298 745 
0	0.0: 536 606 906 530 132 303 310 959 
0	0.0: 664 358 927 519 403 246 312 831 
3	0.0: 518 151 902 710 49 27 296 821 
3	0.0: 639 306 1052 1017 447 1 225 803 
3	0.0: 594 359 647 842 62 1 270 898 
3	0.0: 660 246 904 675 288 178 318 826 
3	0.0: 679 210 708 940 259 209 307 796 
3	0.0: 546 523 696 441 352 1 285 724 
3	0.0: 594 370 735 719 1 174 287 690 
0	0.0: 689 177 777 571 498 344 285 850 
0	0.0: 438 404 892 388 181 16 278 1029 
0	0.0: 570 355 960 621 392 426 288 1139 
3	0.0: 710 412 1023 668 1 9 292 783 
0	0.0: 611 373 754 429 159 142 286 781 
0	0.0: 678 404 829 544 38 166 269 867 
3	0.0: 734 436 733 576 30 1 293 529 
3	0.0: 700 322 1034 824 276 166 208 619 
3	0.0: 570 334 688 549 179 157 269 715 
0	0.0: 797 269 1022 553 231 461 324 648 
3	0.0: 755 259 719 686 582 91 329 823 
3	0.0: 514 360 884 851 435 1 340 710 
3	0.0: 623 291 736 461 19 57 257 856 
3	0.0: 638 389 878 767 1 303 262 750 
0	0.0: 660 331 650 511 163 427 267 779 
3	0.0: 599 234 685 647 124 204 236 702 
3	0.0: 706 316 744 919 339 338 269 566 
3	0.0: 656 408 810 793 466 85 322 855 
0	0.0: 675 243 886 403 509 546 261 695 
0	0.0: 731 294 850 607 389 524 277 824 
3	0.0: 625 363 727 1018 1 1 294 765 
3	0.0: 598 463 943 630 364 53 304 1061 
3	0.0: 604 229 718 692 194 31 262 489 
3	0.0: 760 194 861 834 1 354 311 946 
3	0.0: 732 289 797 804 89 238 301 491 
0	0.0: 682 276 847 697 321 332 268 667 
3	0.0: 703 249 663 765 1 119 307 815 
3	0.0: 646 341 637 1059 68 169 294 1006 
3	0.0: 766 308 1003 812 590 216 259 792 
3	0.0: 808 242 996 635 76 1 230 719 
3	0.0: 673 376 957 805 289 329 248 774 
3	0.0: 601 219 642 790 390 292 313 792 
0	0.0: 602 101 757 588 137 214 265 732 
3	0.0: 781 191 774 696 239 1 268 934 
0	0.0: 644 242 746 512 281 184 260 962 
3	0.0: 596 308 727 872 46 189 321 1104 
3	0.0: 698 259 756 853 8 432 327 761 
0	0.0: 655 345 818 655 358 442 262 883 
0	0.0: 567 394 1017 647 233 516 311 702 
3	0.0: 590 1 841 915 1 172 297 724 
3	0.0: 728 348 968 728 130 1 272 665 
3	0.0: 491 530 951 738 81 327 260 616 
3	0.0: 677 278 690 783 198 409 255 440 
0	0.0: 689 165 1009 873 421 633 279 1059 
0	0.0: 723 221 930 642 1 251 298 913 
0	0.0: 628 271 621 363 207 103 299 834 
3	0.0: 612 441 662 554 1 91 281 471 
0	0.0: 592 439 1083 665 1 209 353 748 
0	0.0: 705 304 948 662 387 329 343 568 
3	0.0: 651 463 555 598 443 1 271 827 
0	0.0: 661 337 864 722 239 200 311 1089 
0	0.0: 812 416 819 970 206 678 242 668 
3	0.0: 600 277 652 733 1 251 310 776 
0	0.0: 686 415 808 605 204 363 309 800 
3	0.0: 645 251 920 861 20 359 294 667 
3	0.0: 742 470 783 701 415 1 344 582 
0	0.0: 638 249 778 652 223 309 299 685 
3	0.0: 706 371 689 1220 262 254 304 831 
0	0.0: 568 367 1081 447 252 226 284 818 
3	0.0: 674 411 954 686 17 199 306 421 
3	0.0: 621 290 1003 858 1 113 263 671 
0	0.0: 584 116 817 351 207 5 316 846 
3	0.0: 676 490 875 940 181 328 332 725 
3	0.0: 792 433 867 836 529 124 234 1033 
0	0.0: 640 477 874 516 351 230 260 604 
0	0.0: 586 217 914 510 50 348 316 611 
0	0.0: 715 316 714 484 58 265 238 788 
0	0.0: 677 202 867 605 333 221 263 699 
3	0.0: 630 217 778 707 493 199 315 788 
3	0.0: 620 272 841 685 229 46 289 524 
3	0.0: 639 463 862 655 336 1 286 762 
0	0.0: 768 214 786 702 316 410 257 911 
3	0.0: 680 379 754 585 1 262 252 600 
0	0.0: 836 381 749 748 312 491 272 801 
3	0.0: 674 585 919 746 510 164 291 454 
3	0.0: 722 491 660 538 1 1 342 842 
3	0.0: 686 356 943 635 92 146 300 477 
0	0.0: 567 417 902 399 151 201 231 753 
0	0.0: 625 350 676 545 1 317 277 425 
3	0.0: 741 252 890 880 1 301 322 618 
3	0.0: 636 213 751 1078 305 372 292 562 
0	0.0: 716 461 988 576 1 347 257 718 
3	0.0: 623 438 737 925 320 75 336 881 
3	0.0: 558 379 885 725 74 260 310 545 
3	0.0: 728 320 944 742 346 88 279 586 
3	0.0: 491 260 684 691 198 1 292 835 
3	0.0: 680 161 825 930 1 286 304 821 
3	0.0: 786 390 868 802 97 378 262 762 
3	0.0: 537 488 953 757 202 145 322 577 
3	0.0: 622 318 873 514 32 9 321 526 
3	0.0: 666 436 887 722 332 187 267 780 
3	0.0: 550 1 911 1115 231 1 333 648 
0	0.0: 783 250 700 616 106 349 328 888 
3	0.0: 523 336 1100 702 1 1 290 801 
3	0.0: 712 263 855 718 235 170 309 861 
3	0.0: 582 469 795 786 458 396 287 469 
3	0.0: 736 104 909 876 362 185 312 915 
0	0.0: 682 354 680 782 391 376 278 1069 
0	0.0: 509 304 742 685 285 487 300 711 
3	0.0: 725 246 738 741 238 226 279 865 
3	0.0: 503 194 883 750 1 130 294 539 
0	0.0: 720 265 746 620 23 335 285 678 
3	0.0: 585 395 972 833 154 89 243 759 
3	0.0: 793 373 741 645 98 2 351 489 
3	0.0: 677 311 672 791 282 1 342 679 
0	0.0: 509 475 887 719 206 396 297 852 
3	0.0: 675 177 755 678 78 129 260 668 
0	0.0: 662 297 872 555 1 266 326 834 
3	0.0: 579 170 802 776 233 91 261 783 
0	0.0: 742 384 797 565 1 597 293 732 
0	0.0: 621 341 738 490 463 519 274 981 
3	0.0: 617 367 971 592 312 1 296 795 
0	0.0: 569 467 903 599 270 281 317 688 
3	0.0: 759 51 584 975 111 182 257 792 
3	0.0: 640 351 802 567 284 28 246 758 
0	0.0: 520 314 774 544 338 189 333 1067 
3	0.0: 636 143 595 596 290 101 290 664 
0	0.0: 696 352 794 431 21 119 309 805 
0	0.0: 590 481 594 384 294 247 348 804 
3	0.0: 612 369 910 629 55 79 266 1041 
3	0.0: 472 225 731 754 187 53 292 847 
0	0.0: 617 141 989 860 183 297 286 1017 
3	0.0: 569 437 938 703 129 1 234 512 
3	0.0: 748 459 986 813 270 315 284 736 
0	0.0: 491 177 774 600 121 356 309 324 
1	0.0: 607 545 944 523 325 690 272 407 
3	0.0: 637 312 889 708 103 108 297 641 
0	0.0: 692 126 666 709 76 393 303 1005 
3	0.0: 834 511 582 801 77 191 345 894 
3	0.0: 594 342 909 840 41 304 269 715 
3	0.0: 670 333 624 580 1 1 297 907 
3	0.0: 554 233 623 690 262 125 272 837 
3	0.0: 737 212 865 834 401 1 322 930 
3	0.0: 468 368 946 556 234 1 309 546 
3	0.0: 613 388 790 771 55 294 261 791 
3	0.0: 546 374 1078 1014 48 269 279 982 
3	0.0: 668 158 903 615 431 1 346 612 
3	0.0: 612 374 858 895 1 1 251 732 
3	0.0: 698 139 695 868 1 145 298 658 
3	0.0: 727 144 838 790 23 250 278 799 
0	0.0: 484 291 706 544 396 261 313 676 
0	0.0: 624 456 813 566 1 290 275 1118 
3	0.0: 711 133 717 554 142 1 348 670 
3	0.0: 621 352 894 659 214 1 243 577 
3	0.0: 700 480 686 855 3 239 297 733 
0	0.0: 686 342 937 669 60 486 240 932 
0	0.0: 714 343 611 440 444 421 323 821 
3	0.0: 633 330 844 443 457 47 308 378 
3	0.0: 608 429 782 753 118 176 274 747 
3	0.0: 554 494 848 721 74 29 314 480 
3	0.0: 592 236 776 739 469 123 305 874 
3	0.0: 708 244 778 579 330 1 327 596 
3	0.0: 634 518 795 673 306 12 325 710 
3	0.0: 700 428 646 448 675 1 304 821 
3	0.0: 591 387 937 953 306 219 311 642 
0	0.0: 639 95 659 478 173 326 277 631 
0	0.0: 567 352 752 612 385 186 317 892 
3	0.0: 759 332 762 909 139 518 253 781 
3	0.0: 683 275 882 684 34 136 282 821 
0	0.0: 665 298 894 647 71 335 299 945 
3	0.0: 690 360 646 481 1 1 288 504 
0	0.0: 696 368 704 429 161 281 280 718 
0	0.0: 544 233 1003 826 80 506 296 760 
0	0.0: 727 418 1086 638 268 152 212 1087 
3	0.0: 799 360 920 750 1 140 320 565 
3	0.0: 560 128 732 547 184 104 332 555 
3	0.0: 527 290 889 537 592 1 222 920 
3	0.0: 716 250 692 888 212 130 241 956 
0	0.0: 554 134 538 670 256 479 215 911 
3	0.0: 485 283 817 899 134 23 292 815 
3	0.0: 814 239 840 1047 585 1 314 820 
3	0.0: 652 289 805 723 283 211 307 704 
0	0.0: 570 621 701 686 10 393 277 928 
3	0.0: 714 187 889 711 313 214 292 829 
3	0.0: 589 202 869 961 108 326 295 722 
3	0.0: 703 375 1021 621 137 141 307 503 
3	0.0: 677 469 754 1127 424 160 278 565 
3	0.0: 653 321 950 458 1 1 224 765 
0	0.0: 540 427 793 519 176 131 270 1202 
3	0.0: 572 129 905 1077 1 190 338 533 
3	0.0: 633 300 848 787 442 174 266 920 
0	0.0: 628 414 864 259 410 507 318 711 
0	0.0: 617 579 1010 664 378 346 294 715 
3	0.0: 815 451 891 784 107 181 297 678 
3	0.0: 557 296 890 896 131 295 331 852 
0	0.0: 572 264 824 555 245 217 330 866 
3	0.0: 628 369 813 857 1 1 229 1229 
3	0.0: 517 196 931 795 40 166 321 677 
3	0.0: 573 145 635 602 1 137 349 606 
3	0.0: 754 186 751 761 71 124 305 696 
3	0.0: 648 300 647 749 349 1 353 808 
3	0.0: 731 230 800 725 57 1 251 735 
3	0.0: 695 146 858 695 1 19 303 763 
3	0.0: 517 176 684 696 202 90 264 733 
3	0.0: 517 398 845 982 201 1 249 574 
0	0.0: 691 231 893 503 482 370 310 1013 
0	0.0: 526 114 802 788 114 254 316 875 
3	0.0: 737 169 795 816 329 407 300 447 
3	0.0: 627 263 736 910 431 464 282 585 
3	0.0: 728 336 855 861 1 267 313 839 
3	0.0: 626 172 670 821 389 280 263 693 
3	0.0: 707 378 804 930 49 99 283 864 
3	0.0: 680 320 908 855 474 1 330 814 
3	0.0: 605 110 534 633 50 221 281 453 
0	0.0: 539 212 907 598 56 474 307 577 
3	0.0: 503 372 802 863 398 263 268 631 
3	0.0: 759 184 759 709 244 98 297 773 
3	0.0: 730 348 797 870 489 339 275 956 
0	0.0: 834 341 767 650 316 368 290 894 
3	0.0: 697 298 782 671 1 79 264 900 
0	0.0: 710 279 741 371 78 243 264 947 
3	0.0: 652 398 805 669 266 105 285 1031 
3	0.0: 701 459 817 814 413 1 306 1032 
0	0.0: 651 202 668 421 193 394 266 481 
3	0.0: 686 396 817 410 229 69 316 506 
3	0.0: 569 350 879 816 297 255 322 488 
3	0.0: 872 273 788 868 1 1 296 1013 
0	0.0: 656 226 876 593 1 324 366 738 
3	0.0: 432 395 963 725 137 13 274 749 
3	0.0: 681 252 847 803 402 1 302 671 
3	0.0: 657 250 582 1128 213 136 284 609 
0	0.0: 591 474 964 368 90 1 261 889 
0	0.0: 680 220 770 778 139 444 284 712 
3	0.0: 765 178 937 1021 1 552 251 795 
3	0.0: 608 238 712 845 26 197 245 871 
3	0.0: 747 337 742 600 468 173 323 410 
3	0.0: 623 283 890 690 393 1 270 938 
3	0.0: 691 464 852 692 32 1 335 530 
3	0.0: 830 427 861 821 182 86 273 862 
3	0.0: 672 273 932 722 287 279 292 572 
0	0.0: 577 616 671 581 244 495 302 746 
3	0.0: 616 496 950 815 1 1 317 887 
3	0.0: 678 374 785 739 1 1 278 1041 
3	0.0: 637 250 712 412 160 1 274 764 
0	0.0: 600 274 737 712 433 428 354 580 
0	0.0: 592 403 794 686 1 415 270 905 
3	0.0: 601 137 677 964 347 289 252 751 
3	0.0: 669 186 1010 786 1 50 257 791 
0	0.0: 733 381 863 664 331 490 300 722 
3	0.0: 723 345 827 942 506 225 267 733 
3	0.0: 705 545 815 756 274 183 287 621 
0	0.0: 781 169 813 534 434 297 290 731 
3	0.0: 773 476 776 572 323 127 262 525 
3	0.0: 609 399 973 768 213 51 314 738 
3	0.0: 647 350 612 769 143 326 283 854 
3	0.0: 493 369 828 496 1 1 314 769 
0	0.0: 646 252 844 889 274 767 299 297 
0	0.0: 600 188 891 406 319 108 304 720 
3	0.0: 647 362 756 473 1 1 330 717 
3	0.0: 662 440 588 870 32 189 257 884 
0	0.0: 688 265 611 596 165 247 274 853 
3	0.0: 560 523 720 784 367 239 282 915 
3	0.0: 549 486 727 957 270 1 276 828 
3	0.0: 631 461 476 888 79 171 327 873 
3	0.0: 627 311 639 768 158 101 327 670 
0	0.0: 577 465 1048 517 1 47 326 901 
3	0.0: 632 518 949 765 466 246 312 876 
3	0.0: 698 429 865 907 440 1 267 1164 
3	0.0: 641 290 821 539 1 58 281 571 
3	0.0: 569 367 971 799 414 1 314 544 
3	0.0: 583 432 806 665 1 254 267 426 
3	0.0: 660 176 970 691 530 1 258 849 
0	0.0: 684 1 1023 574 131 334 276 666 
0	0.0: 537 365 745 948 1 549 279 751 
3	0.0: 585 378 880 611 276 1 267 711 
3	0.0: 700 269 977 762 1 141 305 647 
0	0.0: 545 502 610 818 167 336 263 1176 
0	0.0: 818 213 913 549 298 386 210 1006 
3	0.0: 795 527 693 787 1 156 275 541 
0	0.0: 640 579 999 406 299 346 293 809 
3	0.0: 572 265 782 912 348 231 308 821 
3	0.0: 656 209 724 541 515 53 251 416 
0	0.0: 585 348 868 583 336 238 292 757 
3	0.0: 708 194 583 513 404 1 271 791 
0	0.0: 754 143 907 789 172 355 314 750 
3	0.0: 656 555 457 568 35 26 300 996 
3	0.0: 748 341 887 640 220 103 348 543 
3	0.0: 815 388 825 723 140 45 331 640 
3	0.0: 590 126 791 781 606 230 265 586 
0	0.0: 719 258 587 574 339 515 249 625 
3	0.0: 760 463 838 491 204 96 301 949 
3	0.0: 613 324 653 622 1 27 316 818 
0	0.0: 617 290 800 564 223 508 334 507 
3	0.0: 650 53 868 1047 669 145 272 668 
3	0.0: 681 524 602 678 345 1 320 799 
0	0.0: 518 535 683 518 1 142 322 1034 
0	0.0: 592 376 846 843 216 420 277 794 
3	0.0: 647 177 751 770 1 1 290 943 
3	0.0: 708 360 832 687 1 251 313 685 
3	0.0: 702 149 797 660 358 146 283 424 
3	0.0: 703 329 894 723 227 46 268 590 
0	0.0: 611 430 787 613 455 303 338 612 
0	0.0: 726 343 769 404 102 162 309 1065 
3	0.0: 712 410 842 677 244 80 301 766 
3	0.0: 631 254 776 667 190 1 311 743 
3	0.0: 528 98 821 644 460 93 287 719 
0	0.0: 496 273 827 666 331 510 297 631 
3	0.0: 721 203 781 737 165 2 324 890 
3	0.0: 512 415 634 603 1 92 282 891 
3	0.0: 634 238 871 619 7 156 323 822 
3	0.0: 669 446 985 974 417 195 300 763 
3	0.0: 712 318 641 825 137 225 276 691 
0	0.0: 612 162 974 544 51 163 311 691 
3	0.0: 601 497 1024 718 299 217 306 779 
3	0.0: 816 219 943 994 187 193 356 651 
3	0.0: 640 309 764 824 112 306 260 967 
3	0.0: 469 150 637 929 1 312 381 716 
3	0.0: 586 271 773 794 109 1 268 924 
0	0.0: 658 372 1121 748 1 265 247 845 
0	0.0: 601 218 1067 705 122 190 315 824 
3	0.0: 428 184 957 783 317 184 308 634 
3	0.0: 660 425 818 833 1 132 278 875 
0	0.0: 572 473 905 775 42 408 258 894 
3	0.0: 682 391 868 443 70 1 318 658 
0	0.0: 719 265 911 761 1 527 316 962 
0	0.0: 677 450 700 695 133 513 303 947 
3	0.0: 713 467 719 675 1 1 290 642 
3	0.0: 702 297 809 716 456 62 297 520 
3	0.0: 718 409 719 724 104 3 308 898 
3	0.0: 760 409 913 776 428 104 300 922 
3	0.0: 730 190 860 632 345 1 336 707 
3	0.0: 487 472 551 932 237 559 308 405 
0	0.0: 622 119 881 534 437 478 303 895 
0	0.0: 592 304 693 640 82 350 278 618 
3	0.0: 805 440 802 883 1 1 288 577 
0	0.0: 677 83 859 432 408 95 280 638 
3	0.0: 769 282 684 808 278 368 307 872 
3	0.0: 682 1 1071 1002 89 274 284 910 
3	0.0: 592 51 795 825 74 191 368 1177 
0	0.0: 587 364 566 886 235 513 296 826 
0	0.0: 846 356 836 680 105 280 347 963 
0	0.0: 584 398 747 905 47 483 314 839 
3	0.0: 664 333 675 697 155 212 284 891 
3	0.0: 488 361 867 981 350 162 364 799 
3	0.0: 606 370 669 916 55 87 284 803 
3	0.0: 637 600 1097 661 320 175 277 865 
3	0.0: 625 325 765 727 157 88 367 476 
0	0.0: 588 272 830 592 3 391 313 603 
0	0.0: 610 346 764 551 97 308 302 523 
0	0.0: 511 423 689 369 399 355 283 807 
3	0.0: 647 364 956 1016 1 385 269 695 
3	0.0: 839 245 961 710 55 94 264 623 
0	0.0: 623 409 760 605 93 715 322 406 
0	0.0: 667 299 612 549 202 225 287 855 
0	0.0: 743 86 782 349 438 401 253 373 
0	0.0: 630 494 1062 390 53 285 236 829 
3	0.0: 597 210 808 972 290 381 316 695 
3	0.0: 659 347 896 551 418 1 313 912 
3	0.0: 683 244 728 666 1 120 265 850 
3	0.0: 556 408 814 897 244 163 273 845 
3	0.0: 537 353 849 472 65 1 373 476 
0	0.0: 452 99 1046 521 315 365 304 1082 
0	0.0: 551 12 996 124 156 139 243 962 
3	0.0: 570 420 849 866 124 173 261 396 
0	0.0: 666 446 813 529 351 135 305 966 
3	0.0: 714 395 1052 681 1 124 293 657 
3	0.0: 530 323 653 716 1 1 302 702 
3	0.0: 637 466 807 664 759 41 317 735 
3	0.0: 777 303 841 539 34 119 271 577 
0	0.0: 590 157 796 652 1 233 290 1069 
3	0.0: 620 373 801 708 254 85 200 484 
0	0.0: 510 413 1001 694 1 333 272 932 
3	0.0: 588 322 1072 1042 56 154 271 819 
3	0.0: 577 325 894 803 110 296 280 792 
0	0.0: 598 279 733 641 107 405 253 855 
0	0.0: 722 177 714 502 190 568 248 440 
0	0.0: 595 29 867 549 1 564 305 754 
3	0.0: 497 233 613 844 1 1 258 868 
3	0.0: 561 277 881 839 1 178 288 631 
3	0.0: 589 545 718 649 315 1 313 755 
3	0.0: 702 194 843 730 1 1 294 781 
3	0.0: 588 464 1018 601 166 1 271 787 
0	0.0: 506 289 1061 652 322 17 326 1134 
3	0.0: 656 169 780 868 333 1 237 957 
0	0.0: 619 177 1031 808 196 401 310 471 
0	0.0: 767 346 780 587 131 285 260 809 
0	0.0: 712 212 959 573 288 225 274 703 
3	0.0: 648 297 872 1002 125 274 315 636 
0	0.0: 663 20 849 507 240 78 230 908 
3	0.0: 729 192 932 825 173 270 291 767 
3	0.0: 644 305 773 1389 52 23 302 969 
0	0.0: 555 324 950 489 1 374 261 1066 
3	0.0: 715 382 788 838 412 1 317 687 
0	0.0: 553 397 1008 590 90 312 260 622 
3	0.0: 598 305 922 650 1 77 308 666 
3	0.0: 666 419 891 827 501 307 235 821 
3	0.0: 599 451 907 533 521 1 307 900 
3	0.0: 844 385 1050 763 298 198 262 666 
3	0.0: 582 216 868 1014 79 120 299 753 
3	0.0: 692 389 885 982 262 1 307 907 
3	0.0: 775 259 778 685 240 143 271 656 
3	0.0: 731 408 806 576 291 187 324 723 
3	0.0: 738 284 844 723 457 1 259 570 
3	0.0: 782 317 740 774 371 28 327 605 
0	0.0: 704 525 851 549 310 390 295 965 
3	0.0: 634 419 762 545 67 1 266 875 
3	0.0: 535 507 848 772 1 97 266 710 
3	0.0: 781 42 799 754 30 21 308 683 
3	0.0: 599 427 838 657 169 23 329 926 
0	0.0: 533 372 906 495 7 394 236 846 
