7	0.0: 737 890 73 339 1040 213 871 782 
7	0.0: 749 1007 152 577 588 596 876 834 
7	0.0: 737 744 125 322 828 280 855 660 
7	0.0: 734 727 1 336 1015 355 813 729 
7	0.0: 752 956 108 399 1150 280 848 646 
7	0.0: 741 998 191 452 649 574 889 489 
7	0.0: 733 913 217 88 938 489 853 774 
7	0.0: 739 791 1 231 869 338 862 918 
7	0.0: 738 781 107 248 733 479 840 395 
7	0.0: 740 798 86 526 730 150 865 789 
7	0.0: 737 856 261 427 950 621 883 528 
7	0.0: 739 731 117 456 876 385 799 646 
7	0.0: 750 768 133 473 873 443 873 326 
7	0.0: 749 819 11 475 854 491 783 824 
7	0.0: 739 823 73 341 973 193 772 708 
7	0.0: 741 735 89 388 871 361 829 458 
7	0.0: 738 957 61 268 758 338 881 486 
7	0.0: 727 938 90 113 469 447 867 856 
7	0.0: 734 888 164 90 738 617 830 612 
7	0.0: 729 734 112 1 351 214 842 665 
7	0.0: 749 1020 94 520 1019 434 775 976 
7	0.0: 728 893 35 515 1195 309 910 765 
7	0.0: 752 764 1 514 1066 515 903 768 
7	0.0: 737 927 242 149 551 153 851 839 
7	0.0: 727 828 166 174 843 267 859 772 
7	0.0: 739 980 1 227 493 515 909 693 
7	0.0: 760 777 68 453 1408 409 898 809 
7	0.0: 752 804 144 237 587 225 865 833 
7	0.0: 764 948 153 570 903 394 813 792 
7	0.0: 739 881 162 389 889 577 828 542 
7	0.0: 752 811 186 500 1156 663 891 861 
7	0.0: 748 789 8 118 930 289 936 789 
7	0.0: 734 815 40 291 940 479 788 672 
7	0.0: 746 970 246 82 1029 470 800 713 
7	0.0: 738 747 15 277 1194 395 917 610 
7	0.0: 739 709 75 555 996 509 866 841 
7	0.0: 730 954 1 460 693 230 914 841 
7	0.0: 737 803 114 476 726 501 898 805 
7	0.0: 733 828 140 205 870 572 870 625 
7	0.0: 735 908 98 386 1118 398 916 763 
7	0.0: 724 879 125 469 1016 249 874 600 
7	0.0: 733 766 155 466 909 436 839 864 
7	0.0: 737 987 135 339 964 333 837 658 
7	0.0: 752 749 213 274 1041 434 868 951 
7	0.0: 742 911 170 320 1140 605 926 753 
7	0.0: 752 627 163 442 1101 536 802 644 
7	0.0: 743 689 47 501 1217 681 882 976 
7	0.0: 739 856 153 504 931 378 847 984 
7	0.0: 728 763 160 495 1086 411 842 1167 
7	0.0: 748 785 260 557 1056 476 910 761 
7	0.0: 744 868 98 381 1214 422 940 1204 
7	0.0: 742 963 275 158 1060 419 876 724 
7	0.0: 741 952 235 78 803 605 870 727 
7	0.0: 731 744 158 527 766 98 817 890 
7	0.0: 739 801 172 149 971 258 823 375 
7	0.0: 745 1020 31 489 704 363 826 637 
7	0.0: 755 833 52 491 878 306 939 810 
7	0.0: 730 964 100 670 725 368 766 704 
7	0.0: 750 771 143 647 814 249 882 390 
7	0.0: 743 765 150 480 1174 142 900 787 
7	0.0: 741 905 1 673 1083 123 903 598 
7	0.0: 733 777 110 295 976 294 921 368 
7	0.0: 737 849 179 146 772 168 783 648 
7	0.0: 746 895 57 399 953 385 935 806 
7	0.0: 754 774 175 497 954 310 959 810 
7	0.0: 738 620 90 215 651 297 812 828 
7	0.0: 751 843 54 135 1153 556 852 709 
7	0.0: 746 954 1 323 734 476 907 732 
7	0.0: 754 829 124 194 760 466 827 626 
7	0.0: 738 743 276 521 908 249 829 907 
7	0.0: 742 714 79 167 1064 128 787 722 
7	0.0: 765 770 1 233 1005 261 849 702 
7	0.0: 735 740 139 358 1193 538 917 937 
7	0.0: 744 872 160 396 555 352 871 744 
7	0.0: 745 952 57 688 533 313 969 558 
7	0.0: 733 930 224 269 1076 289 795 423 
7	0.0: 732 781 148 397 1158 272 814 752 
7	0.0: 726 971 1 135 685 412 820 1043 
7	0.0: 730 701 288 403 650 475 902 555 
7	0.0: 726 882 29 199 840 133 819 600 
7	0.0: 732 789 154 551 539 465 900 551 
7	0.0: 743 997 199 464 1394 152 772 730 
7	0.0: 746 924 274 443 817 667 923 859 
7	0.0: 742 792 70 390 965 447 942 552 
7	0.0: 745 663 112 170 890 438 854 566 
7	0.0: 729 839 18 377 1216 446 855 663 
7	0.0: 738 816 37 424 835 426 944 889 
7	0.0: 734 986 1 407 755 288 847 853 
7	0.0: 749 1004 177 526 1084 267 796 498 
7	0.0: 737 704 203 305 1063 490 878 747 
7	0.0: 751 861 163 689 751 237 822 810 
7	0.0: 741 696 110 436 1248 588 839 620 
7	0.0: 741 935 130 380 957 427 890 762 
7	0.0: 734 742 276 381 1037 565 898 602 
7	0.0: 736 871 247 277 894 314 858 658 
7	0.0: 747 824 284 1 825 369 806 565 
7	0.0: 734 898 229 194 780 428 846 670 
7	0.0: 747 891 9 199 952 375 877 904 
7	0.0: 733 599 196 187 706 364 824 691 
7	0.0: 729 602 94 427 502 393 759 594 
7	0.0: 745 940 134 496 801 408 841 713 
7	0.0: 725 832 96 546 879 484 816 1017 
7	0.0: 747 760 12 401 733 478 853 679 
7	0.0: 737 697 1 340 1124 726 842 851 
7	0.0: 742 1177 340 523 603 526 812 993 
7	0.0: 739 771 73 426 1115 353 835 679 
7	0.0: 728 830 77 338 903 413 882 849 
7	0.0: 741 684 125 309 939 367 878 596 
7	0.0: 751 881 158 301 636 447 883 546 
7	0.0: 736 816 95 309 1024 631 789 608 
7	0.0: 738 833 213 231 1176 379 920 839 
7	0.0: 753 713 122 534 1095 645 852 862 
7	0.0: 733 910 120 239 1019 378 839 930 
7	0.0: 729 555 146 542 1088 162 759 761 
7	0.0: 753 717 201 367 838 404 887 558 
7	0.0: 739 927 22 439 1065 400 907 769 
7	0.0: 736 784 181 230 666 602 1043 647 
7	0.0: 748 798 209 613 627 329 861 694 
7	0.0: 742 985 113 526 1224 131 781 575 
7	0.0: 752 701 113 377 1061 400 870 798 
7	0.0: 751 725 27 140 717 552 901 496 
7	0.0: 742 850 39 356 955 372 876 512 
7	0.0: 735 911 18 367 828 428 899 871 
5	0.0: 739 826 123 472 438 553 847 615 
7	0.0: 738 671 92 1 810 622 792 663 
7	0.0: 750 1029 1 364 995 267 842 558 
7	0.0: 737 840 34 502 658 466 936 742 
7	0.0: 739 911 152 422 625 290 877 913 
7	0.0: 747 881 6 344 939 264 841 792 
7	0.0: 739 818 44 320 660 420 893 625 
7	0.0: 740 768 87 202 825 382 793 812 
7	0.0: 744 710 59 234 715 362 835 947 
7	0.0: 726 949 128 437 817 465 905 917 
7	0.0: 725 913 94 529 889 233 862 1008 
7	0.0: 747 867 177 240 942 601 796 519 
7	0.0: 718 787 130 209 1081 130 828 1028 
7	0.0: 733 781 72 325 378 396 880 684 
7	0.0: 750 889 340 405 1015 374 800 719 
7	0.0: 735 698 159 345 686 373 914 751 
7	0.0: 736 931 93 612 518 203 848 435 
7	0.0: 732 936 87 574 818 320 783 918 
7	0.0: 740 937 79 383 982 292 856 848 
7	0.0: 747 853 106 522 651 516 863 917 
7	0.0: 732 925 171 190 787 363 876 789 
7	0.0: 743 896 155 1 973 451 748 682 
7	0.0: 745 862 19 435 836 513 882 725 
7	0.0: 720 876 146 300 1114 349 857 882 
7	0.0: 738 810 96 302 910 466 872 700 
7	0.0: 746 823 122 158 820 364 824 814 
7	0.0: 749 832 184 284 809 231 875 649 
7	0.0: 723 712 232 441 983 460 817 700 
7	0.0: 738 745 30 252 609 38 910 703 
7	0.0: 735 900 74 328 923 175 929 865 
7	0.0: 727 985 149 194 706 319 870 812 
7	0.0: 727 886 206 440 609 474 836 610 
7	0.0: 756 899 215 386 1013 523 811 741 
7	0.0: 728 671 144 339 1039 273 815 691 
7	0.0: 752 749 1 443 1281 441 871 738 
7	0.0: 751 920 114 1 1038 338 845 657 
7	0.0: 725 884 231 391 1472 311 914 902 
7	0.0: 746 982 98 578 1380 600 878 750 
7	0.0: 756 819 95 265 814 352 882 468 
7	0.0: 727 713 207 166 902 351 919 760 
7	0.0: 746 882 206 165 683 148 814 539 
7	0.0: 730 786 1 222 1150 558 845 855 
7	0.0: 738 719 104 140 1168 302 896 782 
7	0.0: 733 900 31 252 931 344 850 827 
7	0.0: 742 936 89 598 909 473 782 997 
7	0.0: 738 787 88 380 1060 491 829 730 
7	0.0: 737 676 118 640 878 248 703 589 
7	0.0: 744 797 226 391 617 447 941 723 
7	0.0: 731 793 173 526 1620 307 820 876 
7	0.0: 744 805 55 298 1187 225 854 808 
7	0.0: 742 852 169 276 867 327 866 740 
7	0.0: 733 740 141 400 794 181 883 906 
5	0.0: 736 812 164 179 575 606 871 581 
7	0.0: 739 676 116 402 1018 400 728 475 
7	0.0: 740 824 114 379 1006 220 887 727 
7	0.0: 731 754 146 280 903 213 837 738 
7	0.0: 745 792 33 483 1086 201 941 794 
7	0.0: 757 918 356 630 560 434 831 706 
7	0.0: 751 699 134 435 826 297 857 827 
7	0.0: 746 840 1 266 972 346 785 904 
7	0.0: 752 684 41 246 989 495 850 809 
7	0.0: 743 789 26 551 972 224 882 861 
7	0.0: 745 908 199 215 841 289 946 716 
7	0.0: 737 950 55 313 698 313 865 830 
7	0.0: 746 917 89 580 593 363 843 717 
7	0.0: 750 901 133 94 1128 531 898 628 
7	0.0: 726 735 60 480 860 501 803 708 
7	0.0: 761 868 165 470 647 452 886 795 
7	0.0: 746 963 155 339 1004 248 948 555 
7	0.0: 732 872 216 433 672 256 888 586 
7	0.0: 749 754 86 433 964 288 885 548 
7	0.0: 735 748 67 366 825 785 927 885 
7	0.0: 739 941 154 307 1046 616 845 833 
7	0.0: 746 877 23 206 896 248 875 717 
7	0.0: 757 776 169 302 1097 220 770 773 
7	0.0: 738 738 137 227 1142 162 851 778 
7	0.0: 738 938 65 441 768 601 835 769 
7	0.0: 750 688 100 406 1086 383 807 867 
7	0.0: 737 925 247 352 1027 356 848 558 
7	0.0: 740 624 220 460 890 637 894 778 
7	0.0: 737 803 192 123 689 232 840 763 
7	0.0: 735 870 115 434 766 201 869 480 
7	0.0: 723 689 113 354 602 593 816 735 
7	0.0: 740 721 45 284 1203 487 873 782 
7	0.0: 739 976 1 440 1162 140 933 926 
7	0.0: 734 908 69 383 565 91 794 957 
7	0.0: 738 880 147 404 825 110 843 698 
7	0.0: 751 805 108 315 1017 141 809 893 
7	0.0: 733 798 10 274 766 354 892 368 
7	0.0: 735 915 309 411 593 390 924 710 
7	0.0: 751 1057 96 127 883 266 878 878 
7	0.0: 733 790 33 185 850 342 857 944 
7	0.0: 759 900 205 442 856 338 887 693 
7	0.0: 734 638 128 285 636 286 911 862 
7	0.0: 742 861 186 427 993 115 790 731 
7	0.0: 730 983 189 461 814 448 876 695 
7	0.0: 743 820 190 402 974 251 878 635 
7	0.0: 730 843 113 525 724 372 826 711 
7	0.0: 739 817 66 261 1214 439 966 871 
7	0.0: 740 770 182 420 1041 380 856 820 
7	0.0: 749 913 99 555 948 264 918 983 
7	0.0: 731 1027 169 474 1094 490 867 683 
7	0.0: 750 803 128 305 1158 278 877 617 
7	0.0: 750 720 1 394 443 190 836 716 
7	0.0: 745 825 1 236 881 293 857 602 
7	0.0: 751 903 204 18 1136 97 804 936 
7	0.0: 741 768 49 456 656 661 809 813 
7	0.0: 734 860 93 253 868 117 823 558 
7	0.0: 725 783 170 642 1291 185 871 778 
7	0.0: 749 929 75 793 814 279 817 607 
7	0.0: 739 765 268 404 847 548 912 1029 
7	0.0: 757 728 163 348 718 467 755 1005 
7	0.0: 745 727 70 368 1017 242 781 509 
7	0.0: 751 834 139 323 886 300 908 669 
7	0.0: 744 1009 84 283 746 487 925 726 
7	0.0: 740 714 110 538 1036 435 787 368 
7	0.0: 732 824 207 349 1019 112 895 822 
7	0.0: 741 815 290 449 766 370 856 809 
7	0.0: 743 742 130 248 777 660 859 775 
7	0.0: 751 875 85 276 837 266 855 549 
7	0.0: 737 1014 148 559 1115 315 786 682 
7	0.0: 723 913 196 378 759 381 849 621 
7	0.0: 723 771 153 70 913 577 920 521 
7	0.0: 732 818 160 362 748 296 793 693 
7	0.0: 735 763 47 424 557 322 902 635 
7	0.0: 749 929 1 384 1049 389 821 492 
7	0.0: 733 769 183 224 1080 444 912 793 
7	0.0: 734 699 98 384 1049 583 797 861 
7	0.0: 736 721 139 554 361 347 873 717 
7	0.0: 749 844 128 419 831 442 930 696 
7	0.0: 729 1019 58 200 918 455 969 408 
7	0.0: 754 868 272 517 850 559 817 777 
7	0.0: 739 986 114 348 838 170 943 641 
7	0.0: 754 891 4 240 1169 166 933 885 
7	0.0: 747 806 86 314 1254 408 896 563 
7	0.0: 739 834 132 153 716 341 890 707 
7	0.0: 747 987 87 369 890 500 798 562 
7	0.0: 734 758 226 419 801 551 968 508 
7	0.0: 712 918 71 213 709 337 892 847 
7	0.0: 729 1017 59 349 724 483 835 657 
7	0.0: 738 876 146 182 753 383 885 682 
7	0.0: 734 874 103 403 713 327 843 665 
7	0.0: 722 944 136 510 693 264 954 740 
7	0.0: 744 835 89 402 837 538 915 1002 
7	0.0: 731 684 164 308 659 469 803 956 
7	0.0: 740 869 159 326 1042 267 808 792 
7	0.0: 743 759 249 308 992 324 811 659 
7	0.0: 746 792 311 483 1030 459 904 559 
7	0.0: 735 792 87 388 954 371 779 810 
7	0.0: 739 813 153 571 782 318 791 827 
7	0.0: 759 793 21 414 576 466 858 908 
7	0.0: 746 756 268 267 964 656 894 802 
7	0.0: 748 935 155 328 1170 370 876 737 
7	0.0: 730 854 1 480 1042 215 871 707 
7	0.0: 747 706 103 352 791 396 874 769 
7	0.0: 744 840 140 81 723 446 882 558 
7	0.0: 733 635 176 400 883 407 775 638 
7	0.0: 742 788 207 492 640 340 771 796 
7	0.0: 725 786 71 294 760 522 803 624 
7	0.0: 732 790 261 375 1008 399 956 572 
7	0.0: 750 719 9 252 1102 381 869 278 
7	0.0: 737 913 102 268 971 227 789 892 
7	0.0: 738 741 181 406 846 325 930 638 
7	0.0: 743 687 25 548 923 332 869 709 
5	0.0: 743 846 286 251 629 425 866 423 
7	0.0: 744 713 289 313 820 281 858 595 
7	0.0: 736 906 45 339 816 515 815 470 
7	0.0: 741 745 208 424 640 374 838 795 
7	0.0: 743 678 211 477 828 232 904 677 
7	0.0: 736 707 1 296 983 327 857 537 
7	0.0: 738 976 205 514 1217 383 820 781 
7	0.0: 731 871 36 559 861 110 923 851 
7	0.0: 735 864 64 492 609 370 737 759 
7	0.0: 740 998 1 72 1102 371 849 735 
7	0.0: 734 883 114 364 333 404 838 663 
7	0.0: 738 906 139 390 954 500 882 478 
7	0.0: 739 798 66 485 707 564 765 772 
7	0.0: 734 716 44 106 1009 472 815 595 
7	0.0: 733 613 203 503 1079 289 912 688 
7	0.0: 733 814 156 698 993 393 907 982 
7	0.0: 733 911 356 364 1113 711 877 850 
7	0.0: 742 847 248 59 681 395 880 623 
7	0.0: 728 890 255 259 860 188 885 736 
7	0.0: 724 910 73 213 1173 538 853 578 
7	0.0: 740 756 121 341 965 575 847 739 
7	0.0: 729 773 12 501 924 132 836 745 
7	0.0: 729 835 229 113 761 524 850 714 
7	0.0: 737 915 27 581 860 276 847 622 
7	0.0: 749 849 124 252 896 356 875 741 
7	0.0: 739 776 171 605 1169 514 869 635 
7	0.0: 733 881 45 333 911 440 866 1079 
7	0.0: 744 838 82 338 828 314 841 873 
7	0.0: 734 875 22 535 1021 395 848 603 
7	0.0: 727 1074 192 273 1286 268 810 763 
7	0.0: 732 715 187 218 725 558 844 837 
7	0.0: 740 964 97 379 1066 508 896 688 
7	0.0: 745 1089 114 115 707 347 889 689 
7	0.0: 735 840 217 332 726 442 828 811 
7	0.0: 738 902 104 320 968 597 897 716 
7	0.0: 730 740 50 279 920 453 792 878 
7	0.0: 731 848 171 150 1260 232 856 714 
7	0.0: 750 928 286 463 892 421 873 475 
7	0.0: 731 799 289 273 1207 340 881 645 
7	0.0: 741 924 152 277 1150 386 833 642 
7	0.0: 738 1176 51 489 796 432 833 734 
7	0.0: 729 839 167 127 939 234 910 770 
7	0.0: 738 719 64 292 848 344 783 779 
7	0.0: 733 854 36 213 1185 487 823 611 
7	0.0: 735 904 95 458 949 490 896 606 
7	0.0: 729 884 1 377 657 361 815 873 
7	0.0: 739 754 1 457 978 586 866 700 
7	0.0: 748 790 215 364 1184 296 834 711 
7	0.0: 735 831 136 334 1025 386 791 854 
7	0.0: 738 968 269 412 886 389 872 756 
7	0.0: 757 682 53 236 1087 453 778 809 
7	0.0: 738 606 105 271 544 262 875 716 
7	0.0: 746 1019 79 369 725 120 939 796 
7	0.0: 743 595 160 274 906 487 932 709 
7	0.0: 745 865 1 160 992 313 867 839 
7	0.0: 738 891 63 451 1033 542 814 612 
7	0.0: 732 876 9 418 610 181 792 782 
7	0.0: 729 732 172 447 1266 509 855 756 
7	0.0: 741 814 119 417 940 251 784 566 
7	0.0: 738 788 214 113 1012 148 854 588 
7	0.0: 739 934 216 452 535 402 887 813 
7	0.0: 754 793 251 230 980 321 823 773 
7	0.0: 733 682 282 288 882 291 820 1033 
7	0.0: 742 794 62 209 805 517 851 689 
7	0.0: 740 857 180 397 845 514 847 986 
7	0.0: 743 941 84 244 880 287 850 768 
7	0.0: 742 850 69 108 745 433 778 827 
7	0.0: 736 923 114 278 746 283 927 715 
7	0.0: 739 856 43 282 564 409 859 790 
7	0.0: 749 772 170 424 1060 530 836 1000 
7	0.0: 732 815 179 304 1052 339 842 822 
7	0.0: 747 822 247 415 706 265 897 737 
7	0.0: 715 793 166 275 1123 509 899 747 
7	0.0: 728 918 101 298 943 366 829 633 
7	0.0: 737 874 193 522 747 442 851 588 
7	0.0: 740 951 117 483 824 450 933 654 
7	0.0: 736 799 27 634 880 325 937 603 
7	0.0: 744 922 172 210 873 414 800 691 
7	0.0: 739 868 103 441 919 594 826 592 
7	0.0: 741 761 125 207 436 264 935 708 
7	0.0: 729 673 145 189 744 204 854 649 
7	0.0: 742 900 1 192 1040 416 890 544 
7	0.0: 735 933 61 291 1182 248 881 561 
7	0.0: 739 1028 106 435 1081 399 760 660 
7	0.0: 751 1179 34 334 1209 102 840 460 
7	0.0: 742 745 36 219 1064 555 879 592 
7	0.0: 751 876 88 521 594 378 901 543 
7	0.0: 724 872 181 527 1006 547 849 629 
7	0.0: 738 894 5 27 779 532 858 527 
7	0.0: 739 621 71 411 531 634 921 893 
7	0.0: 737 906 154 297 629 541 942 1092 
7	0.0: 746 869 179 471 782 574 870 708 
7	0.0: 741 860 92 295 760 350 880 687 
7	0.0: 743 717 93 244 884 426 918 815 
7	0.0: 728 833 239 410 802 312 900 755 
7	0.0: 736 971 68 242 1337 504 843 641 
7	0.0: 747 656 146 359 641 290 773 568 
7	0.0: 743 1005 202 226 1092 355 867 1063 
7	0.0: 723 862 67 531 838 436 815 554 
7	0.0: 734 969 100 129 991 325 831 647 
7	0.0: 750 928 48 467 630 620 901 651 
7	0.0: 748 845 20 600 975 704 808 746 
7	0.0: 740 672 186 472 852 544 916 827 
7	0.0: 745 875 81 422 607 561 809 823 
7	0.0: 730 910 160 338 615 306 845 742 
7	0.0: 728 754 54 575 733 633 787 931 
7	0.0: 721 672 39 18 979 487 925 831 
7	0.0: 731 847 1 412 722 378 878 574 
7	0.0: 738 907 1 296 1106 281 885 792 
7	0.0: 750 685 1 487 1026 380 911 676 
7	0.0: 757 880 130 507 955 434 831 954 
7	0.0: 746 974 50 209 781 527 789 690 
7	0.0: 753 869 260 160 907 440 828 677 
7	0.0: 739 812 1 165 728 690 935 674 
7	0.0: 739 855 166 275 768 375 923 753 
7	0.0: 749 891 224 328 1051 402 935 800 
7	0.0: 749 718 154 454 918 455 813 686 
7	0.0: 733 981 136 476 1126 401 799 1075 
7	0.0: 747 849 41 417 789 516 862 809 
7	0.0: 739 861 45 129 471 556 814 737 
7	0.0: 735 869 250 125 796 373 763 293 
7	0.0: 751 803 210 239 977 264 757 595 
7	0.0: 764 691 126 452 1026 383 760 1271 
7	0.0: 724 980 65 324 879 504 884 352 
7	0.0: 735 831 29 367 845 481 824 769 
7	0.0: 753 878 147 208 758 472 783 680 
7	0.0: 746 844 195 61 735 306 871 647 
7	0.0: 729 674 194 231 1028 356 857 827 
7	0.0: 736 767 164 351 653 570 773 579 
7	0.0: 741 771 102 467 654 513 851 736 
7	0.0: 750 774 250 383 978 460 818 744 
7	0.0: 736 897 64 391 948 621 841 581 
7	0.0: 729 704 92 505 996 388 848 820 
7	0.0: 732 972 120 363 893 466 941 676 
7	0.0: 741 845 119 386 717 398 876 597 
7	0.0: 742 853 29 330 1284 416 791 515 
7	0.0: 737 897 1 302 599 295 780 833 
7	0.0: 738 921 145 618 1102 709 878 971 
7	0.0: 744 848 118 290 1052 264 854 756 
7	0.0: 742 920 114 166 784 323 839 841 
7	0.0: 736 848 72 324 1151 357 806 736 
7	0.0: 745 671 147 371 931 396 873 751 
7	0.0: 731 702 158 455 849 218 806 503 
7	0.0: 732 1038 84 278 1038 389 863 740 
7	0.0: 747 741 1 391 936 429 900 501 
7	0.0: 757 879 77 261 934 444 860 715 
7	0.0: 739 680 198 478 761 593 790 773 
7	0.0: 740 686 147 305 560 287 864 785 
7	0.0: 745 912 177 371 1032 350 889 643 
7	0.0: 748 944 155 571 917 588 877 781 
7	0.0: 751 759 232 530 1014 313 881 867 
7	0.0: 734 899 126 293 851 154 863 731 
7	0.0: 738 706 1 237 629 282 914 762 
7	0.0: 746 764 108 237 687 635 861 674 
7	0.0: 765 826 284 457 894 157 904 653 
7	0.0: 727 728 44 20 630 431 834 736 
7	0.0: 741 1001 155 373 1024 481 826 642 
7	0.0: 731 851 1 336 1032 617 863 956 
7	0.0: 748 1005 1 420 1077 100 853 807 
7	0.0: 729 833 60 91 762 464 803 576 
7	0.0: 745 672 141 190 1020 513 859 532 
7	0.0: 735 951 349 410 1033 592 776 438 
7	0.0: 742 869 8 48 1102 378 881 565 
7	0.0: 746 803 301 474 709 665 812 1031 
7	0.0: 752 967 85 440 948 573 884 923 
7	0.0: 740 863 61 305 618 318 879 655 
7	0.0: 726 793 51 340 1041 406 871 689 
7	0.0: 740 736 18 432 892 347 828 1038 
7	0.0: 741 758 6 220 920 444 839 844 
7	0.0: 750 932 180 180 1236 198 820 882 
7	0.0: 745 843 149 396 943 183 937 879 
7	0.0: 742 700 30 403 845 226 823 462 
7	0.0: 743 893 288 555 870 499 852 791 
7	0.0: 737 871 68 413 1058 122 828 736 
7	0.0: 743 838 182 436 977 286 812 975 
7	0.0: 736 826 71 210 978 333 849 443 
7	0.0: 744 694 1 300 761 372 842 647 
7	0.0: 734 1034 86 539 942 337 879 516 
7	0.0: 742 909 169 563 1129 181 791 508 
7	0.0: 739 787 167 467 544 567 796 744 
7	0.0: 742 830 79 189 1084 395 884 628 
7	0.0: 753 750 199 477 761 360 832 708 
7	0.0: 740 819 96 329 1310 514 886 950 
7	0.0: 750 798 45 383 841 555 915 615 
7	0.0: 730 843 259 502 827 323 964 898 
7	0.0: 746 902 43 390 1298 624 841 771 
7	0.0: 738 816 134 120 1113 398 843 821 
7	0.0: 744 717 103 548 1036 476 895 901 
7	0.0: 726 856 116 283 676 188 843 898 
7	0.0: 739 766 262 344 1037 217 817 1052 
7	0.0: 751 776 70 527 967 409 907 836 
7	0.0: 734 806 27 365 937 449 880 817 
7	0.0: 739 713 92 364 966 318 859 1065 
7	0.0: 735 985 128 556 810 488 820 883 
7	0.0: 736 761 215 223 758 378 894 938 
7	0.0: 737 975 183 428 1035 515 890 714 
7	0.0: 742 768 131 326 909 334 818 958 
7	0.0: 740 846 36 477 1071 418 774 491 
7	0.0: 731 658 124 317 1209 640 817 881 
7	0.0: 746 730 93 384 1046 599 783 1138 
7	0.0: 760 733 118 262 718 631 838 622 
7	0.0: 737 935 223 213 822 292 878 439 
7	0.0: 748 981 177 86 1020 406 844 675 
7	0.0: 732 926 252 139 770 382 848 939 
7	0.0: 742 970 122 249 974 227 807 907 
7	0.0: 750 824 174 455 933 426 943 667 
7	0.0: 742 989 77 239 1183 281 910 646 
7	0.0: 737 727 218 537 1227 476 832 509 
7	0.0: 724 958 148 214 791 221 859 640 
7	0.0: 733 883 86 377 872 412 870 681 
7	0.0: 734 824 204 108 727 457 757 510 
7	0.0: 737 932 220 432 844 111 873 806 
7	0.0: 745 1018 158 199 770 327 797 723 
7	0.0: 742 919 82 311 971 363 903 887 
7	0.0: 747 864 314 391 1013 508 792 599 
7	0.0: 745 716 89 118 808 350 877 632 
7	0.0: 737 749 138 350 941 406 850 806 
7	0.0: 748 733 148 663 869 190 782 654 
7	0.0: 733 835 49 137 887 388 877 681 
7	0.0: 737 857 154 442 826 480 832 698 
7	0.0: 745 772 165 438 970 347 852 463 
7	0.0: 743 876 121 48 1101 123 885 803 
7	0.0: 724 882 210 271 1027 402 871 536 
7	0.0: 746 798 97 454 920 285 851 833 
7	0.0: 733 863 94 157 769 253 806 563 
7	0.0: 750 807 144 492 1086 411 801 817 
7	0.0: 748 1130 132 379 818 487 854 859 
7	0.0: 736 905 138 18 1324 300 800 713 
7	0.0: 737 887 201 541 1095 364 848 518 
7	0.0: 737 904 233 412 1044 290 858 692 
7	0.0: 734 841 86 302 893 506 825 1048 
7	0.0: 737 710 1 247 1006 486 849 779 
7	0.0: 745 787 178 269 822 214 794 762 
7	0.0: 743 729 117 314 696 372 932 931 
7	0.0: 746 836 82 212 1035 500 901 715 
7	0.0: 739 815 83 242 632 272 895 739 
7	0.0: 748 843 209 223 1029 366 807 890 
7	0.0: 735 957 160 209 880 295 881 523 
7	0.0: 736 654 1 227 1177 206 975 575 
7	0.0: 735 892 1 366 1068 543 846 812 
7	0.0: 723 911 219 100 591 306 790 494 
7	0.0: 744 737 59 338 942 361 848 774 
7	0.0: 747 892 44 330 1134 413 945 444 
7	0.0: 742 673 146 262 1099 168 832 983 
7	0.0: 738 914 198 201 736 344 823 641 
7	0.0: 726 750 38 325 883 424 784 762 
7	0.0: 738 886 41 219 1045 358 839 912 
7	0.0: 741 838 300 395 1150 329 787 711 
7	0.0: 758 898 110 374 954 337 811 763 
7	0.0: 734 739 23 478 745 558 885 771 
7	0.0: 741 778 254 194 812 466 784 857 
7	0.0: 731 651 7 145 902 277 836 620 
7	0.0: 737 846 100 606 715 228 876 803 
7	0.0: 754 859 215 318 872 310 872 596 
7	0.0: 753 927 219 80 1356 220 850 494 
7	0.0: 730 810 248 413 747 471 803 936 
7	0.0: 739 636 98 485 667 231 910 643 
7	0.0: 754 879 226 190 977 213 958 617 
7	0.0: 741 802 80 437 413 552 836 928 
7	0.0: 737 785 98 269 1259 587 835 527 
7	0.0: 744 653 125 583 779 323 899 778 
7	0.0: 743 733 121 363 817 563 850 759 
7	0.0: 744 692 226 293 773 271 876 762 
7	0.0: 740 865 267 316 849 495 877 839 
7	0.0: 752 894 45 172 1005 404 832 660 
7	0.0: 761 870 94 452 591 285 871 707 
7	0.0: 737 682 246 426 442 546 840 959 
7	0.0: 724 817 328 219 1055 474 925 883 
7	0.0: 718 782 84 547 981 78 871 700 
7	0.0: 760 978 144 357 1292 185 840 491 
7	0.0: 738 943 172 440 593 321 883 675 
7	0.0: 739 820 70 213 1079 494 802 801 
7	0.0: 736 847 197 537 799 284 845 958 
7	0.0: 741 868 168 593 1026 147 769 806 
7	0.0: 730 829 1 182 1036 426 900 672 
7	0.0: 757 904 156 335 832 535 885 740 
7	0.0: 733 782 244 430 1211 433 882 532 
7	0.0: 753 913 303 268 1065 312 866 445 
7	0.0: 743 780 132 304 889 370 811 532 
7	0.0: 750 674 340 532 601 701 884 1004 
7	0.0: 733 852 77 524 796 520 818 311 
7	0.0: 744 705 234 485 677 518 831 611 
7	0.0: 755 831 33 358 777 462 926 789 
7	0.0: 730 694 194 621 988 330 821 533 
7	0.0: 747 826 145 509 951 401 844 795 
7	0.0: 738 812 254 553 678 335 881 724 
7	0.0: 739 830 59 408 973 346 937 927 
7	0.0: 729 789 188 527 764 371 863 639 
7	0.0: 733 707 254 303 1041 178 843 593 
7	0.0: 747 921 88 451 496 624 919 714 
7	0.0: 735 790 40 160 1090 476 1002 986 
7	0.0: 739 926 263 287 839 138 831 640 
7	0.0: 743 885 1 400 783 179 852 526 
7	0.0: 737 936 76 264 728 244 791 530 
7	0.0: 741 888 1 352 1136 322 857 834 
7	0.0: 737 683 37 371 1248 497 797 637 
7	0.0: 742 780 214 317 590 272 800 913 
7	0.0: 750 766 1 12 740 430 794 768 
7	0.0: 732 907 1 486 964 207 872 963 
7	0.0: 733 878 158 538 1526 219 922 840 
7	0.0: 751 866 64 358 875 292 852 733 
7	0.0: 738 694 141 257 812 95 898 512 
7	0.0: 744 904 117 316 1348 456 872 819 
7	0.0: 742 921 164 258 900 260 817 1035 
7	0.0: 741 571 76 294 931 381 835 667 
7	0.0: 719 838 151 404 992 411 838 798 
7	0.0: 726 851 170 361 1027 316 870 614 
7	0.0: 750 745 115 646 772 442 859 899 
7	0.0: 727 973 158 385 788 444 855 732 
7	0.0: 745 848 57 351 868 152 840 820 
7	0.0: 743 779 38 563 616 301 888 558 
7	0.0: 741 807 66 373 765 382 970 938 
7	0.0: 733 866 236 285 837 484 890 631 
7	0.0: 730 633 99 163 914 389 863 753 
7	0.0: 746 630 88 295 921 144 788 749 
7	0.0: 755 917 1 342 802 244 831 874 
7	0.0: 732 742 366 192 593 510 959 769 
7	0.0: 740 1047 165 349 1150 355 789 626 
7	0.0: 743 908 1 559 949 401 907 827 
7	0.0: 744 740 103 227 804 426 839 698 
7	0.0: 737 853 132 303 890 410 912 527 
7	0.0: 740 810 144 567 1203 347 921 862 
7	0.0: 750 910 47 324 1182 247 890 613 
7	0.0: 741 915 1 388 930 659 838 793 
5	0.0: 744 764 72 374 591 479 922 437 
7	0.0: 744 724 258 172 918 461 844 718 
7	0.0: 740 802 120 410 1213 255 928 588 
7	0.0: 740 957 1 471 627 326 922 608 
7	0.0: 742 858 27 461 1073 668 795 547 
7	0.0: 736 767 188 414 1038 108 913 680 
7	0.0: 734 682 64 108 390 328 866 617 
7	0.0: 745 688 340 160 1200 377 776 685 
7	0.0: 736 833 100 437 857 538 910 695 
7	0.0: 722 868 81 378 1072 159 870 592 
7	0.0: 741 797 102 230 820 462 834 825 
7	0.0: 726 726 193 252 822 169 817 749 
7	0.0: 740 972 255 268 1000 408 800 667 
7	0.0: 731 851 65 119 1217 671 861 891 
7	0.0: 733 844 70 257 1245 452 780 677 
7	0.0: 737 789 247 371 851 383 915 695 
7	0.0: 760 943 109 481 974 546 852 796 
7	0.0: 743 835 151 334 893 470 917 555 
7	0.0: 733 743 22 218 1343 476 874 771 
7	0.0: 732 685 58 483 794 254 874 643 
7	0.0: 719 862 240 639 948 382 908 730 
7	0.0: 744 776 57 77 963 417 882 643 
7	0.0: 751 849 115 402 976 455 863 565 
7	0.0: 733 706 242 469 596 218 852 806 
7	0.0: 746 678 119 512 912 280 863 474 
7	0.0: 747 861 115 514 1101 28 820 667 
7	0.0: 761 833 118 409 821 599 860 852 
7	0.0: 732 781 148 259 775 36 881 621 
7	0.0: 723 657 1 492 596 353 904 535 
7	0.0: 740 931 97 298 509 388 838 756 
7	0.0: 725 882 91 418 797 368 889 948 
7	0.0: 741 884 164 182 385 419 879 1009 
7	0.0: 749 743 87 385 1122 551 872 602 
7	0.0: 740 728 157 191 1019 267 910 576 
7	0.0: 739 801 243 539 988 432 897 743 
7	0.0: 729 829 54 400 860 497 760 602 
7	0.0: 751 794 111 543 838 380 983 645 
7	0.0: 736 864 115 418 839 399 896 701 
7	0.0: 741 822 110 231 893 421 767 910 
7	0.0: 741 747 233 308 783 327 931 665 
7	0.0: 735 747 26 379 1034 575 784 899 
7	0.0: 745 938 94 364 988 486 914 583 
7	0.0: 742 924 92 110 1019 356 924 706 
7	0.0: 734 669 159 316 737 572 898 659 
7	0.0: 745 847 1 256 1183 265 841 557 
7	0.0: 735 847 108 310 906 370 840 821 
7	0.0: 734 719 84 140 1025 330 847 655 
7	0.0: 745 803 12 270 414 204 851 502 
7	0.0: 738 819 76 427 890 688 797 426 
7	0.0: 736 897 94 612 745 185 903 654 
7	0.0: 747 809 251 251 857 89 874 661 
7	0.0: 752 898 225 346 744 287 849 896 
7	0.0: 741 698 162 261 961 351 850 933 
7	0.0: 742 945 1 459 760 240 867 731 
7	0.0: 737 817 82 380 1055 642 912 540 
7	0.0: 733 638 348 452 834 422 867 664 
7	0.0: 747 776 196 103 1192 348 768 956 
7	0.0: 733 811 173 407 873 185 909 562 
7	0.0: 730 905 318 365 864 168 898 903 
7	0.0: 739 877 56 391 584 394 853 691 
7	0.0: 741 927 3 315 705 373 858 953 
7	0.0: 736 931 17 451 224 244 900 885 
7	0.0: 738 780 153 406 787 277 798 675 
7	0.0: 734 903 25 235 969 575 836 723 
7	0.0: 735 906 1 260 1014 392 830 967 
7	0.0: 740 745 192 246 819 241 891 592 
7	0.0: 723 759 94 212 817 634 889 736 
7	0.0: 736 840 93 140 998 548 769 791 
7	0.0: 738 924 92 464 469 273 837 506 
7	0.0: 719 780 164 429 1222 514 797 859 
7	0.0: 757 896 34 141 934 330 900 777 
7	0.0: 736 811 5 343 859 432 854 730 
7	0.0: 725 898 102 408 628 427 843 721 
7	0.0: 751 858 196 204 805 251 922 1040 
7	0.0: 746 828 361 182 880 409 885 738 
7	0.0: 740 820 1 553 885 489 910 508 
7	0.0: 745 911 89 175 945 218 863 739 
7	0.0: 738 848 97 586 1129 439 884 858 
7	0.0: 736 738 84 416 899 463 815 483 
7	0.0: 737 677 1 229 837 335 856 850 
7	0.0: 744 748 144 403 873 448 794 458 
7	0.0: 725 657 167 476 1081 156 859 610 
7	0.0: 729 756 178 81 880 441 869 730 
7	0.0: 738 848 280 423 875 255 847 790 
7	0.0: 733 931 29 302 806 347 857 741 
7	0.0: 739 997 46 213 988 475 785 695 
7	0.0: 754 953 30 231 1022 276 862 549 
7	0.0: 760 828 1 311 1184 522 902 734 
7	0.0: 717 822 263 203 726 465 872 590 
7	0.0: 728 943 1 343 963 480 924 762 
7	0.0: 739 837 136 132 1008 330 863 801 
7	0.0: 750 780 36 341 1082 266 845 535 
7	0.0: 751 844 59 324 798 262 935 796 
7	0.0: 734 815 113 557 1150 361 898 593 
7	0.0: 754 742 83 411 1043 552 842 823 
7	0.0: 737 928 106 395 1098 338 857 680 
7	0.0: 738 690 33 92 966 473 865 815 
7	0.0: 744 889 115 467 1128 407 857 291 
7	0.0: 739 755 173 287 898 374 741 756 
7	0.0: 746 877 142 417 1019 505 860 848 
7	0.0: 743 724 98 298 927 333 918 692 
7	0.0: 731 850 119 241 589 584 885 792 
7	0.0: 718 856 50 337 610 414 846 869 
7	0.0: 736 689 150 171 998 264 910 626 
7	0.0: 735 880 130 182 675 540 829 690 
7	0.0: 716 793 222 346 1123 98 817 511 
7	0.0: 738 961 11 171 924 351 907 567 
7	0.0: 730 836 281 554 847 339 817 661 
7	0.0: 749 888 69 374 1115 466 868 788 
7	0.0: 743 822 179 334 1007 419 823 1003 
7	0.0: 739 806 36 155 913 366 815 595 
7	0.0: 752 760 178 376 747 316 850 799 
7	0.0: 742 759 119 473 1044 363 862 560 
7	0.0: 730 772 199 482 647 322 890 899 
7	0.0: 737 862 168 277 967 262 903 626 
7	0.0: 718 788 170 227 1035 386 872 465 
7	0.0: 735 783 273 144 909 385 940 749 
7	0.0: 740 886 285 664 824 294 897 627 
7	0.0: 725 1040 1 466 580 480 896 614 
7	0.0: 744 765 134 191 599 303 863 948 
7	0.0: 740 711 185 303 1076 495 865 959 
7	0.0: 742 887 1 215 855 302 927 743 
7	0.0: 725 821 135 354 1100 500 770 837 
7	0.0: 737 912 74 294 502 458 799 560 
7	0.0: 737 952 174 401 865 415 816 644 
7	0.0: 748 853 140 353 518 386 762 903 
7	0.0: 730 901 210 387 762 123 871 590 
7	0.0: 729 1012 100 310 851 263 872 876 
7	0.0: 747 671 32 401 1023 333 868 824 
7	0.0: 734 711 129 328 635 472 870 759 
7	0.0: 738 761 218 232 843 458 819 1077 
7	0.0: 746 766 190 654 988 500 820 662 
7	0.0: 733 859 24 20 1005 293 808 588 
7	0.0: 746 807 162 342 725 487 841 742 
7	0.0: 750 864 215 317 885 248 840 682 
7	0.0: 734 693 89 391 793 481 904 816 
7	0.0: 741 746 239 550 945 519 869 791 
7	0.0: 744 863 57 299 819 468 819 526 
7	0.0: 738 866 14 260 1106 236 795 621 
7	0.0: 764 914 1 127 1123 131 944 701 
7	0.0: 750 940 199 356 1012 87 882 496 
7	0.0: 733 863 5 187 967 513 920 700 
7	0.0: 730 889 112 114 1020 556 803 798 
7	0.0: 746 1045 157 302 1018 358 913 878 
7	0.0: 747 974 31 480 814 578 792 911 
7	0.0: 754 776 148 403 734 266 810 674 
7	0.0: 749 952 64 249 743 542 874 843 
7	0.0: 738 816 1 427 788 384 784 855 
7	0.0: 733 861 93 99 913 168 854 536 
7	0.0: 741 766 97 190 738 276 879 622 
7	0.0: 746 894 174 345 848 339 788 685 
7	0.0: 728 819 157 420 532 259 763 526 
7	0.0: 728 864 171 542 910 580 873 806 
7	0.0: 737 973 131 304 869 493 929 875 
7	0.0: 734 827 129 298 802 203 895 447 
7	0.0: 746 1036 157 301 742 426 808 673 
7	0.0: 749 738 114 209 559 540 864 737 
7	0.0: 740 757 59 510 1015 485 930 658 
7	0.0: 750 704 193 394 975 244 917 821 
7	0.0: 741 847 95 218 940 379 884 947 
7	0.0: 736 820 1 472 728 374 866 1023 
7	0.0: 741 891 131 540 493 289 771 871 
7	0.0: 744 793 77 267 943 350 814 674 
7	0.0: 729 900 188 455 912 396 841 493 
7	0.0: 736 865 112 382 1086 502 869 629 
7	0.0: 724 822 123 339 760 383 798 510 
7	0.0: 740 958 126 215 1002 133 865 759 
7	0.0: 750 817 151 325 687 671 751 728 
7	0.0: 772 927 20 431 1019 381 886 530 
7	0.0: 738 934 145 377 1229 344 836 838 
7	0.0: 731 729 218 436 975 316 919 757 
7	0.0: 731 839 104 320 826 416 917 650 
7	0.0: 755 1026 1 317 1136 203 876 625 
7	0.0: 729 866 158 462 1100 403 928 742 
7	0.0: 737 1024 70 191 618 467 880 733 
7	0.0: 744 946 107 273 705 387 845 806 
7	0.0: 737 763 135 329 1234 455 799 797 
7	0.0: 740 762 120 274 991 358 899 860 
7	0.0: 739 1019 13 232 1191 329 790 789 
7	0.0: 741 869 123 296 1040 530 895 716 
7	0.0: 747 744 205 553 1046 386 870 383 
7	0.0: 760 728 53 260 1095 493 854 720 
7	0.0: 760 681 1 296 1018 414 891 757 
7	0.0: 741 894 69 470 1053 339 875 800 
7	0.0: 734 810 203 257 962 496 872 550 
7	0.0: 734 855 181 498 993 414 859 810 
7	0.0: 736 1006 253 383 979 248 839 521 
7	0.0: 736 631 1 80 987 468 778 764 
7	0.0: 738 977 250 540 941 65 899 758 
7	0.0: 729 952 159 333 895 278 784 786 
7	0.0: 743 808 21 494 1079 179 864 742 
7	0.0: 725 695 147 455 863 481 959 452 
7	0.0: 749 810 271 506 972 306 975 669 
7	0.0: 746 800 118 298 894 254 837 855 
7	0.0: 749 765 221 425 1058 146 796 971 
7	0.0: 746 972 203 268 897 493 805 767 
7	0.0: 752 783 22 203 1071 316 915 843 
7	0.0: 732 947 1 302 1042 301 886 571 
7	0.0: 743 857 83 286 666 197 833 901 
7	0.0: 744 751 207 313 557 429 870 668 
7	0.0: 744 819 55 355 1051 544 815 911 
7	0.0: 732 804 46 273 829 488 864 615 
7	0.0: 753 719 165 385 833 331 868 707 
7	0.0: 746 760 79 381 1199 271 813 581 
7	0.0: 732 573 132 342 866 320 868 689 
7	0.0: 744 908 130 508 837 489 837 864 
7	0.0: 726 1047 219 293 697 476 948 1000 
7	0.0: 744 942 236 184 606 393 760 742 
7	0.0: 745 909 129 531 748 323 875 530 
7	0.0: 735 794 110 307 933 321 858 856 
7	0.0: 742 953 1 389 981 446 842 679 
7	0.0: 727 894 257 635 976 714 949 761 
7	0.0: 738 1073 189 519 906 556 830 1097 
7	0.0: 733 713 66 361 870 533 795 814 
7	0.0: 735 892 102 17 858 213 869 608 
7	0.0: 757 726 169 389 810 413 922 526 
7	0.0: 738 773 18 290 1044 169 875 620 
7	0.0: 759 709 135 487 937 183 858 591 
7	0.0: 747 928 155 407 1145 353 886 482 
7	0.0: 723 904 1 251 962 117 776 301 
7	0.0: 747 865 32 410 976 331 849 641 
7	0.0: 734 700 183 58 625 232 741 749 
7	0.0: 742 1040 131 312 691 347 835 601 
7	0.0: 731 871 166 239 870 385 819 861 
7	0.0: 740 744 202 331 696 363 919 793 
7	0.0: 740 764 145 178 981 515 857 644 
7	0.0: 737 805 120 287 816 136 886 795 
7	0.0: 736 855 35 476 636 556 928 859 
7	0.0: 739 898 158 371 768 499 790 951 
7	0.0: 756 813 214 360 1001 363 830 755 
7	0.0: 727 918 171 380 784 438 842 906 
7	0.0: 730 797 178 499 862 592 844 775 
7	0.0: 731 791 132 21 640 464 879 623 
7	0.0: 742 674 102 358 374 357 875 703 
7	0.0: 741 807 35 401 729 246 877 803 
7	0.0: 727 889 1 237 1201 107 805 615 
7	0.0: 738 759 85 268 808 523 843 649 
7	0.0: 737 775 81 343 928 379 820 640 
7	0.0: 729 994 138 317 1257 406 843 665 
7	0.0: 751 789 32 220 752 437 886 412 
7	0.0: 744 1050 75 320 819 201 770 804 
7	0.0: 737 883 43 381 1251 105 909 673 
7	0.0: 750 505 127 356 1212 399 867 821 
7	0.0: 744 901 125 454 1170 328 872 707 
7	0.0: 728 791 367 381 942 299 888 806 
7	0.0: 741 802 131 525 1041 402 939 693 
7	0.0: 745 800 224 247 731 420 875 645 
7	0.0: 740 829 104 361 613 369 814 774 
7	0.0: 733 803 59 248 881 639 846 728 
7	0.0: 738 655 114 694 1068 482 809 1144 
7	0.0: 743 884 1 461 709 494 801 882 
7	0.0: 728 703 206 437 518 272 909 508 
7	0.0: 730 883 139 278 1206 224 944 489 
7	0.0: 743 944 47 376 777 277 878 754 
7	0.0: 730 764 52 371 705 210 878 728 
7	0.0: 742 1031 144 272 1041 180 878 661 
7	0.0: 734 954 1 107 790 569 901 818 
7	0.0: 757 636 39 362 840 629 901 878 
7	0.0: 750 827 185 244 674 466 858 747 
7	0.0: 747 926 28 450 1067 314 821 697 
7	0.0: 746 897 272 198 900 328 784 594 
7	0.0: 738 1035 77 540 355 294 838 738 
7	0.0: 745 726 1 448 1057 324 867 697 
7	0.0: 739 735 150 315 1045 489 963 815 
7	0.0: 734 801 76 264 875 677 840 757 
7	0.0: 735 855 133 364 1051 1 832 939 
7	0.0: 756 807 132 413 719 526 891 539 
7	0.0: 740 702 179 574 896 451 871 811 
7	0.0: 755 824 280 474 1028 373 777 319 
7	0.0: 740 827 14 210 727 601 853 600 
7	0.0: 743 829 107 90 687 635 840 809 
7	0.0: 739 673 57 405 737 509 906 622 
7	0.0: 741 961 104 568 704 332 890 908 
7	0.0: 739 950 2 602 933 515 789 655 
7	0.0: 733 696 86 217 951 247 864 586 
7	0.0: 735 735 122 206 648 277 932 794 
7	0.0: 756 779 209 600 1101 346 871 437 
7	0.0: 742 847 116 272 609 268 844 614 
7	0.0: 716 908 41 291 611 623 827 642 
7	0.0: 738 995 3 343 717 204 826 593 
7	0.0: 733 850 1 500 1124 478 943 694 
7	0.0: 723 886 195 163 713 545 887 878 
7	0.0: 740 824 35 257 915 195 914 899 
7	0.0: 734 729 43 259 963 386 900 792 
7	0.0: 717 977 151 450 1242 176 824 622 
7	0.0: 738 861 124 242 844 363 834 537 
7	0.0: 729 834 16 139 964 381 916 770 
7	0.0: 730 876 158 354 956 265 875 626 
7	0.0: 752 796 193 538 1013 337 881 586 
7	0.0: 741 1021 254 263 893 380 808 679 
7	0.0: 725 841 1 414 847 435 892 849 
7	0.0: 747 767 173 191 928 380 806 624 
7	0.0: 733 755 127 504 845 380 870 904 
7	0.0: 727 838 1 292 821 366 884 811 
7	0.0: 752 888 213 423 941 402 858 783 
7	0.0: 747 792 233 341 856 351 793 923 
7	0.0: 749 734 176 288 849 386 902 751 
7	0.0: 748 778 206 419 729 361 894 597 
7	0.0: 754 962 165 267 856 627 851 820 
7	0.0: 742 771 159 168 1152 524 916 543 
7	0.0: 747 725 109 267 1170 304 822 565 
7	0.0: 745 784 135 1 964 183 826 840 
7	0.0: 727 812 111 291 766 321 831 812 
7	0.0: 726 1023 141 419 590 370 859 673 
7	0.0: 734 741 193 386 914 371 822 640 
7	0.0: 738 714 134 516 881 353 868 727 
7	0.0: 748 805 75 512 1009 492 840 768 
7	0.0: 747 628 141 352 716 615 939 839 
7	0.0: 751 955 130 119 672 562 816 530 
7	0.0: 733 727 201 518 1105 373 850 920 
7	0.0: 753 882 1 245 1136 488 808 644 
7	0.0: 740 822 1 559 973 164 920 812 
7	0.0: 743 814 159 200 726 330 976 725 
7	0.0: 747 707 145 601 1139 486 903 1023 
7	0.0: 743 859 54 195 778 414 888 976 
7	0.0: 743 743 261 418 1064 464 818 724 
7	0.0: 740 1017 187 280 800 412 876 680 
7	0.0: 738 788 21 531 632 133 830 606 
7	0.0: 731 715 222 230 838 272 858 680 
7	0.0: 752 740 304 170 1116 147 957 833 
7	0.0: 732 880 123 328 771 371 800 565 
7	0.0: 736 934 207 231 1051 216 895 679 
7	0.0: 739 938 95 449 811 305 830 623 
7	0.0: 722 778 128 282 855 326 798 758 
7	0.0: 744 971 90 365 884 332 840 753 
7	0.0: 752 873 290 122 555 282 829 685 
7	0.0: 746 796 102 417 1124 263 903 405 
7	0.0: 739 970 128 429 719 342 808 429 
7	0.0: 736 903 169 170 795 294 856 382 
7	0.0: 728 715 338 483 839 356 872 812 
7	0.0: 742 844 1 103 1267 349 865 651 
7	0.0: 754 963 172 180 762 162 886 927 
7	0.0: 747 560 1 299 759 260 870 718 
7	0.0: 732 941 182 268 713 107 848 933 
7	0.0: 757 1093 192 526 1064 439 845 767 
7	0.0: 731 810 23 366 692 503 804 783 
7	0.0: 752 771 160 419 1068 330 835 629 
7	0.0: 737 660 257 318 1037 665 801 512 
7	0.0: 750 965 195 256 773 273 871 684 
7	0.0: 725 915 104 427 969 457 861 816 
7	0.0: 750 855 119 308 845 566 919 1010 
7	0.0: 740 943 276 338 1142 345 822 703 
7	0.0: 733 910 86 285 1022 410 902 711 
7	0.0: 738 772 108 221 1132 221 886 710 
7	0.0: 742 694 31 410 1418 393 871 545 
7	0.0: 751 918 88 211 699 720 904 529 
7	0.0: 737 814 235 292 1066 480 800 585 
7	0.0: 732 755 1 194 1007 202 772 599 
7	0.0: 739 984 169 591 926 496 871 860 
7	0.0: 741 791 115 378 678 371 934 657 
7	0.0: 737 1031 245 146 1000 218 818 983 
7	0.0: 733 1025 55 266 636 190 803 906 
7	0.0: 747 708 38 294 1154 442 786 874 
7	0.0: 764 819 259 171 980 598 923 784 
7	0.0: 743 813 1 339 689 433 836 974 
7	0.0: 728 753 124 259 938 398 848 838 
7	0.0: 728 873 99 343 799 419 773 883 
7	0.0: 749 873 89 260 1085 433 814 829 
7	0.0: 755 814 264 601 854 508 888 506 
7	0.0: 738 774 16 488 678 210 837 752 
7	0.0: 758 849 192 631 754 404 823 751 
7	0.0: 756 911 192 284 720 215 886 563 
2	0.0: 746 754 93 331 737 848 918 658 
7	0.0: 733 976 150 374 933 295 920 946 
7	0.0: 755 951 115 281 698 382 862 800 
7	0.0: 730 805 241 367 747 440 867 529 
7	0.0: 739 919 101 243 1075 185 759 638 
7	0.0: 750 945 1 538 943 388 953 573 
7	0.0: 733 804 110 97 1114 420 914 680 
7	0.0: 754 845 55 189 819 378 798 594 
7	0.0: 720 765 185 430 429 320 907 672 
7	0.0: 725 907 142 211 821 171 854 861 
7	0.0: 747 786 141 343 899 145 861 767 
7	0.0: 726 912 396 272 907 358 840 781 
7	0.0: 738 812 360 308 594 474 910 1019 
7	0.0: 742 848 1 677 1292 265 785 845 
7	0.0: 747 898 200 425 1011 339 945 664 
7	0.0: 744 823 230 451 988 356 789 750 
7	0.0: 751 907 172 563 1068 199 875 642 
7	0.0: 721 722 1 219 1121 90 795 759 
7	0.0: 735 887 187 476 680 575 825 528 
5	0.0: 741 698 85 395 491 299 878 403 
7	0.0: 744 817 195 246 988 304 900 704 
7	0.0: 737 609 52 453 547 360 978 884 
7	0.0: 744 946 129 590 630 614 869 884 
7	0.0: 733 1087 177 301 712 460 821 506 
7	0.0: 732 783 147 203 859 297 864 920 
7	0.0: 723 983 61 66 1043 292 825 754 
7	0.0: 748 879 139 1 1000 572 890 816 
