6	0.0: 139 371 397 730 758 656 971 382 
6	0.0: 136 367 495 744 683 750 960 321 
6	0.0: 138 370 247 754 755 760 984 223 
6	0.0: 138 367 555 693 898 704 996 421 
6	0.0: 141 367 303 707 536 753 1025 232 
6	0.0: 138 366 47 625 660 785 1012 246 
6	0.0: 136 371 435 768 746 838 975 13 
6	0.0: 137 369 109 715 655 686 982 389 
6	0.0: 139 366 113 696 732 808 1000 390 
6	0.0: 139 369 479 731 878 678 977 1 
6	0.0: 139 369 373 729 472 727 987 245 
6	0.0: 139 369 1 704 775 668 969 242 
6	0.0: 138 366 216 714 688 701 985 382 
6	0.0: 138 371 1 697 687 727 989 192 
6	0.0: 137 369 359 722 687 785 979 385 
6	0.0: 138 368 187 714 748 670 1008 356 
6	0.0: 139 370 1 757 630 753 1001 252 
6	0.0: 137 369 271 706 863 683 974 1 
6	0.0: 139 367 20 696 760 692 989 461 
6	0.0: 138 369 478 708 879 672 974 413 
6	0.0: 135 368 325 745 547 750 978 99 
6	0.0: 138 367 12 803 719 694 958 7 
6	0.0: 138 369 236 700 790 766 969 65 
6	0.0: 140 368 1 710 619 801 993 410 
6	0.0: 138 372 215 720 759 851 1008 193 
6	0.0: 137 368 104 664 684 752 983 287 
6	0.0: 137 366 183 733 765 678 968 81 
6	0.0: 137 367 113 686 633 681 976 93 
6	0.0: 137 369 301 705 831 719 984 222 
6	0.0: 138 365 372 686 629 667 985 512 
6	0.0: 139 370 307 723 847 669 996 153 
6	0.0: 137 367 214 678 749 738 977 286 
6	0.0: 140 368 284 689 785 828 977 1 
6	0.0: 137 365 262 736 759 687 955 262 
6	0.0: 138 368 296 698 788 684 970 138 
6	0.0: 138 368 137 693 843 886 985 100 
6	0.0: 137 369 240 700 716 668 962 158 
6	0.0: 137 365 175 662 638 648 1029 521 
6	0.0: 139 373 64 693 960 711 946 155 
6	0.0: 137 367 136 712 532 704 949 52 
6	0.0: 138 367 216 725 689 767 998 1 
6	0.0: 138 368 58 711 569 749 972 335 
6	0.0: 138 369 134 694 737 787 988 404 
6	0.0: 138 371 174 733 845 727 993 133 
6	0.0: 140 369 469 730 638 850 982 167 
6	0.0: 139 368 386 755 655 731 981 271 
6	0.0: 136 366 165 670 739 745 976 158 
6	0.0: 137 371 386 713 574 697 1019 267 
6	0.0: 137 366 306 686 738 692 971 196 
6	0.0: 138 371 496 693 665 902 987 215 
6	0.0: 137 369 649 745 717 697 984 291 
6	0.0: 139 369 304 712 577 656 980 477 
6	0.0: 139 371 606 732 786 739 989 99 
6	0.0: 140 370 389 693 794 761 1026 405 
6	0.0: 138 367 379 685 790 756 1014 1 
6	0.0: 135 369 124 710 618 776 980 1 
6	0.0: 138 368 95 717 703 633 971 76 
6	0.0: 139 366 422 712 517 825 1016 149 
6	0.0: 137 366 50 699 824 748 955 422 
2	0.0: 138 367 147 665 687 670 980 702 
6	0.0: 138 366 334 694 742 618 1003 1 
6	0.0: 137 371 390 655 604 702 975 308 
6	0.0: 137 369 123 683 826 674 988 27 
6	0.0: 137 370 198 687 871 735 982 268 
6	0.0: 138 368 347 717 780 779 971 273 
6	0.0: 137 369 183 747 664 749 980 260 
6	0.0: 138 370 202 698 572 716 990 38 
6	0.0: 138 367 199 655 564 776 969 233 
6	0.0: 136 370 290 713 576 727 990 140 
6	0.0: 138 368 460 713 525 767 955 493 
6	0.0: 137 370 202 726 701 725 962 1 
6	0.0: 136 370 338 724 741 758 984 1 
6	0.0: 137 367 420 685 633 709 954 164 
6	0.0: 138 368 228 728 754 779 965 218 
6	0.0: 138 368 215 719 588 685 956 273 
6	0.0: 139 369 339 767 697 615 1004 84 
6	0.0: 139 373 83 757 757 798 969 86 
6	0.0: 137 370 154 701 726 692 966 307 
6	0.0: 138 369 277 733 779 856 988 97 
6	0.0: 138 369 405 727 668 810 974 281 
6	0.0: 138 369 78 692 710 711 994 199 
6	0.0: 138 372 324 687 635 665 1000 541 
2	0.0: 138 370 191 732 699 801 991 729 
6	0.0: 139 370 266 729 612 772 984 393 
6	0.0: 139 369 59 762 624 787 955 279 
6	0.0: 137 371 562 726 632 726 987 274 
6	0.0: 139 367 177 711 714 698 995 276 
6	0.0: 139 371 147 720 675 801 986 143 
6	0.0: 137 366 559 722 591 737 976 422 
6	0.0: 138 368 247 726 676 712 993 239 
6	0.0: 138 369 423 709 515 675 985 12 
6	0.0: 137 369 45 709 665 766 952 246 
6	0.0: 138 367 21 728 728 758 955 265 
6	0.0: 137 372 40 748 812 889 970 81 
6	0.0: 137 369 410 753 729 647 997 239 
6	0.0: 138 368 660 689 626 785 989 1 
6	0.0: 138 369 1 716 689 769 926 481 
6	0.0: 138 371 586 723 757 816 1001 1 
6	0.0: 138 369 440 711 635 732 993 488 
6	0.0: 139 364 200 694 708 731 938 216 
6	0.0: 138 368 180 727 476 849 974 307 
6	0.0: 138 369 277 688 667 597 979 88 
6	0.0: 137 364 297 696 591 641 1032 1 
6	0.0: 138 370 67 733 754 764 1043 313 
6	0.0: 137 370 34 743 638 737 952 308 
6	0.0: 139 367 165 721 547 686 963 59 
6	0.0: 139 367 200 736 720 734 957 69 
6	0.0: 138 369 142 703 737 684 1012 421 
6	0.0: 137 369 636 744 798 777 971 456 
6	0.0: 139 370 617 714 786 862 952 192 
6	0.0: 138 368 172 742 582 659 986 15 
6	0.0: 137 370 234 683 655 853 971 58 
6	0.0: 139 369 152 653 566 722 1006 321 
6	0.0: 139 370 66 716 650 770 976 80 
6	0.0: 137 367 370 703 655 722 990 1 
6	0.0: 138 371 302 690 703 667 995 193 
6	0.0: 138 367 59 761 729 727 982 236 
6	0.0: 139 369 280 696 609 678 1008 109 
6	0.0: 138 368 462 690 747 677 989 294 
6	0.0: 138 370 134 742 762 738 992 463 
6	0.0: 139 367 204 732 757 780 985 174 
6	0.0: 137 372 143 682 737 744 979 325 
6	0.0: 138 369 212 718 703 741 997 110 
6	0.0: 139 368 11 690 708 652 999 235 
6	0.0: 139 368 133 756 625 754 988 85 
6	0.0: 138 366 182 733 687 674 998 449 
6	0.0: 138 369 268 680 733 748 1010 32 
6	0.0: 136 369 129 694 710 610 965 1 
6	0.0: 138 369 414 677 771 744 1008 75 
6	0.0: 138 368 45 635 782 678 947 47 
6	0.0: 138 368 484 676 711 749 1003 551 
6	0.0: 137 367 187 717 850 711 974 295 
6	0.0: 139 371 428 718 890 736 968 517 
6	0.0: 139 369 68 685 710 766 989 143 
6	0.0: 139 370 341 748 531 732 1003 296 
6	0.0: 139 368 27 748 695 835 975 330 
6	0.0: 138 366 486 675 712 728 974 1 
6	0.0: 137 368 650 706 734 709 980 224 
6	0.0: 139 370 549 697 705 666 1008 35 
6	0.0: 137 367 318 699 619 761 983 403 
6	0.0: 138 369 294 700 756 696 973 445 
6	0.0: 138 368 240 663 721 685 1009 257 
6	0.0: 138 371 196 761 567 778 972 97 
6	0.0: 138 373 761 787 743 762 988 163 
6	0.0: 140 369 314 694 529 690 983 411 
6	0.0: 139 373 339 703 761 767 1011 126 
6	0.0: 137 368 200 736 645 736 997 309 
6	0.0: 137 366 275 741 690 698 920 399 
6	0.0: 138 369 26 681 828 822 976 131 
6	0.0: 138 367 519 645 730 668 971 1 
6	0.0: 138 367 550 700 721 741 999 349 
6	0.0: 138 366 556 665 750 726 994 64 
6	0.0: 137 368 564 710 662 786 989 14 
2	0.0: 139 368 202 754 640 714 966 709 
6	0.0: 137 369 689 741 666 769 983 228 
6	0.0: 138 369 198 729 703 769 986 426 
6	0.0: 138 369 304 669 561 650 965 154 
6	0.0: 138 370 306 697 621 827 987 122 
6	0.0: 138 371 1 687 705 778 975 174 
6	0.0: 137 368 140 671 847 779 964 343 
6	0.0: 137 369 286 767 885 629 1014 219 
6	0.0: 138 371 146 753 831 678 980 229 
6	0.0: 137 370 431 677 751 725 990 473 
6	0.0: 140 365 333 670 623 663 986 29 
6	0.0: 138 369 199 667 768 675 969 274 
6	0.0: 139 370 107 679 576 714 981 315 
6	0.0: 139 367 204 710 698 650 985 289 
6	0.0: 136 370 404 730 761 759 992 169 
6	0.0: 137 371 165 716 876 782 950 289 
6	0.0: 139 365 1 721 827 784 979 181 
6	0.0: 137 368 150 701 675 820 975 400 
6	0.0: 138 369 415 716 605 743 958 1 
6	0.0: 138 367 1 748 580 712 1001 100 
6	0.0: 137 367 269 667 520 820 962 270 
6	0.0: 138 370 247 660 650 755 1001 268 
6	0.0: 136 369 515 677 783 711 968 1 
6	0.0: 140 370 368 694 513 701 1016 424 
6	0.0: 138 366 681 661 652 764 976 75 
6	0.0: 139 369 53 709 656 735 968 250 
6	0.0: 138 370 399 728 603 753 996 203 
6	0.0: 137 369 6 723 796 881 930 101 
6	0.0: 139 369 19 670 743 738 957 411 
6	0.0: 138 372 160 745 690 664 992 343 
6	0.0: 138 366 321 689 736 707 996 25 
6	0.0: 138 369 222 689 592 766 969 185 
6	0.0: 139 368 1 694 647 745 1000 97 
6	0.0: 137 369 167 666 643 845 973 519 
6	0.0: 136 368 243 719 762 720 992 308 
6	0.0: 136 370 448 712 717 821 971 123 
6	0.0: 139 370 402 667 621 700 977 211 
6	0.0: 138 368 303 735 501 705 991 62 
6	0.0: 138 366 1 678 687 827 990 102 
6	0.0: 138 370 292 659 795 682 970 96 
6	0.0: 138 367 462 740 681 819 989 258 
6	0.0: 138 367 232 667 568 709 976 1 
6	0.0: 138 368 482 679 989 765 1002 136 
6	0.0: 137 366 298 716 758 683 995 152 
6	0.0: 137 369 1 667 765 833 971 273 
6	0.0: 137 370 82 748 715 771 972 143 
6	0.0: 137 365 387 702 789 822 992 160 
6	0.0: 138 368 477 749 723 740 993 191 
6	0.0: 137 370 366 740 803 751 999 364 
6	0.0: 138 367 126 703 645 780 979 434 
6	0.0: 138 369 18 718 688 657 983 458 
6	0.0: 137 369 139 751 704 740 1009 1 
6	0.0: 139 369 332 649 741 594 978 216 
6	0.0: 138 367 151 737 699 820 950 147 
6	0.0: 136 371 355 719 653 644 975 162 
6	0.0: 138 369 258 702 737 672 979 56 
6	0.0: 137 368 217 721 569 693 963 261 
6	0.0: 139 371 331 738 705 749 974 271 
6	0.0: 137 366 414 691 752 732 962 246 
6	0.0: 138 369 468 677 772 644 987 152 
6	0.0: 137 372 363 719 689 837 961 253 
6	0.0: 139 370 221 698 818 685 970 500 
6	0.0: 138 370 162 714 751 710 989 1 
6	0.0: 138 369 145 719 649 674 1008 74 
6	0.0: 137 368 101 664 769 712 972 132 
6	0.0: 138 369 615 733 875 679 1001 529 
6	0.0: 138 371 236 717 806 795 980 178 
6	0.0: 138 371 431 728 694 722 948 210 
6	0.0: 138 373 205 720 694 844 982 157 
6	0.0: 140 370 271 697 671 771 972 464 
6	0.0: 138 367 365 693 554 753 975 397 
6	0.0: 137 372 166 714 758 803 1000 1 
6	0.0: 137 370 451 727 751 824 992 260 
6	0.0: 137 368 25 664 568 750 1019 55 
6	0.0: 139 370 123 691 609 717 1012 57 
6	0.0: 138 369 370 713 783 811 991 118 
6	0.0: 138 367 194 702 745 625 1007 203 
6	0.0: 138 370 294 652 801 802 981 199 
6	0.0: 136 373 410 718 598 752 1000 1 
6	0.0: 138 373 590 698 514 702 976 1 
6	0.0: 138 365 199 718 565 742 969 243 
6	0.0: 139 367 44 694 829 723 999 226 
6	0.0: 137 366 242 680 664 787 983 325 
6	0.0: 137 365 199 718 460 712 985 429 
6	0.0: 138 371 658 737 729 694 967 75 
6	0.0: 138 367 97 704 674 808 985 198 
6	0.0: 137 371 281 757 741 754 965 385 
6	0.0: 138 365 122 705 653 770 996 237 
6	0.0: 136 366 403 739 819 695 975 281 
6	0.0: 137 369 173 679 708 739 947 308 
6	0.0: 138 370 386 730 642 755 1012 324 
6	0.0: 139 368 130 755 619 812 975 44 
6	0.0: 138 367 266 677 777 767 961 123 
6	0.0: 139 370 224 729 775 818 975 345 
6	0.0: 137 368 445 705 755 709 973 343 
6	0.0: 137 369 448 693 693 752 959 298 
6	0.0: 140 370 97 677 729 732 946 220 
6	0.0: 138 364 350 696 849 752 965 322 
6	0.0: 138 370 413 779 633 703 982 154 
6	0.0: 139 370 28 664 656 786 999 112 
6	0.0: 138 371 93 707 837 677 994 216 
6	0.0: 137 365 169 689 784 778 986 45 
6	0.0: 137 369 217 665 614 697 996 104 
6	0.0: 138 369 334 730 643 823 974 63 
6	0.0: 138 367 107 680 802 792 981 107 
6	0.0: 139 370 634 704 767 777 980 72 
6	0.0: 137 368 736 666 707 634 996 457 
6	0.0: 137 369 157 743 589 777 981 311 
6	0.0: 137 370 327 728 720 830 986 275 
6	0.0: 138 368 1 761 650 626 1004 73 
6	0.0: 136 367 10 732 774 656 973 236 
6	0.0: 137 370 302 656 743 714 972 289 
6	0.0: 136 369 420 671 554 920 991 220 
6	0.0: 138 367 367 731 675 777 1012 143 
6	0.0: 139 363 61 763 624 773 996 261 
6	0.0: 138 369 122 694 739 689 969 327 
6	0.0: 139 371 156 749 609 853 978 92 
6	0.0: 137 370 251 725 636 685 961 414 
6	0.0: 137 369 315 676 942 802 985 316 
6	0.0: 136 368 403 724 785 746 975 300 
6	0.0: 136 372 11 660 742 685 986 113 
6	0.0: 138 368 363 653 761 721 992 337 
6	0.0: 137 369 369 718 722 640 985 235 
6	0.0: 139 368 247 652 747 785 972 303 
6	0.0: 136 368 299 741 602 738 1027 1 
6	0.0: 137 371 105 697 570 745 975 353 
6	0.0: 139 368 104 755 593 845 976 302 
6	0.0: 137 371 301 715 621 801 986 242 
6	0.0: 138 366 176 664 776 698 998 222 
6	0.0: 138 370 490 712 754 746 980 173 
6	0.0: 137 367 340 754 725 735 1003 94 
6	0.0: 139 370 121 688 648 720 991 216 
6	0.0: 137 368 462 658 884 889 971 244 
6	0.0: 138 369 483 735 747 642 986 370 
6	0.0: 137 368 221 683 811 802 1004 289 
6	0.0: 136 367 294 691 886 779 972 140 
6	0.0: 138 368 195 710 526 716 998 316 
6	0.0: 136 368 381 721 673 714 946 85 
6	0.0: 138 369 287 650 780 750 974 335 
6	0.0: 137 367 333 685 609 739 1005 226 
6	0.0: 137 366 664 705 745 855 1005 74 
6	0.0: 138 367 369 705 751 645 981 366 
2	0.0: 138 372 221 666 811 722 984 629 
6	0.0: 136 370 389 731 550 728 972 1 
6	0.0: 138 369 240 652 673 655 1004 212 
6	0.0: 138 368 265 718 883 711 969 443 
6	0.0: 138 368 328 720 868 664 974 213 
6	0.0: 138 366 77 715 506 653 982 199 
6	0.0: 137 370 129 710 652 789 990 1 
6	0.0: 140 366 218 756 632 743 993 72 
6	0.0: 138 370 84 733 773 777 988 1 
6	0.0: 138 373 26 704 760 774 978 187 
6	0.0: 138 367 446 747 719 720 989 123 
6	0.0: 138 370 235 634 672 689 990 106 
6	0.0: 137 367 373 679 746 679 960 331 
6	0.0: 137 367 319 737 709 762 966 54 
6	0.0: 137 366 238 724 577 555 983 100 
6	0.0: 139 368 509 712 690 713 969 209 
6	0.0: 138 367 266 717 664 681 986 1 
6	0.0: 139 372 363 729 676 747 979 267 
6	0.0: 137 367 187 655 563 722 1013 224 
6	0.0: 135 367 122 729 734 773 972 216 
6	0.0: 139 369 361 651 624 649 972 192 
6	0.0: 139 368 542 650 616 715 977 433 
6	0.0: 139 366 276 762 703 714 967 278 
6	0.0: 137 366 477 698 757 746 985 367 
6	0.0: 137 368 321 711 703 616 967 255 
6	0.0: 139 368 1 607 689 676 969 1 
6	0.0: 139 369 112 731 769 755 959 206 
6	0.0: 138 369 384 718 627 709 962 292 
6	0.0: 138 370 144 776 763 773 998 266 
6	0.0: 137 372 124 693 648 740 1010 181 
6	0.0: 139 372 127 671 617 706 980 178 
6	0.0: 138 369 594 671 645 669 1009 115 
6	0.0: 138 367 419 699 662 778 976 205 
6	0.0: 138 372 489 724 572 815 961 134 
6	0.0: 137 369 459 750 615 763 970 308 
6	0.0: 139 370 382 697 735 683 986 8 
6	0.0: 138 365 130 697 697 809 987 128 
6	0.0: 137 368 318 699 738 780 995 157 
6	0.0: 138 370 211 662 756 736 958 202 
6	0.0: 139 368 183 656 669 701 971 325 
6	0.0: 137 369 569 653 668 722 948 125 
6	0.0: 137 367 97 686 861 748 981 102 
6	0.0: 138 370 168 716 692 867 990 105 
6	0.0: 139 371 320 673 914 691 980 200 
6	0.0: 138 374 238 751 679 801 976 337 
6	0.0: 137 366 283 773 555 713 1016 121 
6	0.0: 137 369 1 720 624 693 989 149 
6	0.0: 138 367 457 718 784 750 1012 352 
6	0.0: 138 369 376 703 819 691 961 352 
6	0.0: 139 369 296 745 649 669 942 80 
6	0.0: 135 367 417 696 609 827 965 190 
6	0.0: 137 367 254 682 728 729 986 145 
6	0.0: 137 368 368 737 779 826 993 165 
6	0.0: 138 368 459 674 823 692 959 461 
6	0.0: 137 368 680 635 791 735 970 276 
6	0.0: 138 372 320 697 692 762 980 237 
6	0.0: 138 366 380 704 679 746 959 252 
6	0.0: 140 366 331 672 843 664 986 142 
6	0.0: 138 371 1 713 581 823 974 307 
6	0.0: 138 367 60 695 849 652 977 423 
6	0.0: 139 371 32 688 783 679 982 212 
6	0.0: 138 370 211 689 641 912 953 418 
6	0.0: 138 365 114 729 844 704 997 270 
6	0.0: 139 369 495 655 568 819 986 204 
6	0.0: 137 371 174 675 768 647 979 51 
6	0.0: 137 369 724 702 605 820 967 239 
6	0.0: 137 368 356 656 806 686 979 203 
6	0.0: 137 369 345 681 595 713 1000 377 
6	0.0: 138 369 162 702 739 734 961 414 
6	0.0: 138 369 179 762 760 791 954 342 
2	0.0: 137 367 163 687 650 726 959 604 
6	0.0: 137 368 362 703 711 738 969 1 
6	0.0: 137 369 561 768 746 662 987 253 
6	0.0: 138 366 219 610 768 791 975 1 
6	0.0: 138 366 202 717 615 742 966 113 
6	0.0: 138 367 446 688 572 538 1013 1 
6	0.0: 137 367 1 693 743 538 990 1 
6	0.0: 137 370 311 735 574 777 978 224 
6	0.0: 137 372 167 721 708 722 1001 240 
6	0.0: 137 367 162 700 607 701 981 308 
6	0.0: 138 370 312 723 820 657 991 261 
6	0.0: 137 371 239 710 778 783 997 167 
6	0.0: 137 372 274 758 670 684 974 363 
6	0.0: 137 367 1 779 719 630 977 204 
6	0.0: 139 367 431 643 641 689 993 366 
6	0.0: 138 367 152 716 738 822 1007 270 
6	0.0: 138 372 544 683 580 805 998 376 
6	0.0: 138 370 95 717 854 823 979 143 
6	0.0: 139 368 577 756 699 725 993 230 
6	0.0: 139 370 680 646 711 843 996 1 
6	0.0: 137 369 226 684 752 752 935 296 
6	0.0: 138 369 294 681 723 702 999 115 
6	0.0: 138 371 471 735 665 705 971 191 
6	0.0: 138 373 505 700 677 816 967 483 
6	0.0: 137 368 533 730 711 694 986 100 
6	0.0: 138 366 366 675 744 662 955 556 
6	0.0: 137 368 272 718 762 754 984 223 
6	0.0: 140 369 282 736 553 675 980 466 
6	0.0: 136 368 147 703 643 797 957 59 
6	0.0: 138 368 350 652 696 700 997 545 
6	0.0: 137 367 327 712 793 750 972 1 
6	0.0: 138 364 222 711 576 720 1011 184 
6	0.0: 138 370 190 755 763 761 984 137 
6	0.0: 137 369 334 709 623 670 975 508 
6	0.0: 138 370 165 671 854 746 996 84 
6	0.0: 137 367 229 738 693 668 1005 1 
6	0.0: 138 371 412 637 743 735 955 39 
6	0.0: 138 367 213 735 640 888 1008 344 
6	0.0: 139 368 205 680 611 732 1001 185 
6	0.0: 139 372 422 716 712 696 979 194 
2	0.0: 138 368 150 751 733 840 986 591 
6	0.0: 138 369 27 668 628 716 949 72 
6	0.0: 138 370 30 749 700 718 972 61 
6	0.0: 139 371 407 758 628 812 946 319 
6	0.0: 139 372 416 722 649 611 1005 169 
6	0.0: 139 367 302 683 709 759 967 455 
6	0.0: 138 368 134 683 809 739 976 118 
6	0.0: 138 372 171 731 529 731 972 382 
6	0.0: 138 369 273 733 708 758 967 320 
6	0.0: 138 372 1 685 663 868 996 333 
6	0.0: 137 367 415 712 858 835 989 222 
6	0.0: 139 371 339 729 557 639 973 218 
6	0.0: 136 369 441 697 773 733 951 201 
6	0.0: 137 367 334 694 791 688 998 273 
2	0.0: 138 368 226 660 738 818 972 542 
6	0.0: 138 371 128 662 518 679 979 146 
6	0.0: 137 367 194 734 883 727 998 143 
6	0.0: 138 367 330 704 565 725 975 300 
6	0.0: 138 367 265 743 858 662 963 23 
6	0.0: 138 372 241 739 772 745 964 389 
6	0.0: 137 369 400 764 724 816 998 1 
6	0.0: 138 371 314 726 625 623 998 176 
6	0.0: 138 365 414 690 645 779 967 282 
6	0.0: 138 370 403 651 706 668 982 407 
6	0.0: 139 366 355 703 759 776 996 53 
6	0.0: 138 364 283 705 655 667 983 157 
6	0.0: 136 368 355 700 763 777 984 421 
6	0.0: 138 369 305 676 648 718 997 277 
6	0.0: 137 367 250 689 541 669 1001 341 
6	0.0: 138 367 262 712 550 891 949 203 
6	0.0: 138 368 102 685 807 703 958 355 
6	0.0: 138 363 491 687 648 786 997 245 
6	0.0: 137 366 242 742 711 636 968 316 
6	0.0: 137 368 270 718 519 707 970 334 
6	0.0: 137 368 14 696 743 744 964 1 
6	0.0: 138 369 1 687 892 731 1007 32 
6	0.0: 137 369 211 722 739 692 1033 339 
6	0.0: 136 368 409 744 666 739 983 71 
6	0.0: 137 367 119 702 722 675 976 237 
6	0.0: 139 370 362 748 637 608 968 329 
6	0.0: 137 364 459 689 822 739 982 162 
6	0.0: 138 368 453 662 575 598 977 149 
6	0.0: 138 369 1 659 810 811 988 231 
6	0.0: 138 366 495 693 597 676 990 359 
6	0.0: 138 370 89 693 677 726 974 354 
6	0.0: 138 367 234 717 770 820 991 150 
6	0.0: 136 372 417 694 773 778 950 164 
6	0.0: 137 370 241 707 733 724 1020 1 
6	0.0: 136 369 381 730 778 758 980 393 
6	0.0: 137 366 209 736 756 855 970 158 
6	0.0: 139 370 197 727 693 733 1044 186 
6	0.0: 136 370 150 713 660 639 1008 92 
6	0.0: 140 368 198 692 564 682 984 245 
6	0.0: 138 368 48 739 756 680 989 310 
6	0.0: 138 363 1 695 513 690 984 74 
6	0.0: 136 372 321 729 658 726 982 82 
6	0.0: 139 371 64 669 661 754 974 217 
6	0.0: 138 367 328 712 680 770 969 1 
6	0.0: 138 369 296 704 760 694 963 235 
6	0.0: 137 367 33 676 862 689 970 342 
6	0.0: 138 367 445 681 599 695 976 504 
6	0.0: 138 369 133 676 806 728 981 256 
6	0.0: 137 372 129 677 631 756 1014 361 
6	0.0: 138 369 124 698 552 739 989 67 
6	0.0: 139 367 346 764 648 662 967 182 
6	0.0: 137 367 312 723 743 746 1005 183 
6	0.0: 137 367 177 692 815 859 987 260 
6	0.0: 136 366 263 707 728 699 981 308 
6	0.0: 136 368 252 709 782 614 972 62 
6	0.0: 139 369 197 753 721 777 977 129 
6	0.0: 137 370 277 756 729 747 977 568 
6	0.0: 137 369 274 643 889 715 931 318 
6	0.0: 138 370 158 672 669 725 976 461 
6	0.0: 138 366 340 693 690 793 1001 209 
6	0.0: 137 372 286 757 549 719 960 441 
6	0.0: 139 370 1 659 729 751 969 81 
6	0.0: 140 369 726 672 568 766 991 347 
6	0.0: 138 370 160 704 703 660 956 286 
6	0.0: 137 372 295 693 694 789 1009 260 
6	0.0: 138 369 487 729 832 801 959 280 
6	0.0: 139 368 239 757 676 667 1016 156 
6	0.0: 138 369 310 690 694 755 969 127 
6	0.0: 139 369 472 771 659 729 947 165 
6	0.0: 137 370 111 712 634 818 983 260 
6	0.0: 136 369 134 694 681 626 985 1 
6	0.0: 139 369 72 676 640 611 975 95 
6	0.0: 138 370 1 730 804 604 988 1 
6	0.0: 137 371 308 644 706 742 991 123 
6	0.0: 138 367 462 687 726 797 1030 165 
6	0.0: 139 372 663 695 640 802 1010 82 
6	0.0: 138 367 183 699 850 599 1029 50 
6	0.0: 136 365 200 689 762 717 998 462 
6	0.0: 138 370 139 710 732 761 978 279 
6	0.0: 139 366 183 773 642 724 966 293 
6	0.0: 138 369 222 702 686 807 1002 13 
6	0.0: 138 368 198 718 739 651 983 453 
6	0.0: 138 372 543 795 670 790 995 242 
6	0.0: 140 371 300 732 855 731 959 41 
6	0.0: 138 366 271 671 773 786 958 466 
6	0.0: 137 367 317 721 596 772 997 235 
6	0.0: 137 368 465 742 737 724 944 317 
6	0.0: 139 368 316 719 712 846 996 58 
6	0.0: 138 372 506 660 667 759 987 241 
6	0.0: 138 368 34 728 608 675 931 224 
6	0.0: 138 369 420 689 714 713 972 167 
6	0.0: 138 367 300 749 682 775 1005 1 
6	0.0: 136 370 1 724 803 856 1027 1 
6	0.0: 137 367 456 704 682 785 986 358 
6	0.0: 137 371 229 754 534 676 965 250 
6	0.0: 135 368 160 651 764 809 945 43 
6	0.0: 137 366 308 727 573 800 980 327 
6	0.0: 137 368 384 718 686 713 973 397 
6	0.0: 139 366 175 738 782 638 966 138 
6	0.0: 137 367 57 669 696 673 1001 255 
6	0.0: 140 367 401 726 801 631 975 177 
6	0.0: 138 368 238 710 707 659 994 182 
6	0.0: 138 366 73 670 637 668 966 149 
6	0.0: 136 370 1 719 674 789 999 1 
6	0.0: 137 370 225 683 663 778 996 109 
6	0.0: 139 370 426 726 625 824 1009 422 
6	0.0: 137 369 257 737 825 851 1001 498 
6	0.0: 137 366 226 694 710 854 971 437 
6	0.0: 138 367 338 758 832 736 978 168 
6	0.0: 137 370 63 762 819 677 994 146 
6	0.0: 137 368 175 691 726 674 978 333 
6	0.0: 136 368 400 670 720 784 977 254 
6	0.0: 138 368 350 719 717 849 983 220 
6	0.0: 137 366 432 690 557 743 998 159 
6	0.0: 138 370 321 725 741 740 997 266 
6	0.0: 138 366 368 709 793 728 994 130 
6	0.0: 138 367 206 710 789 745 945 465 
6	0.0: 139 368 208 720 686 822 1021 42 
2	0.0: 139 373 344 687 860 922 974 575 
6	0.0: 137 368 389 720 898 811 977 214 
6	0.0: 137 369 46 734 742 788 986 170 
6	0.0: 138 365 231 616 834 797 963 357 
6	0.0: 139 370 1 695 632 711 985 197 
6	0.0: 137 364 317 729 527 714 959 225 
6	0.0: 137 366 309 689 732 879 995 277 
6	0.0: 138 367 640 746 787 667 933 192 
6	0.0: 137 367 307 728 758 704 1002 313 
6	0.0: 139 369 171 761 757 717 987 327 
6	0.0: 138 371 489 765 696 762 970 275 
6	0.0: 137 368 184 659 775 650 947 85 
6	0.0: 140 367 30 728 681 836 974 328 
6	0.0: 139 368 136 676 710 696 992 71 
6	0.0: 139 372 476 687 763 677 976 189 
6	0.0: 137 372 368 656 535 792 977 376 
6	0.0: 137 367 124 713 694 719 998 186 
6	0.0: 138 366 346 714 764 789 958 238 
6	0.0: 137 367 417 664 703 733 963 252 
6	0.0: 139 369 504 720 715 786 970 1 
6	0.0: 138 369 239 723 726 799 978 313 
6	0.0: 139 367 315 711 645 773 1025 129 
6	0.0: 138 368 76 672 575 832 1016 93 
6	0.0: 140 367 435 703 545 761 1006 260 
6	0.0: 137 367 1 669 717 754 1006 1 
6	0.0: 138 369 361 743 848 758 972 488 
6	0.0: 138 367 265 726 781 702 964 178 
6	0.0: 138 367 344 721 826 688 983 246 
6	0.0: 138 368 223 760 555 647 987 306 
6	0.0: 139 368 347 721 571 772 976 511 
6	0.0: 137 367 185 706 605 758 965 343 
6	0.0: 137 368 336 734 896 697 1005 122 
6	0.0: 139 368 595 713 739 781 974 411 
6	0.0: 138 367 448 763 625 742 982 250 
6	0.0: 137 368 94 745 606 680 974 1 
6	0.0: 138 369 1 785 841 802 1014 285 
6	0.0: 140 368 1 668 655 834 951 376 
6	0.0: 138 366 298 711 564 812 966 1 
6	0.0: 138 370 348 696 629 684 986 352 
6	0.0: 137 368 398 744 548 687 961 358 
6	0.0: 138 371 560 731 841 725 1002 417 
6	0.0: 136 372 135 800 719 703 985 196 
6	0.0: 138 369 316 711 743 699 1015 198 
6	0.0: 136 371 245 740 485 752 962 345 
6	0.0: 138 371 162 671 671 694 980 451 
6	0.0: 139 367 5 747 800 850 981 154 
6	0.0: 139 370 414 705 642 687 954 22 
6	0.0: 138 370 389 679 646 724 972 116 
6	0.0: 136 369 376 676 545 767 972 1 
6	0.0: 139 368 1 672 757 800 994 276 
6	0.0: 138 368 872 659 747 669 982 375 
6	0.0: 139 369 445 707 796 756 962 55 
6	0.0: 139 371 562 726 538 778 979 275 
6	0.0: 137 368 298 664 741 754 990 84 
6	0.0: 140 370 378 714 579 838 951 266 
6	0.0: 138 370 285 670 752 681 980 17 
6	0.0: 137 370 254 698 628 796 992 258 
6	0.0: 137 370 197 733 737 675 970 278 
6	0.0: 137 372 413 753 689 743 969 1 
6	0.0: 138 371 265 757 594 757 995 124 
6	0.0: 138 370 292 718 643 606 972 85 
6	0.0: 137 367 242 621 730 774 974 428 
6	0.0: 137 368 443 650 777 686 967 212 
6	0.0: 139 367 272 730 640 768 982 248 
6	0.0: 138 371 1 731 671 750 988 1 
6	0.0: 137 371 166 656 770 896 968 456 
6	0.0: 137 366 50 740 744 751 954 164 
6	0.0: 139 368 289 685 710 764 978 281 
6	0.0: 135 369 92 728 553 736 968 118 
6	0.0: 138 370 1 736 752 680 991 255 
6	0.0: 138 369 438 732 652 769 967 328 
6	0.0: 137 366 382 669 628 613 993 396 
6	0.0: 139 369 181 733 879 897 984 207 
2	0.0: 137 367 343 665 844 640 967 591 
6	0.0: 139 365 291 741 805 606 985 161 
6	0.0: 138 369 520 686 702 690 977 92 
6	0.0: 139 368 355 732 609 630 984 102 
6	0.0: 137 369 180 664 654 654 962 321 
6	0.0: 136 367 699 750 735 797 964 183 
6	0.0: 135 367 1 746 869 698 983 304 
6	0.0: 138 365 344 755 809 784 998 83 
6	0.0: 139 364 148 704 659 683 965 64 
6	0.0: 137 366 149 729 702 737 977 120 
6	0.0: 138 368 73 703 656 698 981 57 
6	0.0: 139 370 286 712 731 737 997 350 
6	0.0: 138 368 23 691 707 725 941 12 
6	0.0: 137 365 73 707 605 726 1007 430 
6	0.0: 136 367 460 654 701 723 1008 1 
6	0.0: 138 367 156 706 814 688 981 212 
6	0.0: 137 370 363 665 602 769 1010 550 
6	0.0: 137 370 1 708 662 700 977 354 
6	0.0: 138 367 417 726 744 704 973 182 
6	0.0: 138 367 315 658 738 771 989 205 
6	0.0: 137 368 612 730 573 830 983 165 
6	0.0: 137 373 412 690 610 869 1006 139 
6	0.0: 137 366 386 776 690 764 990 363 
6	0.0: 137 367 195 717 696 838 983 333 
6	0.0: 138 361 115 681 542 741 1012 128 
6	0.0: 139 368 45 747 536 754 982 1 
6	0.0: 137 371 64 611 595 677 994 178 
6	0.0: 136 368 237 675 588 789 1005 169 
6	0.0: 139 369 108 746 739 678 992 146 
6	0.0: 138 366 215 671 687 717 994 110 
6	0.0: 137 367 265 739 711 731 981 304 
6	0.0: 137 371 372 739 789 718 972 307 
6	0.0: 138 365 320 690 770 774 965 240 
6	0.0: 136 373 419 634 668 684 958 285 
6	0.0: 136 366 305 737 708 654 962 264 
6	0.0: 138 370 21 767 600 657 1007 221 
6	0.0: 139 370 246 758 745 690 980 389 
6	0.0: 138 371 6 725 721 603 999 165 
6	0.0: 139 364 164 752 634 784 990 293 
6	0.0: 138 368 174 761 720 653 984 218 
6	0.0: 138 371 376 735 632 767 986 282 
6	0.0: 137 370 187 683 818 726 957 344 
6	0.0: 140 366 554 691 631 722 1004 409 
6	0.0: 138 370 174 691 572 772 948 1 
6	0.0: 137 370 329 685 624 720 971 245 
6	0.0: 138 373 312 675 740 865 1010 95 
6	0.0: 139 369 417 702 620 756 969 1 
6	0.0: 137 369 30 720 548 716 966 144 
6	0.0: 138 370 191 705 750 641 980 96 
6	0.0: 138 367 361 727 709 719 965 1 
6	0.0: 139 370 139 705 781 834 992 348 
6	0.0: 138 369 190 678 779 627 973 127 
6	0.0: 137 366 108 637 869 710 967 110 
2	0.0: 138 367 308 620 787 660 974 554 
6	0.0: 137 369 175 764 675 634 971 254 
6	0.0: 138 369 329 651 705 617 967 66 
6	0.0: 138 370 540 738 812 776 986 406 
6	0.0: 137 367 238 668 828 814 984 1 
6	0.0: 138 365 22 694 693 699 985 326 
6	0.0: 137 370 174 724 669 688 997 311 
6	0.0: 137 364 222 687 694 726 991 209 
6	0.0: 136 371 242 721 782 747 957 290 
6	0.0: 138 372 461 732 622 707 984 73 
6	0.0: 138 368 369 705 597 679 944 540 
6	0.0: 140 370 193 744 591 759 930 74 
6	0.0: 135 368 266 680 665 715 989 339 
6	0.0: 137 365 287 697 684 800 984 80 
6	0.0: 138 368 279 732 441 668 963 244 
6	0.0: 138 367 316 715 808 837 981 428 
6	0.0: 139 367 359 735 852 747 968 124 
6	0.0: 137 369 340 653 695 643 972 347 
6	0.0: 138 367 443 721 730 655 1010 191 
6	0.0: 138 372 256 688 748 838 978 1 
6	0.0: 140 366 284 749 723 802 947 316 
6	0.0: 137 368 515 726 627 757 1014 163 
6	0.0: 138 367 610 702 617 737 959 4 
6	0.0: 137 371 158 671 778 649 1030 359 
6	0.0: 135 367 1 709 601 813 982 295 
6	0.0: 136 368 1 662 556 795 946 125 
6	0.0: 138 368 116 726 664 685 990 222 
6	0.0: 139 370 271 713 881 728 992 443 
6	0.0: 139 368 528 711 722 679 999 360 
6	0.0: 138 370 218 742 714 801 988 270 
6	0.0: 137 369 213 697 942 700 967 337 
6	0.0: 138 370 282 720 626 767 1008 388 
6	0.0: 139 368 1 725 819 806 985 355 
6	0.0: 137 370 419 679 679 671 985 254 
6	0.0: 139 367 1 674 782 709 969 87 
6	0.0: 137 368 606 748 579 702 1023 143 
6	0.0: 137 369 44 689 561 755 951 256 
6	0.0: 137 365 362 758 679 782 1015 67 
6	0.0: 136 368 320 739 683 773 970 35 
6	0.0: 139 370 1 717 780 665 938 479 
6	0.0: 136 371 374 708 804 663 980 172 
6	0.0: 137 366 326 699 679 748 974 240 
6	0.0: 137 372 1 812 801 766 999 223 
6	0.0: 138 364 363 645 727 726 979 393 
6	0.0: 137 369 574 678 680 627 990 484 
6	0.0: 139 371 460 791 855 792 983 1 
6	0.0: 138 367 272 740 736 779 972 345 
6	0.0: 137 371 186 741 661 740 989 491 
6	0.0: 137 368 320 727 787 783 963 1 
6	0.0: 137 366 305 701 614 823 985 1 
6	0.0: 137 370 318 711 647 668 985 1 
6	0.0: 138 369 296 655 798 694 983 245 
6	0.0: 139 368 418 666 637 599 1006 221 
6	0.0: 137 370 193 714 616 792 995 196 
6	0.0: 137 369 335 704 627 745 990 354 
6	0.0: 138 367 79 714 876 823 980 1 
6	0.0: 137 370 119 701 751 731 966 374 
6	0.0: 138 367 31 755 770 749 995 383 
6	0.0: 137 366 199 701 590 771 1014 114 
2	0.0: 138 365 143 642 759 750 974 557 
6	0.0: 138 368 460 706 807 848 985 69 
6	0.0: 138 368 259 657 781 725 980 1 
6	0.0: 137 368 240 746 780 619 1000 263 
6	0.0: 137 368 575 682 612 620 987 68 
6	0.0: 138 371 363 730 602 819 994 161 
6	0.0: 139 367 433 660 518 707 988 189 
6	0.0: 137 368 220 726 752 662 990 1 
6	0.0: 137 367 242 668 792 747 997 456 
6	0.0: 138 369 381 701 772 787 956 116 
6	0.0: 138 373 380 670 563 772 962 224 
6	0.0: 137 366 364 712 826 668 991 231 
6	0.0: 137 372 422 708 578 730 974 384 
6	0.0: 138 371 570 716 755 774 978 204 
6	0.0: 137 367 195 701 561 851 956 22 
6	0.0: 138 371 38 664 563 765 957 394 
6	0.0: 139 372 516 676 796 660 983 295 
6	0.0: 136 375 83 705 593 807 1023 175 
6	0.0: 137 369 314 692 696 788 986 74 
6	0.0: 138 365 468 716 615 721 970 1 
6	0.0: 137 370 61 726 750 694 1001 310 
6	0.0: 139 366 167 731 703 803 978 1 
6	0.0: 137 372 417 769 835 609 1017 267 
6	0.0: 136 369 387 704 619 631 982 358 
6	0.0: 138 369 147 733 730 761 993 419 
6	0.0: 137 371 123 690 779 873 998 160 
6	0.0: 137 367 220 668 752 738 970 25 
6	0.0: 139 367 247 734 635 618 981 137 
6	0.0: 138 367 170 737 746 759 999 89 
6	0.0: 138 371 341 697 701 708 976 282 
6	0.0: 137 365 130 721 691 682 954 83 
6	0.0: 138 367 409 710 789 837 970 286 
6	0.0: 138 365 483 744 665 716 1009 190 
6	0.0: 137 368 271 711 629 659 1002 497 
6	0.0: 137 365 328 763 712 681 991 159 
6	0.0: 138 368 192 718 634 739 982 326 
6	0.0: 138 366 91 705 666 687 983 198 
6	0.0: 139 367 223 685 628 688 977 163 
6	0.0: 138 368 371 676 632 684 998 1 
6	0.0: 138 368 320 737 721 679 984 314 
6	0.0: 137 365 372 692 746 728 969 240 
6	0.0: 137 367 145 729 825 719 961 176 
6	0.0: 138 369 42 766 469 877 966 359 
6	0.0: 138 367 218 676 624 771 1006 486 
6	0.0: 137 368 518 725 656 673 971 262 
6	0.0: 137 368 386 709 826 736 1008 188 
6	0.0: 137 364 473 723 756 744 968 73 
6	0.0: 138 369 374 638 691 732 980 299 
6	0.0: 140 371 318 669 870 696 985 157 
6	0.0: 137 366 526 688 518 857 969 86 
6	0.0: 138 366 220 715 720 697 977 197 
6	0.0: 137 366 275 748 645 672 972 161 
6	0.0: 139 368 276 729 689 693 990 106 
2	0.0: 139 369 296 664 817 809 998 504 
6	0.0: 136 374 359 725 637 752 1009 1 
6	0.0: 137 368 379 682 606 663 980 72 
6	0.0: 138 370 79 647 666 562 962 371 
6	0.0: 137 367 128 637 731 802 993 1 
6	0.0: 138 369 347 662 811 737 965 176 
6	0.0: 137 371 369 746 854 619 975 57 
6	0.0: 138 368 348 750 614 740 962 160 
6	0.0: 138 369 26 711 707 637 987 467 
6	0.0: 138 368 122 723 720 718 988 102 
6	0.0: 139 371 392 764 712 757 984 190 
6	0.0: 138 370 460 773 800 583 982 250 
6	0.0: 138 368 661 743 533 666 986 8 
6	0.0: 139 368 48 704 719 672 998 25 
6	0.0: 138 366 382 753 722 691 993 309 
6	0.0: 137 366 198 696 801 668 965 100 
6	0.0: 136 367 212 728 682 825 973 1 
6	0.0: 138 368 1 765 723 748 991 255 
6	0.0: 137 371 566 672 536 636 982 123 
6	0.0: 139 367 450 733 733 694 991 147 
6	0.0: 137 369 25 691 684 604 987 241 
6	0.0: 137 369 334 710 841 723 979 233 
6	0.0: 137 369 141 746 642 711 982 192 
6	0.0: 137 370 327 687 637 815 979 382 
6	0.0: 138 368 1 704 596 785 970 81 
6	0.0: 139 367 388 693 819 682 944 160 
6	0.0: 139 370 187 675 723 751 1021 520 
6	0.0: 137 367 412 620 870 783 1008 64 
6	0.0: 137 370 112 702 715 705 997 83 
6	0.0: 139 367 124 686 602 828 986 453 
6	0.0: 140 372 459 769 767 626 1022 335 
6	0.0: 138 372 249 740 707 691 975 562 
6	0.0: 138 369 358 717 739 710 977 224 
6	0.0: 137 365 328 757 711 625 987 75 
6	0.0: 136 366 86 703 799 639 978 1 
6	0.0: 138 366 291 718 679 711 1028 69 
6	0.0: 139 370 391 692 609 778 998 582 
6	0.0: 137 366 470 720 664 742 973 139 
6	0.0: 136 372 103 709 769 781 936 416 
6	0.0: 137 370 30 765 739 733 1001 121 
6	0.0: 136 367 49 687 877 690 998 24 
6	0.0: 138 371 213 738 857 708 959 403 
6	0.0: 137 369 307 734 547 634 980 343 
6	0.0: 138 369 436 730 684 731 989 374 
6	0.0: 138 364 122 692 699 672 987 423 
6	0.0: 139 370 79 681 713 726 977 492 
6	0.0: 138 369 66 769 660 746 989 350 
6	0.0: 137 369 384 769 685 761 1007 264 
6	0.0: 139 366 167 724 827 728 955 323 
6	0.0: 138 369 414 694 575 643 980 103 
6	0.0: 138 368 300 688 753 743 1003 48 
6	0.0: 138 369 1 623 613 810 998 403 
6	0.0: 137 368 230 725 885 628 943 301 
6	0.0: 137 369 403 662 837 751 992 429 
6	0.0: 138 373 368 702 642 686 975 271 
6	0.0: 138 371 1 720 711 710 992 163 
6	0.0: 137 369 157 626 677 661 1003 313 
6	0.0: 138 367 24 764 583 783 969 338 
6	0.0: 137 369 141 644 666 772 993 23 
6	0.0: 138 367 276 739 586 779 972 302 
6	0.0: 137 366 250 764 625 809 983 202 
6	0.0: 139 366 306 712 536 878 980 166 
6	0.0: 137 366 308 712 703 612 992 250 
6	0.0: 139 367 222 680 578 782 938 250 
6	0.0: 138 369 75 717 662 779 978 404 
6	0.0: 137 367 77 709 665 759 969 335 
6	0.0: 139 367 442 700 782 666 950 1 
6	0.0: 138 368 327 689 676 703 979 395 
6	0.0: 138 372 443 624 610 833 957 1 
6	0.0: 137 370 1 725 676 719 1015 271 
6	0.0: 139 369 260 723 766 696 1004 222 
6	0.0: 137 370 365 702 700 822 952 311 
6	0.0: 137 369 328 631 700 764 956 359 
6	0.0: 138 371 427 774 629 825 971 184 
6	0.0: 137 373 420 697 640 770 974 277 
6	0.0: 136 367 230 738 691 724 974 81 
6	0.0: 138 368 223 718 608 747 988 255 
6	0.0: 137 370 1 710 670 827 959 94 
6	0.0: 136 367 313 720 781 738 1003 215 
6	0.0: 139 365 175 618 770 755 984 347 
6	0.0: 138 368 174 724 826 750 989 175 
6	0.0: 139 371 299 701 685 688 1000 474 
6	0.0: 137 370 95 768 709 695 1008 1 
6	0.0: 139 371 723 697 701 686 972 319 
6	0.0: 138 368 708 684 680 708 961 243 
6	0.0: 137 367 212 753 580 684 981 215 
6	0.0: 138 368 83 695 649 702 984 84 
6	0.0: 138 370 271 730 628 766 1025 275 
6	0.0: 138 368 1 689 795 762 956 101 
6	0.0: 137 368 205 811 704 791 970 82 
6	0.0: 138 369 1 722 580 697 966 1 
6	0.0: 139 371 70 746 768 750 991 131 
6	0.0: 137 370 283 698 547 734 994 234 
6	0.0: 138 369 648 705 805 719 967 213 
6	0.0: 136 370 305 649 719 707 975 246 
6	0.0: 136 370 260 698 631 726 977 227 
6	0.0: 138 367 1 733 698 772 1021 253 
6	0.0: 140 369 64 685 784 643 984 194 
6	0.0: 139 369 466 771 777 777 986 466 
6	0.0: 136 369 212 706 634 610 975 278 
6	0.0: 139 372 354 739 584 770 995 103 
6	0.0: 140 370 240 766 802 643 987 1 
6	0.0: 137 368 253 721 854 803 995 334 
6	0.0: 138 365 185 669 624 776 994 410 
6	0.0: 138 366 181 718 741 566 966 439 
6	0.0: 136 367 34 700 595 648 985 380 
6	0.0: 137 369 255 684 651 679 982 1 
6	0.0: 139 368 251 765 714 702 979 25 
6	0.0: 139 373 562 725 683 739 1014 395 
6	0.0: 138 369 1 748 745 779 987 333 
6	0.0: 139 368 80 670 651 754 950 296 
6	0.0: 139 369 194 666 675 765 974 205 
6	0.0: 138 368 401 701 840 699 980 281 
2	0.0: 138 371 138 709 635 751 956 695 
6	0.0: 137 367 344 744 753 824 980 259 
6	0.0: 139 370 321 757 684 789 968 271 
6	0.0: 138 366 254 676 735 531 971 98 
6	0.0: 137 365 438 668 634 639 960 35 
2	0.0: 138 365 209 675 735 759 975 611 
6	0.0: 138 370 195 712 682 813 1016 286 
6	0.0: 138 367 364 711 701 739 971 459 
6	0.0: 138 370 424 645 649 679 976 1 
6	0.0: 138 371 483 775 663 714 999 572 
6	0.0: 138 369 344 704 692 634 1020 108 
6	0.0: 139 368 472 750 783 803 960 236 
6	0.0: 137 364 78 688 718 822 991 363 
6	0.0: 139 369 262 800 743 690 985 327 
6	0.0: 136 365 8 754 584 614 979 185 
6	0.0: 137 369 17 673 640 720 991 197 
6	0.0: 139 369 293 645 690 713 978 324 
6	0.0: 138 365 370 757 552 596 1000 324 
6	0.0: 137 368 268 721 572 700 967 340 
6	0.0: 139 366 343 724 645 668 987 459 
6	0.0: 137 367 529 740 739 791 980 6 
6	0.0: 136 368 181 723 770 608 992 1 
6	0.0: 138 371 1 692 654 812 994 363 
6	0.0: 139 369 1 649 638 747 988 1 
6	0.0: 137 367 478 734 838 723 1010 51 
6	0.0: 137 366 420 710 758 754 984 114 
6	0.0: 137 368 277 719 717 748 951 29 
6	0.0: 136 367 271 731 727 748 984 64 
6	0.0: 138 371 78 685 708 761 1026 276 
6	0.0: 138 371 235 710 844 712 989 323 
6	0.0: 137 370 13 702 739 763 974 288 
6	0.0: 138 369 333 717 595 739 956 253 
6	0.0: 138 367 1 714 752 719 974 499 
6	0.0: 137 369 7 712 817 785 998 1 
6	0.0: 137 368 302 674 749 751 990 1 
6	0.0: 137 370 368 747 755 725 1013 438 
6	0.0: 138 367 208 772 647 736 972 62 
6	0.0: 138 369 538 682 768 701 1003 337 
6	0.0: 138 369 1 708 627 711 985 173 
6	0.0: 138 368 249 719 745 721 998 295 
6	0.0: 136 366 187 707 479 680 992 225 
6	0.0: 141 370 270 682 569 774 1020 339 
6	0.0: 138 367 425 688 699 697 995 225 
6	0.0: 138 371 446 697 636 745 995 264 
6	0.0: 138 370 240 737 725 699 982 150 
6	0.0: 139 369 1 763 631 709 1002 1 
6	0.0: 139 369 232 699 683 690 978 398 
6	0.0: 137 367 417 713 532 732 961 129 
6	0.0: 139 371 1 687 796 631 954 331 
6	0.0: 138 373 1 694 586 700 992 203 
6	0.0: 138 368 199 702 687 708 1010 411 
6	0.0: 138 368 247 717 643 888 989 131 
6	0.0: 136 368 295 758 606 683 1008 178 
6	0.0: 137 369 294 691 652 712 994 203 
6	0.0: 137 368 219 711 802 735 996 133 
6	0.0: 137 373 34 696 617 689 998 443 
6	0.0: 139 366 349 719 613 741 1045 1 
6	0.0: 136 371 313 724 729 703 987 1 
6	0.0: 138 371 481 723 759 799 984 15 
6	0.0: 136 367 255 731 719 689 987 195 
6	0.0: 136 367 234 712 570 721 998 430 
6	0.0: 138 369 1 727 902 781 974 324 
6	0.0: 139 366 654 716 567 628 981 412 
6	0.0: 137 371 50 685 811 701 982 326 
6	0.0: 138 372 78 723 747 691 982 174 
6	0.0: 138 368 342 689 791 738 970 373 
6	0.0: 136 366 432 715 637 739 968 358 
6	0.0: 139 371 140 701 652 712 962 154 
6	0.0: 137 362 382 734 615 677 966 134 
6	0.0: 137 369 336 769 870 567 1019 115 
6	0.0: 138 364 70 713 811 776 997 363 
6	0.0: 137 369 436 721 778 792 1002 400 
6	0.0: 135 370 382 639 651 675 981 1 
6	0.0: 138 366 492 687 754 621 966 338 
6	0.0: 137 369 248 678 635 767 1020 109 
6	0.0: 139 370 425 784 542 655 978 290 
6	0.0: 137 370 196 654 833 559 971 244 
6	0.0: 139 369 235 690 682 757 966 182 
6	0.0: 139 369 267 702 733 670 963 234 
6	0.0: 138 371 528 751 713 618 975 236 
2	0.0: 138 367 371 682 734 750 993 606 
6	0.0: 137 372 1 734 681 741 976 209 
6	0.0: 137 367 253 666 588 660 1016 183 
6	0.0: 137 367 145 706 591 630 979 299 
6	0.0: 139 369 238 713 554 802 961 163 
6	0.0: 138 366 297 709 678 733 993 359 
6	0.0: 138 371 1 692 812 800 1005 22 
6	0.0: 138 365 228 692 632 786 1007 192 
6	0.0: 137 371 366 738 604 717 967 264 
6	0.0: 140 370 267 728 723 696 998 388 
6	0.0: 137 366 43 717 549 728 957 9 
6	0.0: 136 369 1 802 738 776 974 162 
6	0.0: 138 367 1 682 761 766 1002 89 
6	0.0: 138 369 205 678 729 701 997 1 
6	0.0: 138 372 35 756 543 640 996 323 
6	0.0: 138 369 37 667 726 784 1004 209 
6	0.0: 137 369 345 664 682 718 992 213 
6	0.0: 138 368 109 768 571 774 961 254 
6	0.0: 137 369 316 683 564 818 1011 26 
6	0.0: 139 372 180 706 821 816 973 124 
6	0.0: 138 368 123 764 545 760 971 1 
6	0.0: 136 369 214 696 725 746 972 514 
6	0.0: 138 371 363 770 688 806 967 29 
6	0.0: 135 368 243 679 782 758 1016 1 
6	0.0: 138 368 334 668 827 726 947 293 
6	0.0: 136 365 428 672 679 730 995 284 
6	0.0: 138 366 179 765 740 667 991 515 
6	0.0: 138 372 272 709 700 744 986 447 
6	0.0: 138 367 2 641 637 694 983 17 
6	0.0: 139 370 240 709 582 765 1000 1 
6	0.0: 139 368 130 603 637 758 973 308 
6	0.0: 138 370 1 735 475 788 995 114 
