1	0.0: 214 371 612 237 420 624 91 697 
1	0.0: 198 233 966 282 817 648 160 878 
0	0.0: 131 264 742 513 743 637 1 868 
1	0.0: 459 288 806 330 823 637 217 678 
0	0.0: 535 322 783 318 709 636 92 701 
1	0.0: 65 158 942 427 830 629 249 715 
0	0.0: 529 263 818 326 738 628 65 801 
0	0.0: 636 284 858 808 649 646 111 790 
1	0.0: 230 163 693 153 699 635 146 755 
1	0.0: 130 160 867 262 782 639 425 774 
0	0.0: 436 330 1106 236 464 639 85 713 
0	0.0: 437 257 789 607 688 648 285 789 
1	0.0: 446 248 1006 153 784 641 177 819 
0	0.0: 438 271 752 560 853 630 218 698 
1	0.0: 230 251 973 227 561 629 1 778 
0	0.0: 940 305 956 279 839 641 182 684 
0	0.0: 583 293 992 544 840 634 1 685 
1	0.0: 464 317 963 1 400 632 171 685 
1	0.0: 418 337 824 222 656 633 269 755 
0	0.0: 343 298 1034 543 661 637 113 649 
1	0.0: 398 275 960 241 780 634 132 798 
1	0.0: 1 217 856 247 403 633 264 665 
1	0.0: 359 284 986 210 963 633 117 717 
0	0.0: 339 347 699 748 645 632 24 558 
0	0.0: 509 269 783 441 799 630 239 799 
0	0.0: 546 267 913 596 720 637 96 694 
0	0.0: 514 307 777 424 515 633 212 667 
0	0.0: 1 259 873 725 591 625 71 637 
0	0.0: 361 336 883 820 563 641 187 783 
0	0.0: 614 240 872 701 693 635 235 718 
0	0.0: 181 233 710 803 545 634 45 676 
1	0.0: 233 338 930 394 793 631 284 813 
1	0.0: 439 385 795 306 845 653 85 738 
1	0.0: 706 325 767 146 814 643 63 637 
0	0.0: 372 264 769 529 564 641 231 612 
1	0.0: 301 336 613 39 714 628 48 568 
0	0.0: 231 269 896 606 836 637 37 875 
1	0.0: 458 156 896 645 971 638 147 564 
0	0.0: 429 273 936 649 612 632 162 826 
1	0.0: 109 204 754 349 750 645 61 798 
0	0.0: 523 350 930 564 572 638 267 850 
0	0.0: 307 252 682 415 588 630 73 788 
0	0.0: 526 203 888 94 418 642 86 816 
0	0.0: 526 227 725 376 520 638 313 726 
0	0.0: 412 216 766 673 787 637 284 703 
0	0.0: 302 200 1102 723 867 633 118 754 
0	0.0: 542 213 922 343 712 637 156 689 
1	0.0: 336 337 878 381 739 624 86 777 
1	0.0: 359 236 986 400 874 633 181 704 
0	0.0: 503 143 679 231 719 635 1 703 
1	0.0: 166 363 1067 162 723 635 85 696 
0	0.0: 429 276 835 216 706 643 1 862 
0	0.0: 450 269 850 373 388 644 155 516 
1	0.0: 449 298 942 300 585 642 196 734 
0	0.0: 383 388 707 481 722 630 136 917 
0	0.0: 420 209 976 277 567 638 125 911 
1	0.0: 304 216 887 452 756 641 254 639 
1	0.0: 23 250 774 259 499 633 103 804 
1	0.0: 466 313 870 209 771 651 62 569 
1	0.0: 452 217 931 245 837 639 118 734 
0	0.0: 329 307 640 634 647 644 220 643 
0	0.0: 391 260 792 595 635 638 167 730 
0	0.0: 426 284 848 506 498 639 343 680 
0	0.0: 378 250 956 511 675 644 86 722 
0	0.0: 746 275 965 331 832 643 165 737 
1	0.0: 105 244 759 234 522 634 140 822 
1	0.0: 153 212 943 430 726 645 248 692 
0	0.0: 413 144 896 662 892 630 293 824 
1	0.0: 91 260 992 505 907 634 154 688 
1	0.0: 322 376 775 551 856 633 193 510 
0	0.0: 751 236 911 393 602 643 425 853 
0	0.0: 435 341 865 318 605 634 103 711 
0	0.0: 298 296 787 811 465 633 254 783 
1	0.0: 1 364 708 166 628 646 347 693 
0	0.0: 669 323 816 669 811 636 145 726 
1	0.0: 456 265 753 452 841 625 263 724 
0	0.0: 485 262 923 408 549 635 117 853 
0	0.0: 481 303 972 634 876 641 78 849 
0	0.0: 188 312 969 596 595 640 167 710 
0	0.0: 601 275 753 426 410 644 158 787 
0	0.0: 195 245 691 647 508 640 159 782 
0	0.0: 559 185 995 730 487 642 72 594 
1	0.0: 72 256 850 323 801 632 127 810 
0	0.0: 529 302 886 567 733 653 121 718 
0	0.0: 378 438 732 507 771 646 69 710 
0	0.0: 561 302 840 556 394 640 226 739 
0	0.0: 579 334 834 698 621 636 278 853 
1	0.0: 414 364 905 58 971 647 86 846 
1	0.0: 420 283 943 247 770 631 105 756 
0	0.0: 582 268 844 400 581 636 1 703 
1	0.0: 360 339 868 477 752 647 174 690 
1	0.0: 251 251 797 353 606 633 216 822 
1	0.0: 214 168 886 383 739 644 255 742 
0	0.0: 256 339 958 381 544 638 103 786 
0	0.0: 368 217 739 597 620 637 127 748 
1	0.0: 457 319 890 626 683 635 355 610 
1	0.0: 410 387 944 156 666 635 177 670 
0	0.0: 362 332 1008 730 586 646 202 918 
1	0.0: 268 207 871 88 998 646 400 831 
0	0.0: 433 371 670 713 650 635 183 689 
1	0.0: 341 167 668 166 471 632 243 741 
0	0.0: 426 229 924 494 736 630 147 749 
1	0.0: 152 252 920 505 1048 643 1 677 
1	0.0: 662 191 1003 446 824 634 440 696 
1	0.0: 226 251 941 411 1024 633 177 823 
0	0.0: 442 381 847 387 677 647 67 764 
0	0.0: 587 370 828 517 525 638 13 673 
0	0.0: 182 331 962 463 463 642 81 763 
0	0.0: 341 299 1021 516 507 646 197 867 
1	0.0: 243 291 859 332 477 638 136 678 
1	0.0: 271 293 830 363 729 640 199 831 
0	0.0: 137 271 928 352 363 642 1 686 
0	0.0: 474 200 913 659 464 646 284 845 
0	0.0: 324 300 604 266 564 634 97 738 
0	0.0: 834 398 1026 496 760 642 95 628 
1	0.0: 315 346 746 373 801 631 96 733 
0	0.0: 613 249 696 397 530 634 109 667 
1	0.0: 370 302 902 153 615 631 189 668 
0	0.0: 228 234 819 475 637 641 45 780 
1	0.0: 541 98 821 265 651 635 376 757 
0	0.0: 375 278 661 530 819 632 46 754 
1	0.0: 393 240 791 354 811 632 321 888 
0	0.0: 461 191 1034 317 344 635 202 717 
1	0.0: 563 212 763 256 1043 633 54 785 
1	0.0: 276 348 854 500 907 632 146 774 
0	0.0: 371 240 982 339 330 640 123 668 
0	0.0: 316 310 750 449 601 634 210 778 
1	0.0: 334 176 895 443 1062 637 137 801 
1	0.0: 571 305 967 97 668 652 272 726 
1	0.0: 177 167 819 377 906 630 113 667 
1	0.0: 129 198 785 388 404 643 355 767 
0	0.0: 234 325 765 387 622 633 132 811 
0	0.0: 725 418 1010 299 560 638 24 957 
0	0.0: 245 341 676 467 695 636 1 712 
1	0.0: 36 297 716 505 686 626 384 672 
1	0.0: 323 224 942 364 704 640 1 594 
0	0.0: 413 272 926 420 758 641 160 807 
0	0.0: 483 240 780 722 703 633 50 753 
1	0.0: 468 223 970 278 837 630 20 775 
1	0.0: 28 340 787 585 951 634 135 701 
0	0.0: 532 276 995 513 872 632 144 789 
0	0.0: 65 229 800 747 651 632 44 883 
0	0.0: 383 361 606 731 443 642 1 672 
0	0.0: 438 229 728 244 538 638 219 895 
1	0.0: 168 271 834 503 658 635 258 752 
0	0.0: 596 162 873 505 349 630 276 808 
1	0.0: 414 204 776 518 1061 635 139 663 
0	0.0: 253 167 730 687 685 630 281 820 
1	0.0: 1 295 827 442 718 632 211 739 
0	0.0: 45 241 982 584 664 629 1 823 
0	0.0: 504 293 842 514 673 629 174 981 
0	0.0: 354 276 582 537 636 633 1 792 
0	0.0: 455 358 839 603 789 628 68 643 
0	0.0: 555 309 874 787 870 649 95 626 
0	0.0: 554 203 983 372 426 632 240 644 
1	0.0: 320 261 748 480 899 638 259 729 
1	0.0: 1 391 876 526 554 637 169 651 
0	0.0: 415 469 835 891 805 638 214 703 
1	0.0: 188 320 869 479 1050 632 135 829 
0	0.0: 474 257 803 610 453 644 34 724 
1	0.0: 1 223 984 208 595 643 342 681 
1	0.0: 72 205 732 207 899 650 60 787 
0	0.0: 454 322 896 546 485 635 61 750 
1	0.0: 177 230 924 549 846 641 284 684 
0	0.0: 315 332 671 531 591 646 257 970 
1	0.0: 541 311 980 76 638 634 223 853 
0	0.0: 566 220 835 452 910 635 43 821 
0	0.0: 627 228 910 234 693 641 42 644 
0	0.0: 622 205 619 498 836 640 107 697 
0	0.0: 505 227 989 331 755 632 286 824 
0	0.0: 226 390 894 691 779 638 59 804 
0	0.0: 85 213 725 776 531 636 318 663 
0	0.0: 1035 137 911 610 649 624 1 812 
1	0.0: 161 259 801 477 1104 633 126 736 
1	0.0: 82 274 934 500 721 629 37 664 
0	0.0: 535 479 606 596 450 628 207 687 
1	0.0: 445 356 819 267 743 632 116 675 
0	0.0: 214 175 871 699 808 641 67 782 
0	0.0: 410 247 773 299 610 635 214 752 
1	0.0: 391 240 919 397 948 643 24 705 
0	0.0: 368 150 719 739 467 641 24 781 
0	0.0: 395 122 874 596 471 632 239 702 
0	0.0: 458 349 893 630 798 621 82 613 
1	0.0: 99 260 820 503 835 650 210 738 
1	0.0: 508 226 929 168 758 643 294 662 
0	0.0: 395 285 936 390 572 633 136 874 
0	0.0: 218 330 923 742 704 630 239 716 
1	0.0: 312 324 843 347 718 630 369 716 
0	0.0: 668 365 718 284 809 639 1 680 
1	0.0: 501 188 742 300 990 635 121 673 
0	0.0: 372 249 775 381 701 637 154 883 
1	0.0: 456 227 778 338 940 642 170 694 
1	0.0: 1 288 581 402 928 648 194 731 
1	0.0: 331 279 601 479 997 636 241 757 
0	0.0: 215 248 870 518 510 634 217 770 
0	0.0: 681 412 617 606 446 637 118 820 
0	0.0: 398 340 699 529 651 641 149 779 
1	0.0: 200 215 910 690 840 636 108 599 
0	0.0: 361 249 830 530 833 635 60 697 
1	0.0: 348 202 722 372 736 632 288 636 
1	0.0: 280 335 1015 205 803 638 104 954 
1	0.0: 222 223 918 311 949 634 19 786 
1	0.0: 436 263 903 244 790 643 1 633 
0	0.0: 391 264 900 684 575 630 182 664 
0	0.0: 631 311 710 270 621 636 41 643 
0	0.0: 600 338 902 557 872 632 116 795 
0	0.0: 282 387 769 545 538 630 147 821 
0	0.0: 454 271 806 439 928 630 213 895 
1	0.0: 134 345 972 462 598 642 352 776 
0	0.0: 417 256 924 662 599 649 359 680 
0	0.0: 683 226 823 458 692 640 69 796 
1	0.0: 290 234 891 428 727 636 123 719 
0	0.0: 227 227 647 582 725 640 40 744 
0	0.0: 707 285 751 708 510 651 89 780 
0	0.0: 818 319 953 741 742 637 113 831 
1	0.0: 455 366 749 83 679 638 252 800 
0	0.0: 315 168 799 503 412 641 1 820 
1	0.0: 441 276 769 316 669 639 117 684 
0	0.0: 553 138 724 332 819 642 70 864 
0	0.0: 319 169 849 339 595 640 126 738 
1	0.0: 304 320 895 548 741 638 367 729 
1	0.0: 276 323 642 296 773 631 403 839 
1	0.0: 127 231 743 360 657 633 167 797 
1	0.0: 422 318 904 158 688 636 270 830 
0	0.0: 557 403 881 402 513 636 248 656 
0	0.0: 555 311 833 594 629 639 117 755 
0	0.0: 343 354 742 522 624 632 256 752 
1	0.0: 426 301 836 252 682 637 109 687 
0	0.0: 453 233 749 484 673 639 190 716 
0	0.0: 394 293 871 295 304 625 10 769 
1	0.0: 192 281 1049 185 731 634 1 549 
0	0.0: 421 263 772 559 691 638 90 662 
0	0.0: 997 337 1034 315 630 626 188 736 
0	0.0: 160 266 1095 616 527 635 124 767 
1	0.0: 360 269 805 46 834 631 1 683 
1	0.0: 455 292 819 435 964 639 68 668 
1	0.0: 265 311 832 255 607 644 241 872 
0	0.0: 623 267 686 701 734 642 257 812 
0	0.0: 211 307 753 933 758 631 244 822 
0	0.0: 278 129 750 372 598 640 106 732 
0	0.0: 465 367 767 440 532 644 173 866 
1	0.0: 252 292 897 463 517 648 423 682 
1	0.0: 180 222 678 456 804 640 128 807 
0	0.0: 729 294 686 584 553 638 264 838 
1	0.0: 598 282 848 358 1032 636 259 687 
1	0.0: 185 239 662 40 737 625 199 612 
0	0.0: 488 240 850 385 776 647 80 737 
0	0.0: 656 280 975 540 593 649 218 681 
1	0.0: 169 189 1012 187 722 637 256 716 
1	0.0: 273 232 975 352 631 637 107 749 
1	0.0: 191 306 746 564 736 647 257 751 
1	0.0: 396 194 811 256 756 644 1 734 
0	0.0: 197 358 513 636 454 626 155 662 
0	0.0: 220 278 740 553 534 635 131 947 
1	0.0: 329 320 706 343 757 638 1 754 
0	0.0: 464 250 799 488 631 636 11 698 
0	0.0: 81 199 626 798 712 636 1 726 
1	0.0: 285 165 878 477 880 634 92 707 
1	0.0: 565 286 797 417 741 637 226 631 
1	0.0: 410 274 697 158 1066 634 181 864 
0	0.0: 593 199 981 304 610 635 97 760 
1	0.0: 317 308 783 598 1007 638 71 653 
0	0.0: 798 221 931 780 901 644 117 709 
0	0.0: 568 313 625 60 567 637 75 723 
0	0.0: 849 266 915 310 611 639 23 813 
1	0.0: 306 322 924 392 1064 635 195 875 
0	0.0: 580 174 777 608 703 622 1 809 
0	0.0: 454 293 863 776 401 653 77 544 
0	0.0: 316 222 829 585 552 642 141 688 
0	0.0: 514 206 937 534 420 640 1 820 
0	0.0: 344 223 1003 622 586 634 45 790 
0	0.0: 525 188 866 792 548 637 1 810 
0	0.0: 653 302 812 387 562 647 104 911 
1	0.0: 1 206 915 683 854 633 217 690 
0	0.0: 153 230 881 621 373 623 94 758 
0	0.0: 566 231 924 254 752 623 126 827 
0	0.0: 282 114 995 580 750 641 304 791 
1	0.0: 1 209 874 125 482 628 130 792 
1	0.0: 164 199 799 324 840 631 303 771 
1	0.0: 700 293 908 267 911 641 301 755 
1	0.0: 293 267 910 154 559 639 157 877 
0	0.0: 397 180 828 662 574 638 297 826 
0	0.0: 318 240 766 956 626 634 348 933 
0	0.0: 337 153 924 527 629 644 310 811 
0	0.0: 643 250 699 435 390 632 1 789 
1	0.0: 313 307 899 406 670 628 215 582 
0	0.0: 243 286 681 641 867 647 95 880 
0	0.0: 519 292 905 278 441 639 158 706 
1	0.0: 217 227 1042 510 1201 638 216 981 
1	0.0: 26 297 630 314 583 640 216 841 
1	0.0: 309 278 956 416 933 640 275 900 
1	0.0: 314 225 869 462 887 640 171 773 
0	0.0: 272 256 860 452 674 632 79 713 
1	0.0: 1 302 788 411 679 635 260 787 
0	0.0: 407 342 742 643 928 641 50 923 
0	0.0: 299 165 890 580 532 633 1 768 
0	0.0: 755 285 858 366 618 641 215 735 
0	0.0: 570 158 751 601 495 632 28 669 
1	0.0: 309 247 662 342 391 638 307 629 
0	0.0: 457 347 757 409 402 640 111 840 
0	0.0: 490 172 775 666 743 636 311 781 
0	0.0: 552 293 1049 369 566 643 336 700 
1	0.0: 470 254 903 534 616 631 330 590 
1	0.0: 140 241 815 342 684 636 6 816 
0	0.0: 313 275 798 423 930 651 115 943 
0	0.0: 590 243 878 496 948 634 191 759 
0	0.0: 431 171 839 747 631 643 65 757 
0	0.0: 298 324 656 80 494 632 1 846 
0	0.0: 341 205 830 581 532 643 214 846 
0	0.0: 301 337 908 476 639 637 133 742 
1	0.0: 175 270 818 635 1008 635 237 846 
0	0.0: 333 222 552 673 611 638 7 704 
0	0.0: 731 233 713 455 773 652 340 841 
1	0.0: 60 396 909 216 756 634 43 729 
0	0.0: 239 325 807 494 606 628 114 803 
0	0.0: 720 335 988 665 908 638 257 732 
0	0.0: 184 150 626 734 751 632 1 692 
0	0.0: 681 308 931 604 424 639 91 721 
0	0.0: 369 316 892 666 414 632 180 695 
0	0.0: 473 316 570 771 677 640 30 700 
1	0.0: 410 274 937 544 824 633 144 642 
0	0.0: 363 197 849 484 644 643 243 709 
1	0.0: 779 401 919 253 885 635 492 677 
0	0.0: 496 315 862 703 715 644 188 728 
0	0.0: 394 250 808 628 438 634 266 862 
0	0.0: 390 185 833 783 902 651 237 687 
1	0.0: 361 139 866 272 714 642 120 655 
0	0.0: 614 242 890 521 955 632 66 769 
0	0.0: 645 294 942 458 761 650 287 817 
0	0.0: 369 273 875 329 498 645 14 752 
0	0.0: 432 328 808 342 478 631 331 888 
1	0.0: 273 333 729 175 803 631 1 835 
1	0.0: 42 246 789 521 765 630 144 770 
0	0.0: 295 262 707 479 554 646 1 724 
0	0.0: 279 381 675 818 573 635 269 680 
1	0.0: 350 273 749 178 563 623 91 645 
0	0.0: 441 226 683 631 678 639 169 733 
1	0.0: 1 321 754 760 838 634 378 742 
0	0.0: 608 268 811 221 361 629 310 654 
1	0.0: 261 268 977 311 536 633 1 687 
1	0.0: 417 255 808 306 914 636 183 710 
1	0.0: 515 282 799 362 737 646 340 759 
0	0.0: 618 194 941 362 702 650 188 640 
0	0.0: 231 270 881 502 729 626 1 793 
0	0.0: 145 199 811 496 586 641 6 723 
0	0.0: 490 256 796 408 817 634 80 786 
0	0.0: 805 216 890 628 583 646 118 913 
0	0.0: 292 196 869 704 410 634 119 768 
0	0.0: 584 181 658 651 523 643 138 598 
1	0.0: 94 246 772 250 926 643 393 752 
0	0.0: 627 275 899 68 517 643 20 733 
1	0.0: 253 321 912 389 833 638 171 832 
0	0.0: 226 259 1145 775 652 638 203 714 
0	0.0: 430 388 731 797 446 638 98 761 
0	0.0: 411 275 859 517 761 629 2 855 
0	0.0: 208 287 643 670 777 642 73 847 
0	0.0: 234 306 781 527 475 639 10 688 
0	0.0: 319 160 916 478 753 632 1 819 
0	0.0: 430 196 646 369 786 631 15 889 
1	0.0: 141 215 746 337 1087 643 184 534 
1	0.0: 209 272 777 124 787 625 1 749 
1	0.0: 662 282 879 99 836 648 148 623 
0	0.0: 432 172 745 407 688 629 212 785 
0	0.0: 357 245 893 688 840 633 19 790 
1	0.0: 551 278 939 482 872 636 88 595 
0	0.0: 632 307 792 434 686 641 200 750 
0	0.0: 96 216 747 716 659 631 1 801 
0	0.0: 605 307 766 326 741 644 63 659 
0	0.0: 380 294 656 426 642 632 84 669 
0	0.0: 679 294 790 553 872 639 21 766 
0	0.0: 224 246 783 578 747 643 126 709 
1	0.0: 272 220 836 413 785 646 93 710 
0	0.0: 212 219 874 564 648 635 1 669 
0	0.0: 506 272 959 779 729 641 201 933 
0	0.0: 453 222 888 534 629 638 277 825 
0	0.0: 233 135 874 449 808 642 1 754 
0	0.0: 185 255 824 470 345 639 83 766 
0	0.0: 465 301 1001 597 741 637 13 829 
1	0.0: 339 276 839 371 702 634 89 684 
1	0.0: 524 213 661 296 722 631 456 712 
0	0.0: 419 325 801 534 589 625 56 847 
0	0.0: 604 287 915 429 556 639 249 802 
0	0.0: 668 222 1015 630 629 634 21 786 
1	0.0: 146 325 863 594 625 636 267 754 
1	0.0: 381 380 747 392 858 644 44 716 
1	0.0: 731 322 1105 419 815 636 308 640 
0	0.0: 442 219 794 615 789 646 74 749 
0	0.0: 621 283 963 681 1019 637 294 833 
0	0.0: 645 318 732 728 729 636 282 756 
0	0.0: 221 257 965 862 700 639 104 770 
1	0.0: 159 170 869 349 686 643 334 682 
0	0.0: 391 204 787 710 1012 641 117 851 
1	0.0: 192 364 688 438 728 642 132 729 
0	0.0: 598 196 844 523 744 636 140 785 
1	0.0: 313 249 691 496 738 636 228 700 
0	0.0: 397 254 965 204 497 633 1 783 
1	0.0: 125 288 867 774 1018 643 162 753 
1	0.0: 308 267 787 440 1084 636 96 861 
0	0.0: 374 230 773 655 922 627 1 870 
1	0.0: 308 365 1071 20 955 638 36 842 
0	0.0: 261 218 883 636 459 640 1 657 
1	0.0: 135 270 797 302 873 638 280 519 
0	0.0: 348 269 797 476 747 635 226 761 
1	0.0: 70 296 744 561 792 643 187 673 
1	0.0: 186 197 864 644 684 644 262 668 
0	0.0: 353 303 784 655 374 631 261 753 
0	0.0: 204 266 796 698 562 641 226 852 
0	0.0: 555 174 915 313 563 639 122 680 
0	0.0: 537 288 748 376 530 636 175 686 
0	0.0: 767 214 901 670 511 634 309 747 
0	0.0: 364 230 1001 596 417 640 299 766 
1	0.0: 214 284 688 310 603 637 42 746 
0	0.0: 255 291 835 766 959 638 109 677 
1	0.0: 1 201 801 509 696 628 42 740 
0	0.0: 482 275 819 601 836 640 54 704 
1	0.0: 210 148 900 448 550 643 206 549 
1	0.0: 422 304 897 502 914 642 99 727 
0	0.0: 355 233 737 776 658 639 1 691 
0	0.0: 536 298 788 605 856 644 1 758 
0	0.0: 365 230 635 679 633 632 1 791 
0	0.0: 424 267 916 601 804 638 96 818 
0	0.0: 201 343 747 631 606 650 234 902 
0	0.0: 513 224 851 852 580 638 56 818 
0	0.0: 184 103 773 659 939 632 1 724 
0	0.0: 358 264 705 789 696 632 84 708 
0	0.0: 537 319 928 385 604 626 254 845 
0	0.0: 147 332 786 370 108 633 305 794 
1	0.0: 242 363 762 1 846 633 135 782 
1	0.0: 116 312 771 562 748 637 14 739 
1	0.0: 265 250 860 325 797 633 195 681 
0	0.0: 470 225 693 526 997 634 153 852 
0	0.0: 780 164 769 667 851 645 266 773 
0	0.0: 254 152 855 375 717 629 223 933 
1	0.0: 538 173 794 361 581 636 108 481 
0	0.0: 322 292 860 832 672 623 179 575 
0	0.0: 164 400 773 838 544 638 123 837 
0	0.0: 407 276 842 483 575 636 1 676 
0	0.0: 312 213 795 733 394 641 89 691 
0	0.0: 783 238 595 512 691 645 1 800 
0	0.0: 337 344 947 524 599 642 215 745 
0	0.0: 452 359 634 329 683 627 234 943 
0	0.0: 303 85 829 257 482 642 110 787 
0	0.0: 561 339 808 371 611 639 192 741 
0	0.0: 542 333 703 455 838 636 48 708 
0	0.0: 214 188 826 557 615 639 135 688 
0	0.0: 431 295 886 327 797 630 167 952 
1	0.0: 268 366 820 500 900 629 138 625 
0	0.0: 485 276 910 814 817 638 1 713 
1	0.0: 231 191 966 326 836 638 135 693 
0	0.0: 439 191 830 354 495 638 127 826 
1	0.0: 287 249 861 249 852 642 12 675 
0	0.0: 509 171 681 641 723 641 154 587 
0	0.0: 595 303 1005 439 699 632 101 757 
1	0.0: 421 227 1030 291 627 642 112 669 
0	0.0: 480 233 935 837 542 639 408 730 
0	0.0: 350 277 837 411 545 632 274 784 
0	0.0: 592 223 699 806 802 635 275 621 
0	0.0: 293 324 801 617 783 631 226 884 
0	0.0: 475 383 665 452 646 638 310 829 
1	0.0: 542 179 720 32 602 647 361 825 
1	0.0: 143 262 683 32 634 643 207 646 
0	0.0: 530 264 819 271 716 634 152 866 
0	0.0: 454 294 572 552 510 642 155 676 
1	0.0: 254 286 911 381 855 634 197 735 
1	0.0: 401 247 747 376 709 628 339 789 
0	0.0: 213 239 1002 486 493 641 28 717 
1	0.0: 273 332 816 684 844 636 198 548 
1	0.0: 277 319 892 260 856 630 1 823 
0	0.0: 397 334 848 742 635 639 70 749 
0	0.0: 628 162 947 696 686 637 81 698 
1	0.0: 213 262 747 275 736 635 78 774 
1	0.0: 137 316 760 51 602 637 139 613 
0	0.0: 357 259 1032 460 602 643 193 794 
0	0.0: 351 258 575 504 518 647 215 800 
0	0.0: 762 452 837 619 443 636 222 705 
1	0.0: 143 326 857 364 776 646 132 675 
0	0.0: 536 311 815 478 808 641 207 802 
1	0.0: 442 265 993 329 844 640 343 798 
0	0.0: 341 138 881 620 688 626 142 761 
1	0.0: 265 294 643 362 758 651 310 693 
0	0.0: 764 279 953 632 652 632 115 631 
0	0.0: 512 201 931 704 873 639 341 879 
1	0.0: 142 230 758 599 832 644 311 755 
1	0.0: 252 272 915 404 631 644 147 600 
1	0.0: 428 347 721 319 994 627 14 564 
1	0.0: 430 188 892 28 792 640 178 608 
0	0.0: 377 206 945 524 675 629 124 783 
1	0.0: 232 335 894 332 612 624 279 682 
0	0.0: 414 184 719 506 747 633 243 803 
0	0.0: 467 306 738 601 733 644 230 807 
0	0.0: 235 206 880 412 796 631 45 888 
0	0.0: 708 319 664 906 717 641 293 812 
0	0.0: 441 266 947 757 597 633 334 628 
0	0.0: 426 319 771 725 869 623 216 907 
0	0.0: 515 282 937 480 486 636 231 874 
1	0.0: 516 224 699 437 688 640 275 582 
1	0.0: 423 326 1111 329 832 639 136 747 
0	0.0: 360 277 943 571 514 635 181 675 
0	0.0: 457 278 805 703 839 645 114 761 
0	0.0: 387 296 949 671 730 631 138 845 
0	0.0: 396 269 871 622 773 631 102 837 
0	0.0: 162 316 723 434 621 645 73 897 
1	0.0: 204 297 781 313 503 647 219 796 
0	0.0: 547 207 899 524 485 644 95 786 
1	0.0: 146 345 526 412 724 633 1 649 
0	0.0: 482 248 803 799 689 627 104 690 
0	0.0: 291 194 852 402 735 637 211 865 
0	0.0: 719 285 816 340 582 641 103 774 
0	0.0: 241 266 937 626 734 644 53 803 
0	0.0: 596 298 724 210 687 634 29 688 
1	0.0: 522 253 930 341 977 635 200 709 
0	0.0: 267 363 593 725 834 640 66 788 
0	0.0: 444 291 776 784 915 639 269 798 
1	0.0: 352 264 893 8 701 635 56 734 
0	0.0: 526 290 891 526 742 638 15 962 
0	0.0: 490 216 1106 331 528 633 162 932 
0	0.0: 436 333 800 242 722 624 114 843 
0	0.0: 486 340 895 360 759 638 1 959 
0	0.0: 184 350 925 698 619 635 152 709 
1	0.0: 368 180 734 448 849 646 137 591 
0	0.0: 479 185 897 251 787 622 1 843 
0	0.0: 411 246 846 658 624 643 116 757 
0	0.0: 532 283 925 686 523 640 6 801 
0	0.0: 688 279 870 194 608 645 230 675 
0	0.0: 183 143 864 654 737 642 87 817 
0	0.0: 343 275 886 544 535 644 181 754 
1	0.0: 308 154 932 255 836 636 171 926 
0	0.0: 352 320 864 677 617 630 98 591 
1	0.0: 142 224 952 619 862 625 1 699 
1	0.0: 183 209 817 447 879 639 1 820 
0	0.0: 280 298 833 806 800 634 155 863 
1	0.0: 140 223 861 609 770 637 81 704 
0	0.0: 479 165 850 693 811 630 144 634 
1	0.0: 204 301 955 59 524 635 169 684 
1	0.0: 137 183 732 129 729 646 283 698 
0	0.0: 377 218 809 844 661 634 298 829 
0	0.0: 315 275 608 460 624 638 175 773 
0	0.0: 820 102 627 522 652 641 231 792 
1	0.0: 263 208 835 429 655 633 202 751 
1	0.0: 330 313 1050 311 690 621 237 572 
0	0.0: 511 222 894 793 602 634 30 795 
0	0.0: 603 231 967 558 697 636 144 795 
0	0.0: 292 355 849 838 477 646 228 838 
0	0.0: 595 210 920 326 821 636 132 707 
1	0.0: 1 278 650 370 752 642 240 880 
1	0.0: 175 238 696 295 667 643 127 643 
0	0.0: 491 345 791 801 352 641 113 567 
1	0.0: 63 278 1069 202 662 633 368 741 
0	0.0: 221 285 643 606 582 640 49 831 
1	0.0: 266 268 733 407 796 641 244 849 
1	0.0: 382 355 705 278 717 630 282 704 
1	0.0: 15 254 779 534 764 639 260 729 
1	0.0: 246 355 1010 98 515 639 244 838 
0	0.0: 523 272 755 258 598 634 1 798 
0	0.0: 437 391 841 833 592 642 148 719 
1	0.0: 355 329 757 140 824 626 336 779 
0	0.0: 641 288 707 572 401 630 1 761 
0	0.0: 474 265 914 592 859 640 50 779 
0	0.0: 408 270 702 615 720 634 1 757 
0	0.0: 239 445 785 531 639 644 153 885 
1	0.0: 196 316 890 335 400 635 266 756 
0	0.0: 307 240 794 576 536 641 80 744 
0	0.0: 619 199 627 268 526 630 286 717 
0	0.0: 503 215 667 685 675 641 79 726 
0	0.0: 301 336 813 625 276 636 91 755 
0	0.0: 370 166 795 525 882 631 204 890 
1	0.0: 1 216 784 447 902 636 174 793 
0	0.0: 429 315 961 596 442 641 242 649 
1	0.0: 146 261 813 202 612 635 254 865 
1	0.0: 99 382 890 510 859 640 13 751 
0	0.0: 288 388 625 515 458 631 1 652 
1	0.0: 395 304 731 320 843 632 191 768 
0	0.0: 427 295 922 427 740 643 84 752 
0	0.0: 487 253 809 620 721 634 267 666 
0	0.0: 569 265 766 382 660 647 298 699 
1	0.0: 174 317 785 452 929 643 156 829 
1	0.0: 562 271 843 339 697 645 233 695 
1	0.0: 353 319 856 455 837 638 198 742 
0	0.0: 430 333 921 717 381 636 200 769 
1	0.0: 290 198 764 332 736 627 43 752 
0	0.0: 171 144 597 555 743 635 245 909 
0	0.0: 777 218 863 409 847 635 1 697 
0	0.0: 772 284 898 543 826 628 225 726 
1	0.0: 102 263 853 486 701 629 235 841 
0	0.0: 243 244 778 677 734 639 58 771 
1	0.0: 149 269 956 581 663 632 266 703 
0	0.0: 770 205 790 541 597 638 218 711 
0	0.0: 498 330 945 744 993 623 210 751 
0	0.0: 60 322 716 400 370 633 168 858 
1	0.0: 225 286 647 257 856 638 1 673 
1	0.0: 318 321 915 475 748 636 197 758 
1	0.0: 524 193 582 255 960 625 167 797 
1	0.0: 204 335 771 443 967 641 104 794 
0	0.0: 254 250 676 672 474 636 97 703 
0	0.0: 451 225 819 182 727 646 19 802 
1	0.0: 207 230 905 353 1029 639 233 810 
0	0.0: 555 222 954 628 338 637 1 856 
0	0.0: 245 291 585 398 634 630 1 683 
1	0.0: 403 268 716 325 725 638 119 699 
1	0.0: 127 244 770 127 817 633 1 670 
0	0.0: 377 282 813 741 430 628 71 876 
0	0.0: 706 242 901 145 619 634 223 773 
0	0.0: 248 313 960 686 567 650 157 689 
0	0.0: 277 337 821 592 616 638 175 738 
0	0.0: 466 301 790 746 805 641 185 869 
1	0.0: 135 302 870 642 883 641 238 860 
0	0.0: 138 311 717 612 549 643 81 708 
1	0.0: 26 191 758 762 978 645 232 811 
1	0.0: 456 196 790 393 847 636 166 619 
0	0.0: 265 220 763 510 463 639 155 780 
0	0.0: 651 252 825 230 403 634 259 736 
0	0.0: 441 320 686 399 637 638 303 921 
0	0.0: 600 374 861 610 561 638 117 728 
0	0.0: 598 206 593 454 844 645 99 936 
1	0.0: 594 203 961 1 753 636 478 552 
0	0.0: 278 194 788 797 779 639 1 731 
0	0.0: 891 370 1004 481 588 641 141 691 
0	0.0: 358 267 1094 437 737 640 74 818 
1	0.0: 460 280 977 163 642 637 343 696 
0	0.0: 618 253 932 488 790 636 4 834 
0	0.0: 681 296 814 712 955 637 137 760 
0	0.0: 552 310 626 552 744 648 144 752 
1	0.0: 187 291 608 214 864 633 163 744 
0	0.0: 662 374 987 534 258 640 239 801 
0	0.0: 406 255 802 641 758 644 118 719 
1	0.0: 409 300 961 432 717 640 311 698 
1	0.0: 579 225 829 393 825 632 253 643 
1	0.0: 63 212 825 555 625 640 225 608 
1	0.0: 401 120 888 230 988 644 40 780 
0	0.0: 60 229 774 697 675 639 3 706 
1	0.0: 207 194 713 621 881 636 331 737 
0	0.0: 596 261 653 585 739 639 159 701 
1	0.0: 197 353 803 413 683 626 212 875 
1	0.0: 411 306 1120 580 748 647 296 730 
0	0.0: 374 272 896 523 490 642 176 754 
0	0.0: 361 141 960 542 675 631 96 886 
1	0.0: 418 320 839 98 645 634 209 918 
1	0.0: 260 287 677 304 917 637 393 815 
0	0.0: 553 299 838 667 640 634 117 742 
1	0.0: 33 319 835 370 645 650 240 903 
0	0.0: 320 198 665 287 532 643 49 847 
0	0.0: 586 306 737 333 564 624 236 737 
0	0.0: 604 388 759 362 893 632 1 752 
0	0.0: 833 254 714 574 533 638 125 633 
1	0.0: 440 313 624 337 883 633 218 680 
0	0.0: 636 212 942 388 664 642 63 774 
0	0.0: 566 280 852 650 686 640 261 764 
0	0.0: 294 263 831 841 417 633 1 724 
1	0.0: 212 345 991 330 812 638 71 795 
0	0.0: 1 377 959 755 700 636 23 782 
1	0.0: 287 310 772 65 836 640 87 815 
0	0.0: 418 172 761 452 468 634 140 739 
0	0.0: 264 281 872 257 606 641 107 881 
0	0.0: 723 261 666 703 573 645 229 730 
1	0.0: 407 251 1005 494 845 632 359 825 
0	0.0: 377 268 792 398 569 644 170 701 
0	0.0: 306 220 806 558 474 636 242 573 
0	0.0: 383 258 744 733 495 640 141 771 
1	0.0: 342 322 824 153 786 636 417 672 
0	0.0: 573 264 833 271 646 633 90 657 
0	0.0: 718 193 1059 565 623 643 351 698 
1	0.0: 49 252 848 599 853 647 239 714 
0	0.0: 377 276 775 708 932 639 67 734 
0	0.0: 648 282 761 208 427 635 327 652 
1	0.0: 294 202 1017 449 806 638 137 818 
0	0.0: 511 290 971 497 574 631 1 885 
0	0.0: 236 292 1026 655 788 640 107 770 
0	0.0: 550 306 736 500 684 636 152 731 
1	0.0: 1 246 1002 454 797 640 192 645 
1	0.0: 477 341 821 194 598 638 1 617 
1	0.0: 87 222 664 292 803 643 80 860 
0	0.0: 586 271 872 857 806 642 12 766 
1	0.0: 154 305 796 261 752 637 80 707 
0	0.0: 346 355 930 613 924 638 155 828 
1	0.0: 145 242 767 354 1021 631 252 613 
0	0.0: 544 227 955 480 669 640 257 869 
0	0.0: 354 244 964 418 675 638 137 838 
0	0.0: 549 159 684 570 786 646 1 931 
0	0.0: 702 255 1014 410 617 634 363 793 
0	0.0: 496 170 869 633 555 637 122 744 
0	0.0: 570 305 745 744 841 639 334 694 
1	0.0: 131 220 887 133 905 644 83 739 
1	0.0: 211 287 788 286 937 627 94 676 
0	0.0: 297 239 746 753 556 647 139 842 
0	0.0: 522 208 652 526 659 635 214 809 
0	0.0: 665 352 817 618 501 638 82 754 
0	0.0: 534 241 933 477 799 646 287 784 
0	0.0: 139 287 858 561 923 631 63 956 
0	0.0: 403 281 913 490 647 649 256 765 
0	0.0: 461 336 766 601 648 630 1 721 
0	0.0: 413 201 822 668 501 635 312 840 
1	0.0: 70 266 512 459 634 640 219 775 
1	0.0: 614 282 783 285 896 635 199 793 
0	0.0: 438 167 725 444 841 642 132 752 
0	0.0: 476 330 843 434 612 642 189 773 
0	0.0: 440 296 673 406 507 636 265 851 
0	0.0: 909 296 925 313 948 641 148 712 
1	0.0: 154 266 743 566 747 643 120 757 
1	0.0: 296 273 989 356 785 645 177 906 
0	0.0: 387 332 631 298 655 641 31 847 
1	0.0: 299 181 955 405 1120 644 338 722 
0	0.0: 622 281 605 938 731 634 228 723 
0	0.0: 286 235 698 847 582 640 40 804 
1	0.0: 1 247 870 719 927 639 185 600 
1	0.0: 295 257 829 298 631 647 97 651 
1	0.0: 605 317 823 50 735 638 243 658 
1	0.0: 392 189 830 349 855 645 315 689 
0	0.0: 468 265 1020 788 452 633 204 766 
0	0.0: 288 163 904 664 384 633 139 690 
0	0.0: 587 243 742 724 483 623 102 595 
1	0.0: 455 159 965 227 632 649 281 829 
0	0.0: 379 189 915 696 553 636 72 778 
1	0.0: 531 348 722 139 832 630 326 744 
1	0.0: 339 297 819 492 852 641 166 719 
0	0.0: 195 170 736 512 647 644 60 819 
0	0.0: 352 331 813 152 73 643 362 829 
0	0.0: 606 243 830 526 774 632 192 560 
0	0.0: 84 245 1041 732 790 627 52 729 
0	0.0: 550 272 771 395 862 635 1 777 
1	0.0: 361 195 799 597 1163 624 356 692 
1	0.0: 219 291 663 210 955 639 184 705 
1	0.0: 268 152 975 327 574 640 209 765 
0	0.0: 703 229 688 200 724 632 76 795 
0	0.0: 276 206 860 845 664 642 206 741 
0	0.0: 614 147 824 426 923 636 350 893 
1	0.0: 227 266 845 239 791 632 155 627 
1	0.0: 82 222 743 250 605 632 107 739 
0	0.0: 314 282 993 583 652 647 137 766 
0	0.0: 632 212 874 573 802 630 1 689 
0	0.0: 479 285 539 420 800 636 78 703 
0	0.0: 796 219 875 398 566 625 173 684 
1	0.0: 302 220 865 394 607 629 321 707 
1	0.0: 442 308 825 304 555 637 252 671 
1	0.0: 415 341 865 267 678 629 169 812 
0	0.0: 414 257 642 526 819 645 117 757 
0	0.0: 206 208 910 581 578 645 1 642 
0	0.0: 640 205 915 612 852 629 248 820 
1	0.0: 431 335 1033 396 652 652 440 796 
1	0.0: 503 313 719 319 786 634 164 724 
0	0.0: 363 300 805 543 769 651 231 744 
1	0.0: 1 262 753 456 765 626 205 722 
1	0.0: 320 219 927 459 942 637 148 781 
1	0.0: 176 322 805 464 655 645 136 650 
0	0.0: 726 224 773 400 542 649 251 885 
1	0.0: 474 414 904 433 497 638 398 609 
1	0.0: 342 231 758 143 706 628 371 884 
0	0.0: 723 281 807 485 655 645 75 887 
1	0.0: 364 346 982 595 888 631 526 694 
0	0.0: 473 163 731 341 729 625 144 761 
0	0.0: 500 267 864 427 622 631 34 599 
0	0.0: 556 311 816 382 615 648 285 837 
1	0.0: 392 250 715 230 730 637 178 659 
0	0.0: 428 192 754 841 481 635 410 696 
1	0.0: 87 395 750 297 811 643 238 719 
1	0.0: 421 282 758 528 779 648 361 653 
1	0.0: 320 236 641 160 825 629 1 808 
0	0.0: 680 206 924 477 739 636 1 601 
0	0.0: 243 149 703 328 631 637 233 924 
0	0.0: 464 299 797 590 916 636 1 768 
1	0.0: 251 226 977 418 956 633 75 684 
0	0.0: 347 338 718 377 611 637 137 715 
0	0.0: 414 223 684 745 737 632 19 710 
1	0.0: 528 135 787 551 886 639 282 606 
1	0.0: 245 323 785 359 572 633 205 757 
0	0.0: 357 170 1069 516 532 634 301 699 
0	0.0: 320 257 799 597 724 637 5 791 
0	0.0: 468 180 800 430 567 634 221 628 
1	0.0: 486 215 869 386 790 637 129 591 
0	0.0: 489 253 955 480 589 630 255 649 
0	0.0: 176 296 904 575 737 636 131 821 
0	0.0: 214 269 870 783 757 644 95 741 
1	0.0: 333 301 826 374 644 641 350 769 
0	0.0: 573 310 1058 386 659 633 1 787 
0	0.0: 426 89 805 475 521 638 503 774 
0	0.0: 499 218 916 758 593 630 104 693 
0	0.0: 453 282 880 549 592 633 22 755 
1	0.0: 511 329 850 309 880 633 334 690 
0	0.0: 562 160 804 223 378 626 307 696 
1	0.0: 409 253 711 594 776 648 218 594 
1	0.0: 298 199 725 108 818 630 241 740 
1	0.0: 276 241 855 703 867 642 218 699 
0	0.0: 587 340 689 607 652 625 137 828 
1	0.0: 307 147 874 275 650 641 198 791 
1	0.0: 197 271 934 550 911 644 155 830 
0	0.0: 496 269 732 439 653 638 87 665 
1	0.0: 413 259 933 518 934 633 204 663 
1	0.0: 74 348 695 398 549 646 305 647 
0	0.0: 355 282 1086 676 404 647 151 743 
0	0.0: 332 343 796 570 685 646 211 791 
0	0.0: 328 348 756 704 664 639 45 837 
0	0.0: 476 244 843 314 475 637 167 669 
0	0.0: 558 232 1006 702 524 632 17 816 
0	0.0: 390 161 647 703 663 627 352 644 
1	0.0: 548 199 976 383 910 643 255 809 
0	0.0: 351 230 818 658 670 632 336 768 
1	0.0: 333 282 734 340 981 638 184 586 
1	0.0: 272 256 870 565 951 633 417 623 
1	0.0: 646 237 891 1 735 629 68 758 
0	0.0: 514 342 680 432 534 629 68 872 
1	0.0: 256 246 769 193 319 635 165 655 
0	0.0: 732 274 824 463 627 644 87 756 
1	0.0: 342 175 871 235 620 637 127 752 
1	0.0: 113 234 732 611 627 642 229 673 
0	0.0: 296 145 757 552 597 643 405 700 
0	0.0: 614 82 811 229 690 630 191 674 
1	0.0: 236 202 869 66 612 643 187 744 
1	0.0: 269 272 745 327 957 643 454 626 
1	0.0: 61 254 920 423 690 632 130 707 
0	0.0: 431 240 694 564 897 641 142 685 
0	0.0: 585 207 917 436 429 638 189 776 
0	0.0: 357 183 763 532 590 641 100 642 
0	0.0: 418 345 705 543 758 635 333 837 
1	0.0: 28 273 746 440 989 633 46 803 
0	0.0: 466 242 740 665 759 641 170 785 
0	0.0: 156 249 1001 742 474 625 139 807 
0	0.0: 397 178 960 459 638 634 134 814 
0	0.0: 196 288 735 559 618 636 1 863 
1	0.0: 318 245 778 113 851 636 222 687 
1	0.0: 283 251 715 175 553 624 205 823 
0	0.0: 622 283 807 587 622 623 44 864 
0	0.0: 681 247 880 637 695 631 264 822 
1	0.0: 379 234 898 197 770 640 127 896 
1	0.0: 283 272 924 250 780 636 1 502 
1	0.0: 1 250 674 522 892 652 71 864 
0	0.0: 591 346 846 394 789 634 98 892 
0	0.0: 127 223 691 616 485 635 220 760 
0	0.0: 328 247 753 594 802 635 245 755 
0	0.0: 436 232 836 232 721 637 277 919 
1	0.0: 397 159 925 317 732 638 441 589 
0	0.0: 550 270 775 478 718 637 292 754 
0	0.0: 655 73 767 136 332 628 1 747 
1	0.0: 123 199 889 303 954 638 323 913 
1	0.0: 260 383 872 473 800 629 101 829 
0	0.0: 393 311 968 820 535 634 237 709 
1	0.0: 293 311 991 392 882 636 331 631 
1	0.0: 26 333 976 1 907 640 214 791 
0	0.0: 739 288 603 493 656 621 173 830 
0	0.0: 549 197 863 488 514 646 198 818 
1	0.0: 296 337 671 585 1076 637 1 776 
1	0.0: 258 289 801 456 962 639 2 810 
0	0.0: 571 348 873 306 551 639 15 755 
0	0.0: 975 228 570 255 633 641 89 633 
1	0.0: 180 184 1028 261 886 631 210 840 
0	0.0: 719 217 1082 342 634 636 259 711 
1	0.0: 370 230 922 334 674 643 390 794 
0	0.0: 635 276 924 408 686 630 156 749 
0	0.0: 390 236 901 689 1099 642 165 873 
0	0.0: 695 366 985 921 790 636 195 575 
0	0.0: 552 251 649 295 608 635 131 735 
1	0.0: 524 277 801 264 814 630 232 734 
0	0.0: 389 217 926 737 772 632 378 793 
0	0.0: 524 222 848 557 740 636 212 686 
0	0.0: 753 347 699 626 829 644 199 825 
1	0.0: 338 334 765 650 925 638 317 692 
0	0.0: 474 226 927 383 840 630 80 842 
1	0.0: 214 250 799 199 732 634 90 661 
1	0.0: 551 372 805 211 659 632 179 690 
0	0.0: 680 375 610 358 572 632 78 746 
0	0.0: 163 287 828 687 585 644 351 703 
1	0.0: 196 277 920 308 780 640 135 822 
0	0.0: 708 328 806 652 792 635 213 668 
0	0.0: 368 274 728 675 806 642 321 708 
0	0.0: 252 293 623 362 501 641 248 831 
0	0.0: 404 303 827 498 669 631 472 899 
0	0.0: 184 348 922 674 659 639 199 852 
1	0.0: 447 254 982 419 1098 638 115 763 
1	0.0: 280 344 818 456 1040 637 161 747 
1	0.0: 92 296 849 322 591 646 103 785 
0	0.0: 401 314 734 510 713 632 26 751 
0	0.0: 325 274 910 534 534 637 341 795 
1	0.0: 377 312 859 147 994 634 354 792 
0	0.0: 270 326 596 853 786 633 144 898 
0	0.0: 246 214 782 665 742 636 298 710 
1	0.0: 248 363 906 431 561 641 276 789 
0	0.0: 461 240 869 297 458 645 350 816 
1	0.0: 403 267 678 299 748 636 359 881 
0	0.0: 476 270 932 473 481 636 140 746 
0	0.0: 447 311 777 548 720 646 364 866 
0	0.0: 353 184 699 671 792 630 1 627 
0	0.0: 143 149 926 462 634 643 1 778 
1	0.0: 469 271 822 327 802 652 269 739 
1	0.0: 206 293 920 465 409 634 216 657 
0	0.0: 486 354 910 411 418 646 153 624 
0	0.0: 331 392 935 705 720 633 170 849 
0	0.0: 259 231 790 504 675 636 1 747 
0	0.0: 431 325 699 427 712 643 201 780 
1	0.0: 584 199 716 100 704 644 66 652 
0	0.0: 335 313 825 389 645 635 192 859 
0	0.0: 210 248 794 516 845 632 217 953 
1	0.0: 303 375 863 190 916 629 254 784 
1	0.0: 419 156 1052 111 733 639 60 877 
0	0.0: 524 224 933 592 675 636 133 769 
0	0.0: 382 179 850 487 542 640 172 768 
1	0.0: 220 209 986 526 703 632 345 780 
1	0.0: 480 284 775 407 788 635 64 647 
1	0.0: 313 247 594 362 1099 636 95 590 
0	0.0: 458 246 690 490 697 646 285 755 
1	0.0: 1 278 721 425 753 633 324 722 
1	0.0: 169 154 928 435 602 650 472 842 
1	0.0: 152 241 939 235 706 645 243 683 
1	0.0: 148 322 820 339 720 634 166 746 
0	0.0: 318 283 730 668 634 637 125 711 
0	0.0: 452 217 914 644 761 630 148 597 
0	0.0: 433 330 758 337 460 647 75 845 
0	0.0: 332 288 799 635 621 636 190 835 
1	0.0: 133 210 793 467 594 641 374 772 
0	0.0: 246 202 780 616 546 628 190 801 
0	0.0: 376 262 866 519 463 642 44 787 
0	0.0: 521 169 856 465 594 629 247 894 
0	0.0: 418 238 671 249 819 640 1 835 
1	0.0: 499 180 741 380 835 630 254 745 
1	0.0: 195 394 642 210 662 630 157 842 
1	0.0: 284 198 894 150 544 646 89 853 
0	0.0: 485 352 802 381 685 645 221 867 
1	0.0: 185 328 866 307 756 640 157 781 
1	0.0: 339 417 761 341 831 632 116 636 
0	0.0: 102 303 879 715 836 645 222 915 
0	0.0: 427 296 621 623 606 627 326 643 
1	0.0: 106 388 977 638 927 644 170 697 
0	0.0: 57 287 934 687 727 644 108 768 
0	0.0: 784 261 753 661 852 638 248 715 
0	0.0: 565 307 710 349 583 634 20 762 
0	0.0: 630 315 767 285 527 647 135 758 
0	0.0: 743 218 827 271 804 644 334 736 
0	0.0: 118 238 859 667 440 635 150 611 
0	0.0: 394 201 915 684 750 634 71 817 
0	0.0: 342 195 941 583 847 637 91 675 
0	0.0: 340 224 957 623 637 640 1 616 
1	0.0: 342 293 805 214 805 631 49 754 
0	0.0: 405 287 683 370 347 638 276 649 
1	0.0: 554 304 992 398 872 641 148 724 
0	0.0: 424 331 743 614 761 649 190 849 
0	0.0: 1019 394 875 729 577 641 381 649 
0	0.0: 498 271 879 563 675 635 40 750 
0	0.0: 661 186 746 364 702 638 88 770 
0	0.0: 483 152 885 675 434 634 260 845 
0	0.0: 812 236 834 584 742 625 208 891 
1	0.0: 462 263 913 451 883 647 137 713 
1	0.0: 382 329 859 525 944 648 215 682 
0	0.0: 74 283 800 737 732 636 151 698 
0	0.0: 569 314 671 278 527 643 128 680 
0	0.0: 387 232 843 552 642 637 99 810 
1	0.0: 314 263 929 465 866 635 229 705 
0	0.0: 563 269 716 434 673 636 49 840 
0	0.0: 506 283 756 605 650 636 76 723 
1	0.0: 290 401 888 310 932 644 339 845 
0	0.0: 436 274 894 555 545 635 212 614 
0	0.0: 813 180 1003 561 890 633 167 739 
0	0.0: 193 255 882 757 799 633 250 751 
0	0.0: 256 246 632 671 853 626 90 760 
0	0.0: 454 214 929 529 739 643 18 871 
1	0.0: 278 321 684 358 992 638 312 828 
0	0.0: 415 353 645 470 720 627 109 731 
1	0.0: 291 230 794 367 893 627 319 649 
1	0.0: 25 200 669 205 858 647 34 651 
0	0.0: 361 310 725 656 582 638 336 699 
1	0.0: 511 248 723 399 910 634 182 639 
1	0.0: 287 154 834 162 1072 641 55 678 
0	0.0: 324 199 632 560 490 635 1 875 
0	0.0: 583 391 675 335 647 617 155 701 
0	0.0: 512 293 854 397 845 643 52 801 
0	0.0: 391 316 714 557 852 649 1 667 
0	0.0: 289 317 818 311 547 644 66 893 
0	0.0: 258 228 961 682 735 636 69 593 
1	0.0: 468 237 874 376 949 644 257 705 
1	0.0: 331 390 1100 310 622 640 62 811 
0	0.0: 475 243 735 277 549 625 221 832 
1	0.0: 9 317 810 507 845 625 112 832 
1	0.0: 183 274 1003 557 1156 636 1 787 
0	0.0: 322 316 799 512 786 632 197 802 
1	0.0: 475 369 647 206 741 639 297 741 
1	0.0: 288 218 998 128 767 644 52 674 
0	0.0: 367 211 778 748 618 630 129 729 
0	0.0: 221 228 848 572 546 629 1 755 
0	0.0: 463 324 802 535 746 629 1 730 
1	0.0: 207 275 895 763 1016 649 139 689 
0	0.0: 488 321 869 584 507 645 328 676 
0	0.0: 539 295 602 293 553 626 288 885 
0	0.0: 547 217 826 716 424 637 74 769 
1	0.0: 58 41 819 298 549 639 250 562 
1	0.0: 223 272 815 309 716 635 155 779 
0	0.0: 412 110 981 302 570 639 21 610 
0	0.0: 81 203 716 551 608 647 1 914 
0	0.0: 360 279 877 694 804 634 121 689 
0	0.0: 377 228 874 533 839 626 164 780 
1	0.0: 369 271 883 62 812 634 1 746 
0	0.0: 205 237 729 396 495 640 128 749 
0	0.0: 406 338 714 327 509 638 1 741 
0	0.0: 566 304 694 230 634 636 87 766 
1	0.0: 415 274 899 311 772 633 158 770 
0	0.0: 276 302 853 394 622 642 1 861 
0	0.0: 523 303 768 227 425 639 58 804 
0	0.0: 492 288 806 514 722 637 242 710 
1	0.0: 585 308 742 281 968 640 176 737 
1	0.0: 304 320 751 77 817 633 116 957 
0	0.0: 629 396 875 465 606 639 264 582 
0	0.0: 335 228 904 705 778 642 107 875 
1	0.0: 285 199 812 267 723 648 1 736 
0	0.0: 408 126 802 764 787 629 143 612 
0	0.0: 178 362 775 602 568 645 255 877 
