0	0.0: 1003 138 551 428 403 1299 564 568 
0	0.0: 998 284 626 400 461 989 112 595 
0	0.0: 774 22 580 498 454 804 792 692 
0	0.0: 1009 189 585 442 391 1047 661 860 
5	0.0: 992 523 549 437 457 1233 799 953 
0	0.0: 873 254 597 268 395 868 401 832 
0	0.0: 819 228 597 517 412 800 327 1021 
0	0.0: 982 253 639 504 416 918 550 737 
0	0.0: 1020 252 555 408 350 868 412 957 
0	0.0: 835 1 511 453 440 557 11 819 
0	0.0: 859 1 544 459 475 865 349 814 
0	0.0: 880 1 528 514 423 895 274 759 
0	0.0: 1109 3 592 360 419 936 1 636 
0	0.0: 1079 407 527 352 371 721 182 802 
0	0.0: 1005 1 513 496 447 874 217 836 
0	0.0: 759 22 619 496 431 746 174 919 
0	0.0: 968 1 569 484 448 1073 164 773 
0	0.0: 809 1 551 396 426 816 212 828 
0	0.0: 903 1 575 485 352 1023 290 725 
0	0.0: 989 1 532 413 403 959 341 603 
0	0.0: 962 1 528 495 432 912 238 954 
0	0.0: 1069 1 556 536 441 1059 213 855 
0	0.0: 931 1 516 393 431 956 220 695 
0	0.0: 1093 1 543 430 464 893 365 671 
0	0.0: 995 1 519 654 376 1031 13 680 
0	0.0: 1038 153 543 520 434 817 557 838 
0	0.0: 998 55 597 366 406 638 327 737 
0	0.0: 835 34 568 271 413 808 705 745 
0	0.0: 927 258 568 449 423 845 202 644 
0	0.0: 935 243 550 266 417 1041 1 681 
0	0.0: 905 121 599 430 437 1056 545 962 
0	0.0: 1043 200 520 223 396 933 35 668 
0	0.0: 970 386 591 513 454 1081 276 515 
0	0.0: 1179 1 609 488 456 837 508 777 
0	0.0: 1068 164 597 449 403 757 248 831 
0	0.0: 874 1 555 346 449 730 1 600 
0	0.0: 874 1 571 452 463 1118 385 1010 
0	0.0: 928 1 569 406 418 720 180 1044 
0	0.0: 787 145 537 382 401 894 1 839 
0	0.0: 1137 255 672 459 434 905 420 869 
0	0.0: 973 187 557 465 452 835 415 1035 
0	0.0: 1040 5 623 548 399 922 33 947 
0	0.0: 910 1 547 542 387 675 1 1088 
0	0.0: 910 294 583 466 442 842 546 618 
0	0.0: 823 382 574 377 492 908 555 914 
0	0.0: 919 29 540 534 426 1097 315 1058 
0	0.0: 917 1 570 307 429 1060 36 1014 
0	0.0: 833 1 470 385 440 1099 661 874 
0	0.0: 920 1 586 500 435 949 348 1017 
0	0.0: 993 414 612 326 417 917 221 799 
0	0.0: 827 1 531 224 426 879 1 749 
0	0.0: 1126 42 558 430 451 722 159 816 
0	0.0: 1056 19 538 556 398 1074 294 580 
0	0.0: 980 261 584 592 399 823 399 1280 
0	0.0: 1014 1 634 481 430 856 187 817 
0	0.0: 948 26 577 570 407 1172 397 1130 
0	0.0: 912 310 508 472 420 1120 389 751 
0	0.0: 834 1 547 383 471 1166 210 832 
0	0.0: 924 273 582 570 405 972 130 859 
0	0.0: 880 266 504 322 374 1043 371 579 
0	0.0: 1163 1 559 337 410 973 1 985 
0	0.0: 1026 92 548 478 432 874 207 881 
0	0.0: 1066 1 597 381 354 1119 305 760 
0	0.0: 747 1 546 451 371 893 460 821 
0	0.0: 875 1 592 324 410 973 348 624 
0	0.0: 1124 298 580 462 458 885 29 776 
0	0.0: 1031 268 596 438 368 1183 430 595 
0	0.0: 1017 1 678 415 413 957 1 645 
0	0.0: 983 149 557 385 365 1110 457 510 
0	0.0: 1087 38 607 263 422 909 104 790 
0	0.0: 949 193 550 397 371 1099 574 916 
0	0.0: 940 159 570 260 452 910 331 945 
0	0.0: 943 1 587 447 418 1242 353 1261 
0	0.0: 937 313 571 414 454 934 443 842 
0	0.0: 916 144 619 481 454 714 262 906 
0	0.0: 1092 1 571 397 439 957 169 1041 
0	0.0: 982 202 621 264 421 870 70 849 
0	0.0: 1080 173 566 517 442 595 145 846 
0	0.0: 964 33 603 425 445 818 361 719 
0	0.0: 918 63 528 380 402 979 146 1010 
0	0.0: 986 151 503 443 441 1100 319 758 
0	0.0: 852 1 569 508 439 892 527 437 
5	0.0: 997 201 545 295 411 708 858 642 
0	0.0: 1001 400 521 471 450 820 397 689 
0	0.0: 1026 1 538 296 377 876 438 863 
0	0.0: 925 52 534 391 390 785 167 1042 
0	0.0: 841 36 543 387 450 936 62 1051 
0	0.0: 836 1 565 406 399 733 380 1222 
0	0.0: 867 295 502 454 425 1030 443 943 
0	0.0: 1022 298 519 353 419 546 224 841 
0	0.0: 1021 1 589 356 462 757 79 620 
0	0.0: 837 1 563 484 423 777 1 807 
0	0.0: 987 164 598 280 447 943 441 852 
0	0.0: 934 304 594 439 426 779 48 619 
0	0.0: 1027 1 540 306 460 899 289 1066 
0	0.0: 873 232 550 444 438 989 280 880 
0	0.0: 861 1 581 593 439 885 1 891 
0	0.0: 826 1 503 441 395 1044 58 1199 
0	0.0: 919 79 573 421 435 1018 241 968 
0	0.0: 954 1 570 418 429 914 113 1022 
0	0.0: 930 209 600 401 461 721 615 907 
0	0.0: 869 1 578 324 435 1115 1 897 
0	0.0: 978 388 516 477 410 1003 170 831 
0	0.0: 1079 1 607 475 458 810 249 975 
0	0.0: 892 90 553 491 435 941 302 625 
0	0.0: 677 1 573 543 418 801 234 914 
0	0.0: 984 1 593 583 428 840 534 1141 
0	0.0: 1025 94 596 418 446 862 52 1071 
0	0.0: 885 1 571 539 446 1119 59 893 
0	0.0: 959 131 588 353 452 1137 131 953 
0	0.0: 951 86 562 401 445 1059 200 832 
0	0.0: 949 239 610 434 467 1012 1 996 
0	0.0: 1028 170 581 378 427 966 321 1101 
0	0.0: 875 293 497 238 416 725 198 1093 
0	0.0: 974 1 626 381 430 604 410 864 
5	0.0: 922 394 537 359 426 1110 644 762 
0	0.0: 868 57 494 354 484 1124 1 992 
0	0.0: 1131 240 624 434 434 901 93 1127 
0	0.0: 1003 328 603 323 494 894 341 1081 
0	0.0: 889 377 561 401 389 953 716 1093 
0	0.0: 758 1 581 476 412 1125 60 678 
0	0.0: 912 1 644 611 397 1140 648 940 
0	0.0: 1071 458 534 360 408 1110 246 717 
0	0.0: 862 76 541 465 424 827 455 949 
0	0.0: 892 334 563 351 425 1030 373 1045 
0	0.0: 887 183 587 365 397 1165 485 926 
0	0.0: 896 253 512 342 456 1130 268 895 
0	0.0: 924 1 537 243 413 1078 388 943 
0	0.0: 793 86 549 653 380 949 177 863 
0	0.0: 733 374 635 429 462 921 444 988 
0	0.0: 804 222 540 408 435 826 310 974 
0	0.0: 976 88 527 396 405 857 1 858 
0	0.0: 984 1 548 456 422 1108 419 831 
0	0.0: 1131 124 598 364 374 1057 254 902 
0	0.0: 785 1 599 495 416 945 142 692 
0	0.0: 940 256 531 530 385 396 173 964 
0	0.0: 955 237 542 445 377 839 356 735 
0	0.0: 1066 223 526 381 414 733 372 1050 
0	0.0: 848 99 572 468 391 885 651 900 
0	0.0: 979 2 599 416 441 903 411 1042 
0	0.0: 993 1 589 458 383 845 403 845 
0	0.0: 1089 175 570 423 445 1124 231 648 
0	0.0: 1062 1 609 341 433 1079 394 703 
0	0.0: 978 195 604 393 483 1064 205 925 
0	0.0: 848 1 580 374 450 1072 1 676 
0	0.0: 1182 237 584 384 427 1145 1 805 
0	0.0: 895 302 549 418 400 1020 316 809 
0	0.0: 1089 1 582 345 427 901 579 636 
0	0.0: 924 241 566 261 409 995 177 610 
0	0.0: 1136 1 537 447 406 859 58 971 
0	0.0: 906 1 551 264 463 704 638 650 
0	0.0: 1048 1 569 443 436 1031 298 1035 
0	0.0: 751 52 562 439 469 1187 282 866 
0	0.0: 962 494 584 211 442 1188 234 999 
0	0.0: 968 1 574 314 467 733 559 374 
0	0.0: 919 1 589 355 437 665 430 1002 
0	0.0: 904 167 573 338 421 1185 98 952 
0	0.0: 993 347 632 455 415 895 280 819 
0	0.0: 790 1 574 504 413 894 220 893 
0	0.0: 879 194 562 425 444 1078 536 1083 
0	0.0: 1021 349 585 551 427 1151 351 886 
0	0.0: 934 1 529 382 448 892 451 865 
0	0.0: 1028 38 525 348 432 789 369 929 
0	0.0: 983 1 562 331 364 955 1 685 
0	0.0: 832 1 612 481 422 804 297 1148 
0	0.0: 825 424 595 407 490 796 178 759 
0	0.0: 897 1 549 471 424 1047 291 778 
0	0.0: 902 1 592 441 436 1110 24 1032 
0	0.0: 1028 239 548 501 450 1099 466 1039 
0	0.0: 989 1 569 439 439 953 367 1017 
0	0.0: 1182 1 566 411 450 720 121 952 
0	0.0: 912 1 516 326 378 919 1 836 
0	0.0: 1078 82 616 401 425 918 231 1040 
0	0.0: 1002 56 546 420 429 876 337 602 
0	0.0: 988 1 618 392 417 724 212 842 
0	0.0: 889 391 548 332 453 920 271 724 
0	0.0: 909 1 546 510 443 848 424 852 
0	0.0: 832 1 496 385 418 853 21 651 
0	0.0: 817 144 515 471 437 804 438 612 
0	0.0: 1026 124 567 436 421 808 505 760 
0	0.0: 866 268 529 394 381 744 648 1005 
0	0.0: 985 187 527 347 406 780 260 1253 
0	0.0: 866 1 556 436 406 1088 192 881 
0	0.0: 869 159 585 439 421 1427 321 1062 
0	0.0: 954 1 520 345 399 1090 94 755 
0	0.0: 752 1 538 499 370 1036 453 948 
0	0.0: 872 1 616 394 449 1012 1 858 
0	0.0: 895 434 589 317 375 930 473 856 
0	0.0: 903 320 605 384 428 846 133 694 
0	0.0: 981 109 560 359 444 1064 121 944 
0	0.0: 1040 438 544 524 477 1016 491 675 
0	0.0: 958 57 634 478 424 1099 304 1153 
0	0.0: 942 1 518 623 445 1088 113 815 
0	0.0: 827 309 652 482 427 862 207 656 
0	0.0: 1057 1 579 518 460 951 535 707 
0	0.0: 883 350 542 406 380 1185 431 835 
0	0.0: 934 1 577 396 432 1002 864 693 
0	0.0: 983 137 655 476 410 1024 227 706 
0	0.0: 820 155 457 340 402 1081 329 694 
0	0.0: 827 1 580 496 442 1031 322 849 
0	0.0: 936 1 510 477 410 1126 84 847 
0	0.0: 820 1 553 336 407 830 91 1011 
0	0.0: 842 321 582 544 380 934 552 721 
0	0.0: 938 306 495 538 444 1033 185 979 
0	0.0: 1094 49 573 405 458 851 456 824 
0	0.0: 1020 1 579 515 416 788 1 727 
0	0.0: 991 1 623 490 454 1176 1 584 
0	0.0: 924 335 511 369 392 1093 178 745 
0	0.0: 759 57 595 337 443 806 445 858 
0	0.0: 898 275 530 469 429 885 307 691 
0	0.0: 785 1 526 453 411 1098 13 544 
0	0.0: 1098 98 533 377 405 973 559 590 
0	0.0: 954 1 539 444 448 947 304 940 
0	0.0: 839 73 560 326 448 1035 1 1000 
0	0.0: 887 14 577 396 410 1086 378 1189 
0	0.0: 958 16 530 367 442 1084 342 862 
0	0.0: 1056 229 532 424 402 831 424 905 
0	0.0: 882 1 549 396 423 1126 121 671 
0	0.0: 889 172 543 544 459 1170 227 876 
0	0.0: 877 1 595 341 462 1187 338 845 
0	0.0: 796 366 511 462 436 1006 439 842 
0	0.0: 980 1 597 428 423 1030 320 1124 
0	0.0: 911 12 575 482 480 704 355 738 
0	0.0: 1054 40 559 556 436 808 394 727 
0	0.0: 988 1 536 397 437 1017 186 622 
0	0.0: 878 1 497 364 394 942 179 910 
0	0.0: 838 1 514 295 438 1093 392 680 
0	0.0: 1007 176 566 396 408 717 328 723 
0	0.0: 1057 507 581 499 409 998 236 978 
0	0.0: 795 1 544 470 400 1169 574 1171 
0	0.0: 853 429 574 495 388 858 73 893 
0	0.0: 967 1 523 517 437 932 281 792 
0	0.0: 1028 29 553 482 385 982 97 864 
0	0.0: 994 1 489 380 460 956 391 977 
0	0.0: 933 153 552 523 475 1033 193 963 
0	0.0: 925 225 592 440 462 702 48 1072 
0	0.0: 704 384 581 423 425 748 207 883 
0	0.0: 815 248 568 517 406 1122 354 741 
0	0.0: 823 182 544 468 422 1086 601 725 
0	0.0: 1050 720 543 437 417 1064 76 601 
0	0.0: 839 188 566 419 434 1041 236 619 
0	0.0: 1048 1 540 432 450 844 467 859 
0	0.0: 987 1 610 339 381 1152 600 832 
0	0.0: 1092 137 527 423 439 669 226 669 
0	0.0: 978 95 565 280 493 796 203 886 
0	0.0: 900 394 583 518 470 1048 1 969 
0	0.0: 864 1 521 498 460 716 608 861 
0	0.0: 935 257 560 418 444 977 90 813 
0	0.0: 1133 1 569 372 416 945 309 994 
0	0.0: 965 32 546 467 451 1013 40 1046 
0	0.0: 950 143 606 329 462 901 360 1026 
0	0.0: 1029 55 561 240 413 733 252 883 
0	0.0: 876 240 483 405 415 1004 463 833 
0	0.0: 657 1 601 495 453 972 475 748 
0	0.0: 988 45 552 489 425 1041 169 886 
0	0.0: 807 210 552 697 406 718 1 617 
0	0.0: 918 241 584 431 420 942 144 974 
0	0.0: 837 74 535 395 403 1088 249 887 
0	0.0: 867 357 543 441 447 1038 157 672 
0	0.0: 965 1 561 477 419 579 202 675 
0	0.0: 1140 12 560 321 441 803 523 1084 
0	0.0: 1118 196 569 317 413 724 526 804 
0	0.0: 1080 321 614 442 446 994 488 754 
0	0.0: 866 266 540 556 437 735 137 1109 
0	0.0: 881 1 580 435 457 1004 390 877 
5	0.0: 1030 167 505 337 452 1297 597 390 
0	0.0: 868 531 491 444 427 892 336 828 
5	0.0: 1038 341 503 293 417 1116 567 650 
0	0.0: 983 175 558 567 424 949 378 1242 
0	0.0: 924 382 515 243 407 722 363 686 
0	0.0: 1054 1 618 371 433 941 62 889 
0	0.0: 915 23 543 457 452 853 289 1004 
0	0.0: 912 161 620 412 412 1203 1 1144 
0	0.0: 871 88 519 420 428 1297 586 937 
0	0.0: 963 143 566 441 427 780 181 791 
0	0.0: 880 197 572 454 446 942 417 841 
0	0.0: 885 308 610 402 468 1089 633 751 
0	0.0: 853 1 678 480 381 865 416 644 
0	0.0: 1063 1 600 377 418 1074 403 714 
0	0.0: 1064 1 514 525 456 1106 201 926 
0	0.0: 1003 187 555 564 467 700 392 930 
0	0.0: 870 219 565 407 433 836 186 943 
0	0.0: 834 403 551 364 440 862 470 1100 
0	0.0: 982 107 509 440 386 820 151 885 
0	0.0: 968 1 559 494 440 800 262 843 
0	0.0: 966 141 595 544 447 887 66 788 
0	0.0: 1022 300 556 433 406 1146 116 592 
0	0.0: 833 40 520 322 454 822 130 984 
0	0.0: 870 1 550 387 395 891 33 1006 
0	0.0: 931 51 554 607 421 846 304 821 
0	0.0: 1023 207 597 462 392 679 360 798 
0	0.0: 892 453 586 265 405 967 342 753 
0	0.0: 981 1 638 521 440 885 544 668 
0	0.0: 1151 144 535 459 425 1130 2 933 
0	0.0: 986 293 655 586 424 1189 292 775 
0	0.0: 946 1 501 442 446 1009 496 797 
0	0.0: 1040 66 543 478 422 1026 657 803 
0	0.0: 954 22 539 358 405 862 209 731 
0	0.0: 1025 1 568 342 420 941 174 1237 
0	0.0: 1004 541 542 473 432 1052 1 592 
0	0.0: 984 1 501 492 400 852 327 629 
0	0.0: 1097 118 533 461 449 907 1 1210 
0	0.0: 910 1 551 300 395 1028 1 730 
0	0.0: 1021 190 513 421 418 894 497 714 
0	0.0: 947 107 592 291 406 936 207 752 
0	0.0: 1081 290 572 411 435 1001 457 880 
0	0.0: 928 336 515 491 435 1012 528 999 
0	0.0: 876 211 566 522 464 920 412 861 
0	0.0: 1078 226 580 542 402 1016 1 793 
0	0.0: 1127 1 519 390 422 656 532 856 
0	0.0: 810 107 522 358 430 748 175 1004 
0	0.0: 922 9 565 465 448 966 170 925 
0	0.0: 794 1 545 551 423 889 345 619 
0	0.0: 1089 1 559 387 447 1016 345 979 
0	0.0: 1007 97 516 361 459 722 297 641 
0	0.0: 1017 1 577 452 402 796 423 881 
0	0.0: 1007 26 518 438 441 988 595 1057 
0	0.0: 899 10 590 350 398 1169 169 773 
0	0.0: 1027 242 559 492 411 943 400 744 
0	0.0: 912 1 516 223 444 989 314 1072 
0	0.0: 1010 43 615 417 417 1008 83 1171 
0	0.0: 965 1 570 602 383 1052 250 909 
0	0.0: 995 21 611 525 407 1075 233 896 
0	0.0: 1249 158 559 425 410 1015 387 757 
0	0.0: 913 1 551 413 436 997 447 427 
0	0.0: 1001 482 580 518 458 945 335 802 
0	0.0: 1078 59 562 516 391 1026 293 764 
0	0.0: 964 243 464 476 399 1006 217 911 
0	0.0: 925 1 610 361 427 762 1 1166 
0	0.0: 948 50 617 494 491 1165 115 1008 
0	0.0: 951 111 537 517 437 1154 1 1024 
0	0.0: 939 36 577 464 403 844 472 978 
0	0.0: 1024 1 610 459 408 1180 770 795 
0	0.0: 916 1 604 504 435 894 507 783 
0	0.0: 928 1 569 482 423 709 578 975 
0	0.0: 1021 1 604 371 401 1080 1 769 
0	0.0: 965 20 510 439 444 884 495 902 
0	0.0: 918 137 601 404 417 541 415 918 
0	0.0: 913 1 538 416 419 1060 107 829 
0	0.0: 811 1 579 444 434 1013 102 808 
0	0.0: 1019 75 550 478 419 729 1 985 
0	0.0: 1019 416 632 666 443 780 341 979 
0	0.0: 807 1 548 398 417 865 501 792 
0	0.0: 935 96 561 413 397 875 494 905 
0	0.0: 785 58 544 348 469 707 289 857 
0	0.0: 1018 258 571 500 423 935 37 862 
0	0.0: 921 1 513 413 405 1021 350 1117 
0	0.0: 1149 1 606 579 394 906 80 708 
0	0.0: 843 117 545 337 416 1008 266 1000 
0	0.0: 995 1 572 386 414 1149 2 882 
0	0.0: 846 209 576 627 416 877 1 649 
0	0.0: 967 95 627 386 406 1006 579 972 
0	0.0: 896 91 577 423 408 876 482 612 
0	0.0: 869 1 554 429 423 731 237 734 
0	0.0: 939 6 609 494 474 1003 180 860 
0	0.0: 1033 73 588 544 411 1082 389 869 
0	0.0: 909 227 513 431 420 978 462 537 
0	0.0: 910 337 549 430 442 1039 411 1062 
0	0.0: 1043 1 557 413 401 937 468 1130 
0	0.0: 916 77 546 433 440 1037 1 495 
0	0.0: 889 98 583 497 405 908 288 687 
0	0.0: 895 304 515 483 414 1047 32 854 
0	0.0: 883 1 533 350 460 1103 111 998 
0	0.0: 996 2 639 521 462 1312 124 923 
0	0.0: 874 271 535 419 432 1180 220 706 
0	0.0: 945 131 571 556 443 929 192 725 
0	0.0: 867 445 553 395 350 654 271 988 
0	0.0: 930 95 608 289 429 944 80 780 
0	0.0: 870 64 525 503 426 918 149 604 
0	0.0: 843 225 623 459 387 1012 234 838 
0	0.0: 949 242 578 277 454 823 214 796 
0	0.0: 840 1 604 447 367 986 285 726 
0	0.0: 944 420 643 326 437 839 472 871 
0	0.0: 1002 11 532 350 438 987 464 1064 
0	0.0: 963 302 576 358 387 893 368 877 
0	0.0: 1019 1 500 406 414 968 598 864 
0	0.0: 953 240 564 354 432 735 529 888 
0	0.0: 1102 274 550 364 388 756 368 686 
0	0.0: 1002 309 500 335 467 1055 426 1192 
0	0.0: 899 11 574 456 431 1015 294 892 
0	0.0: 948 149 607 423 369 943 482 812 
0	0.0: 908 1 563 473 430 877 164 859 
0	0.0: 933 115 563 404 435 959 553 923 
0	0.0: 971 235 543 407 421 897 73 740 
0	0.0: 925 1 580 405 469 1112 166 862 
0	0.0: 945 1 601 309 407 1107 303 669 
0	0.0: 908 439 502 476 401 1293 462 1036 
0	0.0: 961 1 535 364 348 787 309 828 
0	0.0: 773 1 576 330 474 1008 50 781 
0	0.0: 843 211 572 301 429 867 1 1003 
0	0.0: 1004 157 541 418 441 978 241 935 
0	0.0: 1003 1 583 469 374 769 214 923 
0	0.0: 977 1 524 390 392 763 1 634 
0	0.0: 1024 322 619 634 405 1013 338 812 
0	0.0: 1047 399 566 369 470 891 232 749 
0	0.0: 799 1 585 512 431 985 368 659 
0	0.0: 967 25 486 438 478 831 219 548 
0	0.0: 857 1 517 424 439 895 275 810 
0	0.0: 829 415 588 488 415 1040 40 741 
0	0.0: 726 301 588 472 441 542 725 625 
0	0.0: 986 307 584 556 421 883 223 945 
0	0.0: 728 150 622 659 395 790 193 722 
0	0.0: 798 1 548 357 447 818 559 693 
0	0.0: 873 91 565 557 437 742 327 1209 
0	0.0: 905 309 555 515 478 984 1 495 
0	0.0: 937 1 524 323 404 982 574 850 
0	0.0: 953 131 502 494 414 998 523 821 
0	0.0: 1078 345 550 479 408 874 321 653 
0	0.0: 919 99 536 481 419 863 119 936 
0	0.0: 853 182 509 422 432 956 490 899 
0	0.0: 935 57 510 350 404 1060 647 600 
0	0.0: 940 201 637 527 451 1099 410 893 
0	0.0: 1041 406 550 431 400 877 1 876 
0	0.0: 1048 1 508 329 395 875 504 890 
0	0.0: 1049 617 621 468 438 757 309 858 
0	0.0: 953 18 566 351 474 950 241 679 
0	0.0: 953 88 523 533 418 893 194 857 
0	0.0: 1023 108 615 450 423 1148 193 845 
0	0.0: 925 63 583 358 442 987 188 891 
0	0.0: 911 1 587 401 442 880 118 874 
0	0.0: 886 104 465 426 418 773 102 757 
0	0.0: 922 213 589 368 441 956 393 958 
0	0.0: 840 1 608 437 390 629 115 1163 
0	0.0: 830 180 555 503 483 1033 520 916 
0	0.0: 943 116 539 501 419 1165 447 751 
0	0.0: 961 68 577 332 426 1061 346 658 
0	0.0: 1063 1 629 471 378 837 31 594 
0	0.0: 867 1 521 388 408 958 169 1041 
0	0.0: 905 436 547 500 462 1073 1 962 
0	0.0: 951 221 510 333 442 924 441 1162 
0	0.0: 958 369 523 364 461 842 157 1012 
0	0.0: 984 294 528 386 414 900 208 690 
0	0.0: 1018 247 538 505 410 659 370 698 
0	0.0: 897 223 578 432 395 942 280 839 
0	0.0: 1004 110 638 354 436 725 242 369 
0	0.0: 960 18 536 545 459 1004 278 863 
0	0.0: 858 185 555 553 440 888 1 1106 
0	0.0: 980 1 572 500 406 1024 294 725 
0	0.0: 1020 424 582 462 414 958 327 693 
0	0.0: 870 235 541 447 454 1129 216 790 
0	0.0: 927 45 549 423 432 804 314 912 
0	0.0: 995 133 520 439 440 1108 496 1015 
0	0.0: 1072 1 553 284 450 1006 182 713 
0	0.0: 937 49 581 277 448 1092 1 781 
0	0.0: 802 1 557 281 380 825 556 635 
0	0.0: 802 1 536 446 384 975 132 900 
0	0.0: 959 1 525 382 430 847 399 318 
0	0.0: 967 71 557 450 396 892 1 836 
0	0.0: 885 75 578 284 408 866 289 828 
0	0.0: 879 126 521 462 435 773 45 799 
0	0.0: 976 1 532 412 426 1020 370 808 
0	0.0: 1058 1 581 359 407 870 448 687 
0	0.0: 929 75 522 410 454 1058 97 671 
0	0.0: 1028 328 570 326 419 1120 30 1090 
0	0.0: 1077 101 625 460 485 844 210 701 
0	0.0: 941 1 558 468 437 1146 304 822 
0	0.0: 912 1 559 466 385 833 244 1021 
0	0.0: 791 1 586 450 464 1029 230 906 
0	0.0: 1112 327 587 398 366 1086 371 685 
0	0.0: 879 45 556 332 428 771 376 1011 
0	0.0: 965 1 531 431 404 1041 313 1084 
0	0.0: 1069 1 516 459 479 993 154 738 
0	0.0: 989 465 537 381 461 778 317 993 
0	0.0: 1044 22 564 439 380 816 894 964 
0	0.0: 759 256 540 438 464 773 193 565 
1	0.0: 898 323 548 328 451 1052 312 391 
0	0.0: 999 1 498 464 482 1087 275 937 
0	0.0: 1079 1 584 466 403 747 96 822 
0	0.0: 898 1 574 591 446 956 486 900 
0	0.0: 954 1 554 380 423 1009 605 689 
0	0.0: 908 215 549 447 461 744 326 941 
0	0.0: 924 16 494 437 457 816 306 778 
0	0.0: 1022 33 629 413 409 1011 333 508 
0	0.0: 889 198 512 522 419 1148 328 1131 
0	0.0: 934 1 547 426 425 917 257 594 
0	0.0: 877 26 564 432 476 1068 138 808 
0	0.0: 1074 57 532 429 422 748 730 625 
0	0.0: 923 1 640 442 407 863 30 782 
0	0.0: 975 16 513 448 366 842 77 886 
0	0.0: 940 151 578 365 411 917 659 632 
0	0.0: 1094 1 602 535 423 1004 468 1036 
0	0.0: 824 125 598 521 480 917 211 787 
0	0.0: 771 1 524 349 465 1242 103 1023 
0	0.0: 834 121 578 450 430 840 485 669 
0	0.0: 970 173 603 287 431 1032 349 814 
0	0.0: 988 144 525 308 418 1048 143 663 
0	0.0: 913 354 552 453 432 934 203 660 
0	0.0: 943 304 559 430 406 895 510 799 
0	0.0: 1065 1 497 396 434 949 621 1024 
0	0.0: 962 1 546 499 458 903 22 816 
0	0.0: 990 109 498 506 434 972 305 1023 
0	0.0: 882 16 579 395 448 736 274 597 
0	0.0: 746 1 477 416 425 1441 520 975 
0	0.0: 987 59 534 399 386 979 360 982 
0	0.0: 949 210 572 380 461 870 340 463 
0	0.0: 828 191 552 379 440 1029 190 856 
0	0.0: 749 48 485 401 427 791 23 843 
0	0.0: 789 411 620 422 408 1214 1 890 
0	0.0: 926 455 591 397 442 797 345 765 
0	0.0: 828 64 581 336 393 981 1 810 
0	0.0: 1069 97 594 428 388 824 20 885 
0	0.0: 1011 132 618 402 418 1149 154 875 
0	0.0: 991 204 550 519 435 724 305 705 
0	0.0: 1070 1 522 438 409 723 120 1154 
0	0.0: 946 256 592 461 419 981 394 1166 
0	0.0: 929 17 517 467 441 1015 263 914 
0	0.0: 845 344 502 469 464 976 347 701 
0	0.0: 920 426 614 402 422 970 295 998 
0	0.0: 921 1 565 527 408 1148 217 845 
0	0.0: 803 86 509 386 410 857 357 580 
0	0.0: 1005 364 551 434 372 1065 371 1151 
0	0.0: 895 125 472 423 421 921 320 280 
0	0.0: 981 378 612 378 427 805 75 971 
0	0.0: 892 1 480 418 383 967 609 982 
0	0.0: 965 178 587 381 415 847 488 809 
0	0.0: 909 275 562 408 407 778 298 971 
0	0.0: 953 1 615 391 335 1209 259 846 
0	0.0: 963 30 557 368 440 888 197 1083 
0	0.0: 919 1 549 356 431 945 385 1062 
0	0.0: 883 131 505 450 408 883 168 814 
0	0.0: 934 355 619 450 381 1072 76 962 
0	0.0: 963 1 580 499 384 1208 530 816 
0	0.0: 918 287 548 485 397 777 229 850 
0	0.0: 984 158 586 675 463 1049 172 682 
0	0.0: 815 607 593 280 375 1057 326 735 
0	0.0: 850 130 617 468 409 1153 263 830 
0	0.0: 900 96 548 432 414 965 459 900 
0	0.0: 923 65 555 444 410 745 205 783 
0	0.0: 780 266 599 334 466 1185 528 961 
0	0.0: 873 1 617 457 412 869 225 900 
0	0.0: 829 1 538 350 437 1277 384 937 
0	0.0: 776 450 581 439 388 843 317 911 
0	0.0: 964 364 574 336 454 1013 348 1073 
0	0.0: 955 150 550 328 446 771 421 624 
0	0.0: 1011 165 558 438 391 1204 205 1070 
0	0.0: 757 11 548 488 422 771 1 635 
0	0.0: 1021 1 637 481 421 1097 1 909 
0	0.0: 723 27 526 412 422 943 454 1039 
0	0.0: 897 1 543 494 396 571 358 919 
0	0.0: 1033 145 574 341 401 986 372 1002 
0	0.0: 943 1 599 456 412 893 895 791 
0	0.0: 970 183 497 394 440 1045 231 637 
0	0.0: 919 1 523 384 412 944 1 1097 
0	0.0: 1041 1 513 482 455 874 382 985 
0	0.0: 843 98 607 467 395 964 604 1089 
0	0.0: 902 143 565 428 405 1036 67 527 
0	0.0: 951 1 522 414 400 758 32 712 
0	0.0: 1039 1 504 459 450 814 636 613 
0	0.0: 884 81 540 373 423 745 837 684 
0	0.0: 717 280 554 331 370 786 337 961 
0	0.0: 892 1 599 463 406 1013 309 704 
0	0.0: 947 95 589 317 395 951 430 907 
0	0.0: 892 195 517 503 414 1244 305 985 
0	0.0: 1058 1 583 408 421 971 341 762 
0	0.0: 1005 231 648 391 435 938 223 947 
0	0.0: 1027 224 593 374 435 988 539 706 
0	0.0: 909 1 600 226 379 1031 333 812 
0	0.0: 1048 321 562 489 447 823 400 948 
0	0.0: 878 269 528 438 420 1011 316 816 
0	0.0: 974 112 596 488 416 1024 160 829 
0	0.0: 895 1 556 298 459 913 409 1089 
0	0.0: 924 1 488 578 422 765 201 1053 
0	0.0: 901 1 582 380 396 950 273 886 
0	0.0: 1000 342 518 438 436 901 247 780 
0	0.0: 975 1 523 364 404 984 17 1053 
0	0.0: 958 1 578 516 419 849 37 752 
0	0.0: 788 1 605 440 362 770 123 885 
0	0.0: 858 1 508 463 473 1023 257 1028 
0	0.0: 913 369 593 397 433 977 365 1119 
0	0.0: 850 233 573 337 421 1055 1 986 
0	0.0: 830 273 531 355 433 1127 1 778 
0	0.0: 894 1 544 531 409 925 218 877 
0	0.0: 898 1 543 377 413 1164 304 673 
0	0.0: 857 1 626 333 494 1167 186 973 
0	0.0: 922 5 634 531 396 1016 449 604 
0	0.0: 786 1 503 427 452 723 329 840 
0	0.0: 838 1 579 418 460 859 371 605 
0	0.0: 827 190 542 440 436 959 517 944 
0	0.0: 932 101 485 415 418 790 58 791 
0	0.0: 1004 1 510 528 456 861 457 1058 
0	0.0: 988 1 501 490 378 1050 279 788 
0	0.0: 877 199 573 458 415 644 170 779 
0	0.0: 1003 160 587 409 417 933 321 692 
0	0.0: 1013 282 562 483 422 969 506 1029 
0	0.0: 874 212 533 374 442 1026 418 881 
0	0.0: 950 1 632 419 416 600 366 1193 
0	0.0: 838 1 584 431 438 1179 258 921 
0	0.0: 906 1 575 595 376 816 323 870 
0	0.0: 867 1 592 311 375 1005 571 989 
0	0.0: 994 295 503 356 442 751 382 812 
0	0.0: 931 162 544 458 403 683 117 1108 
0	0.0: 887 181 584 586 432 1008 39 821 
0	0.0: 1089 1 535 436 408 984 1 771 
0	0.0: 898 131 603 400 383 733 362 759 
0	0.0: 884 1 591 424 386 437 187 863 
0	0.0: 937 1 589 433 418 1252 807 1046 
0	0.0: 972 1 539 492 418 977 361 695 
0	0.0: 936 231 552 428 410 958 200 261 
0	0.0: 893 143 513 272 423 1155 413 647 
0	0.0: 990 107 500 572 460 977 278 931 
0	0.0: 931 46 550 379 450 908 192 911 
0	0.0: 855 32 536 387 399 1055 539 1281 
0	0.0: 832 119 588 507 434 688 125 735 
0	0.0: 771 124 553 484 439 1087 324 1086 
0	0.0: 859 1 528 324 448 882 331 1057 
0	0.0: 859 1 600 389 455 765 124 763 
0	0.0: 899 154 542 451 394 824 175 868 
0	0.0: 1042 124 491 375 462 915 434 557 
0	0.0: 819 352 610 471 440 881 146 977 
0	0.0: 877 1 577 383 443 1001 152 485 
0	0.0: 803 65 603 397 424 845 1 1098 
0	0.0: 1083 1 537 501 465 833 389 1079 
0	0.0: 820 1 518 393 403 1008 109 1057 
0	0.0: 936 272 597 488 410 969 452 907 
0	0.0: 929 190 599 447 414 735 217 561 
0	0.0: 956 154 617 496 401 824 494 688 
0	0.0: 1000 38 603 338 401 669 1 1006 
0	0.0: 816 35 645 447 455 946 446 800 
0	0.0: 919 216 575 459 458 847 116 1016 
0	0.0: 782 236 597 408 396 953 117 590 
0	0.0: 876 251 533 414 448 1052 164 784 
0	0.0: 1018 1 523 344 445 1002 267 1020 
0	0.0: 1004 28 538 317 489 1089 591 772 
0	0.0: 860 1 488 602 420 924 18 935 
0	0.0: 989 25 603 496 428 991 155 751 
0	0.0: 1030 1 525 371 469 968 508 699 
0	0.0: 941 300 481 438 408 843 146 1053 
0	0.0: 813 1 559 408 393 856 160 955 
0	0.0: 986 35 473 545 451 722 198 873 
0	0.0: 1084 345 529 397 428 775 231 900 
0	0.0: 994 1 543 388 450 956 450 911 
0	0.0: 1198 362 543 553 380 974 261 924 
0	0.0: 893 1 544 375 485 640 122 368 
0	0.0: 992 88 577 505 434 867 271 962 
0	0.0: 763 164 523 345 417 1219 263 981 
0	0.0: 864 190 522 344 443 1079 352 909 
0	0.0: 1001 1 562 424 426 750 256 767 
0	0.0: 869 1 544 488 444 996 190 924 
0	0.0: 892 61 534 459 427 935 375 662 
0	0.0: 989 82 442 530 447 1116 235 843 
0	0.0: 850 1 521 449 418 1021 347 822 
0	0.0: 1055 1 599 373 395 814 322 645 
0	0.0: 952 213 562 378 384 648 171 905 
0	0.0: 809 432 587 563 416 806 333 484 
0	0.0: 997 1 584 530 398 1112 36 734 
0	0.0: 887 249 599 358 455 822 244 792 
0	0.0: 977 1 532 490 500 947 179 862 
0	0.0: 945 280 531 386 426 818 327 534 
0	0.0: 929 1 624 335 446 898 428 759 
0	0.0: 973 37 551 385 460 945 92 914 
0	0.0: 876 1 497 356 418 977 94 507 
0	0.0: 1015 53 574 438 431 1028 150 821 
0	0.0: 952 1 547 413 402 754 346 540 
0	0.0: 936 407 606 446 397 1164 322 1019 
0	0.0: 1004 461 575 454 400 1027 316 1035 
0	0.0: 864 284 557 440 452 682 552 882 
0	0.0: 874 303 535 387 405 900 491 626 
0	0.0: 910 114 569 510 458 877 411 877 
0	0.0: 764 125 594 327 407 940 223 837 
0	0.0: 995 1 597 299 368 606 128 870 
0	0.0: 917 69 566 191 493 1083 105 952 
0	0.0: 956 1 576 446 427 807 1 926 
0	0.0: 1100 1 510 357 400 1033 1 1072 
0	0.0: 1032 1 525 413 405 974 86 900 
0	0.0: 1023 1 508 472 436 916 169 631 
0	0.0: 915 137 589 293 422 810 549 691 
0	0.0: 837 260 611 428 412 786 401 881 
0	0.0: 1120 1 539 584 439 854 29 996 
0	0.0: 1039 32 569 368 441 922 1 825 
0	0.0: 971 145 529 404 468 1018 457 704 
0	0.0: 763 589 549 441 436 922 329 942 
0	0.0: 867 115 515 423 434 1102 29 805 
0	0.0: 862 200 579 481 396 1073 484 918 
0	0.0: 852 1 526 534 411 1031 345 605 
0	0.0: 1034 296 544 463 454 1081 367 915 
0	0.0: 935 174 559 380 423 997 141 733 
0	0.0: 884 159 606 409 419 652 474 885 
0	0.0: 828 1 595 482 447 986 403 844 
0	0.0: 1081 1 607 471 411 1006 379 901 
0	0.0: 840 1 565 422 409 1135 165 789 
0	0.0: 952 1 532 356 423 1112 554 769 
0	0.0: 1005 68 564 466 409 1109 332 1121 
0	0.0: 995 1 478 302 458 837 1 917 
0	0.0: 935 135 595 493 408 1037 266 790 
0	0.0: 972 184 604 208 412 719 210 1030 
0	0.0: 920 1 520 382 451 796 155 885 
0	0.0: 1087 119 638 433 427 1070 82 949 
0	0.0: 1018 327 515 395 449 703 190 691 
0	0.0: 1126 412 527 334 400 1172 279 884 
0	0.0: 924 15 535 472 415 804 278 1135 
0	0.0: 983 52 534 534 440 851 718 841 
0	0.0: 1075 204 601 426 429 963 138 1039 
0	0.0: 945 1 552 503 431 912 249 673 
0	0.0: 955 303 600 498 383 1114 491 636 
0	0.0: 785 1 518 539 448 734 1 743 
0	0.0: 969 1 582 532 442 992 169 626 
0	0.0: 842 260 537 503 412 823 381 815 
0	0.0: 1071 15 486 374 408 1035 1 857 
0	0.0: 1038 1 623 510 433 1193 362 957 
0	0.0: 1065 1 581 452 371 872 331 988 
0	0.0: 899 266 570 416 444 959 7 641 
0	0.0: 931 142 560 501 409 929 236 1003 
0	0.0: 862 1 587 450 376 1295 341 1130 
0	0.0: 817 1 550 578 354 1024 152 739 
0	0.0: 964 279 528 470 393 977 383 904 
0	0.0: 908 1 504 385 407 1026 440 892 
0	0.0: 1154 251 623 451 465 903 504 1030 
0	0.0: 902 481 591 443 419 1060 201 846 
0	0.0: 1104 1 596 225 442 836 261 781 
0	0.0: 1007 275 606 243 462 722 1 989 
0	0.0: 888 1 584 489 401 974 1 761 
0	0.0: 863 114 606 450 444 812 674 908 
0	0.0: 1039 1 550 414 431 1055 139 879 
0	0.0: 1060 394 489 442 424 991 242 877 
0	0.0: 795 6 524 405 430 885 1 726 
0	0.0: 1008 63 487 452 403 758 247 551 
0	0.0: 963 1 518 397 446 797 319 787 
0	0.0: 944 1 518 376 491 922 397 703 
0	0.0: 1003 156 622 328 439 1034 305 723 
0	0.0: 830 116 580 387 410 858 395 1071 
0	0.0: 954 1 510 432 394 1183 86 637 
0	0.0: 895 1 509 316 414 995 174 624 
0	0.0: 847 443 560 385 408 880 126 956 
0	0.0: 954 101 555 347 422 795 295 674 
0	0.0: 866 181 522 482 404 1330 378 1168 
0	0.0: 1025 1 601 512 438 894 513 842 
0	0.0: 1006 174 522 359 413 807 159 808 
0	0.0: 898 368 594 421 480 1068 272 857 
0	0.0: 980 118 591 296 415 1013 314 773 
0	0.0: 1018 220 631 479 398 1097 240 667 
0	0.0: 1038 272 633 413 358 1020 101 1045 
0	0.0: 923 38 597 350 349 1070 79 603 
0	0.0: 980 175 504 514 387 912 514 1212 
0	0.0: 965 88 563 314 451 773 409 973 
0	0.0: 765 1 546 428 389 1084 511 702 
0	0.0: 999 126 491 430 428 856 424 819 
0	0.0: 956 156 541 371 432 1029 1 661 
0	0.0: 875 1 561 329 384 1028 335 944 
0	0.0: 1087 1 524 483 461 789 192 964 
0	0.0: 954 1 584 411 414 906 515 504 
0	0.0: 1019 148 552 382 409 970 123 1066 
0	0.0: 842 343 548 525 421 749 456 987 
0	0.0: 939 1 573 427 413 1135 167 720 
0	0.0: 1020 96 579 445 474 1057 672 975 
0	0.0: 897 181 508 472 437 1017 174 590 
0	0.0: 910 1 526 423 426 1034 523 782 
0	0.0: 927 119 532 400 442 937 279 1058 
0	0.0: 949 299 598 408 428 943 273 852 
0	0.0: 938 304 542 444 427 942 146 1036 
0	0.0: 882 541 520 563 484 834 209 515 
0	0.0: 878 8 569 496 410 943 1 549 
0	0.0: 809 366 558 285 441 1142 169 920 
0	0.0: 950 2 559 447 441 828 40 1038 
0	0.0: 781 354 584 334 434 849 559 907 
0	0.0: 796 8 576 480 419 932 399 883 
0	0.0: 857 131 504 322 421 736 160 760 
0	0.0: 898 96 527 319 424 978 228 972 
0	0.0: 908 112 550 442 438 1080 21 678 
0	0.0: 834 95 593 395 453 825 52 990 
0	0.0: 880 95 612 426 419 706 572 435 
0	0.0: 1033 402 579 557 419 904 493 1014 
0	0.0: 964 216 587 405 423 1021 298 792 
0	0.0: 913 10 575 361 459 813 277 851 
0	0.0: 973 476 536 385 405 1082 264 641 
0	0.0: 991 311 582 361 408 1051 331 726 
0	0.0: 927 1 567 447 407 1068 175 711 
0	0.0: 804 1 575 508 391 751 231 690 
0	0.0: 884 1 477 365 472 800 485 807 
0	0.0: 924 1 578 548 425 975 227 1039 
0	0.0: 1058 217 583 485 388 1225 449 925 
0	0.0: 872 7 571 461 390 920 371 988 
0	0.0: 978 190 506 437 445 1072 291 786 
0	0.0: 1044 1 520 479 425 1157 122 399 
0	0.0: 1075 89 488 405 453 879 164 648 
0	0.0: 910 1 501 432 421 878 268 799 
0	0.0: 1005 139 584 377 444 940 295 755 
0	0.0: 816 1 554 574 433 945 398 974 
0	0.0: 827 259 504 320 398 991 588 769 
0	0.0: 1124 87 585 392 427 920 1 980 
0	0.0: 963 123 651 506 389 881 348 675 
0	0.0: 891 215 602 387 423 1136 1 654 
0	0.0: 903 35 567 429 364 1057 529 797 
0	0.0: 934 193 547 378 418 943 385 975 
0	0.0: 889 367 520 498 416 1097 417 902 
5	0.0: 1039 1 543 373 429 1008 682 438 
0	0.0: 997 394 478 389 447 1189 547 987 
0	0.0: 1025 236 581 355 394 1012 355 942 
0	0.0: 1123 61 560 394 416 939 359 893 
0	0.0: 879 118 513 449 429 952 482 980 
0	0.0: 1026 1 517 435 476 911 515 940 
0	0.0: 1004 1 537 466 411 1023 111 898 
0	0.0: 789 72 513 389 398 944 554 777 
0	0.0: 1047 1 564 410 438 616 67 919 
0	0.0: 944 1 577 366 427 1052 274 690 
0	0.0: 1001 1 591 356 460 1066 1 1032 
0	0.0: 863 125 494 523 411 938 335 877 
0	0.0: 1021 101 527 320 385 1070 537 727 
0	0.0: 913 153 534 413 450 804 81 1079 
0	0.0: 754 173 562 426 412 812 227 963 
0	0.0: 804 1 535 563 393 907 506 727 
0	0.0: 905 196 574 468 411 915 191 760 
0	0.0: 798 173 550 414 441 887 451 592 
0	0.0: 1008 1 552 322 428 929 1 1168 
0	0.0: 808 51 563 379 434 1084 503 999 
0	0.0: 874 247 495 516 416 956 240 943 
0	0.0: 912 177 581 436 443 1086 194 942 
0	0.0: 973 143 636 333 404 1024 416 684 
0	0.0: 890 73 521 456 420 774 333 876 
0	0.0: 955 112 525 451 389 843 364 696 
0	0.0: 913 110 604 479 427 762 119 687 
0	0.0: 932 1 562 388 454 572 500 1131 
0	0.0: 952 163 514 430 408 960 310 1047 
0	0.0: 1011 1 673 412 430 821 342 540 
0	0.0: 955 204 518 373 451 1054 54 876 
0	0.0: 970 1 584 513 443 720 67 844 
0	0.0: 1029 1 512 554 422 871 199 766 
0	0.0: 1057 124 476 558 484 922 483 866 
0	0.0: 1018 208 578 430 431 978 175 733 
0	0.0: 977 1 490 520 418 721 244 889 
0	0.0: 835 1 516 447 474 1127 171 971 
0	0.0: 1013 1 540 546 412 780 270 888 
0	0.0: 1054 289 537 454 467 921 325 881 
0	0.0: 916 179 470 358 393 741 420 702 
0	0.0: 893 77 646 307 387 961 552 602 
0	0.0: 818 1 526 406 406 1175 390 504 
0	0.0: 895 225 540 359 433 874 62 1017 
0	0.0: 878 205 582 424 473 1160 155 565 
0	0.0: 972 1 556 435 437 829 330 1008 
0	0.0: 865 376 585 457 402 921 461 1027 
0	0.0: 962 39 496 445 414 832 535 851 
0	0.0: 1036 119 552 374 451 736 262 911 
0	0.0: 1119 1 549 294 470 975 249 476 
0	0.0: 800 123 569 445 414 1100 145 942 
0	0.0: 1125 327 559 479 420 767 170 784 
0	0.0: 884 1 534 544 477 948 694 862 
0	0.0: 979 433 526 369 431 903 375 885 
0	0.0: 1054 45 582 439 386 895 212 799 
0	0.0: 1023 334 614 393 481 866 185 821 
0	0.0: 1116 35 539 473 412 752 654 738 
0	0.0: 743 1 568 331 435 773 167 793 
0	0.0: 1071 248 545 372 454 784 149 727 
0	0.0: 835 1 441 485 464 966 253 835 
0	0.0: 1059 255 585 451 457 975 459 858 
0	0.0: 858 148 560 393 403 748 620 1002 
0	0.0: 997 413 600 513 400 695 442 931 
0	0.0: 1061 1 569 465 427 994 1 478 
0	0.0: 840 117 597 268 423 1050 212 826 
0	0.0: 861 123 498 637 433 1116 366 850 
0	0.0: 1103 1 575 450 418 716 1 882 
0	0.0: 950 1 568 450 425 784 285 854 
0	0.0: 768 1 504 434 452 797 463 824 
0	0.0: 878 430 589 380 416 705 350 887 
0	0.0: 818 56 575 545 422 1315 574 704 
0	0.0: 896 51 594 394 455 1011 114 667 
0	0.0: 899 1 570 408 414 1055 295 974 
0	0.0: 876 1 573 385 437 939 147 869 
0	0.0: 866 48 558 460 434 840 569 883 
0	0.0: 943 1 569 432 479 987 248 749 
0	0.0: 963 158 623 429 439 904 28 982 
0	0.0: 1003 1 495 409 431 769 449 691 
0	0.0: 999 1 613 418 426 1121 495 646 
0	0.0: 980 281 547 250 432 994 149 958 
0	0.0: 1179 175 617 314 402 838 78 674 
0	0.0: 929 1 570 338 427 709 203 837 
0	0.0: 973 132 477 474 384 856 332 688 
0	0.0: 979 274 539 393 393 1156 387 887 
1	0.0: 875 11 481 271 413 1145 580 615 
0	0.0: 1066 1 532 592 451 844 594 813 
0	0.0: 903 195 650 314 375 944 1 810 
0	0.0: 839 113 557 496 471 1141 276 915 
0	0.0: 1011 93 561 433 386 587 1 809 
0	0.0: 942 163 532 530 466 1012 190 956 
0	0.0: 824 482 531 453 438 919 455 928 
0	0.0: 894 1 599 401 415 1126 170 606 
0	0.0: 969 189 571 523 466 787 92 927 
0	0.0: 950 1 581 472 429 1090 273 1072 
0	0.0: 1078 142 530 427 456 933 226 638 
0	0.0: 679 1 485 603 414 998 712 792 
0	0.0: 829 462 548 477 416 1109 447 857 
0	0.0: 887 492 572 420 467 659 143 703 
0	0.0: 955 1 567 444 390 788 180 852 
0	0.0: 992 1 529 439 439 891 398 911 
0	0.0: 990 117 513 411 405 1114 213 910 
0	0.0: 1011 72 545 420 418 778 405 1197 
0	0.0: 1029 1 570 352 398 932 134 1033 
0	0.0: 985 56 614 380 415 826 143 995 
0	0.0: 943 162 556 444 407 1046 132 918 
0	0.0: 955 1 578 512 434 790 80 805 
0	0.0: 844 145 542 583 446 891 624 735 
0	0.0: 919 72 555 320 454 944 97 1095 
0	0.0: 901 31 626 487 434 816 155 950 
0	0.0: 981 1 617 384 439 1006 144 670 
0	0.0: 921 298 559 483 402 1121 317 964 
0	0.0: 860 6 607 386 400 600 360 1101 
0	0.0: 889 270 623 497 421 820 239 998 
0	0.0: 965 540 560 437 392 941 11 866 
0	0.0: 1007 1 564 283 419 1083 195 1054 
0	0.0: 1001 289 518 493 428 1031 393 409 
0	0.0: 937 214 577 419 444 780 301 827 
0	0.0: 959 169 559 387 443 1034 152 1062 
0	0.0: 883 115 525 456 441 824 355 916 
0	0.0: 918 117 586 427 411 702 164 830 
0	0.0: 992 1 573 530 415 712 32 940 
0	0.0: 991 1 539 423 452 882 47 985 
0	0.0: 906 1 542 525 423 733 505 824 
0	0.0: 974 1 585 448 440 963 237 734 
0	0.0: 987 336 523 511 442 690 249 1150 
0	0.0: 978 62 579 454 382 962 418 1214 
0	0.0: 808 290 439 451 404 900 58 822 
0	0.0: 923 263 566 523 410 753 297 707 
0	0.0: 942 106 556 414 405 892 111 1154 
0	0.0: 875 512 530 474 459 947 418 757 
0	0.0: 893 1 547 360 403 877 1 1048 
0	0.0: 801 1 539 440 460 1008 329 873 
0	0.0: 1069 264 590 391 391 829 376 1128 
0	0.0: 883 1 555 307 388 1153 154 1128 
0	0.0: 953 167 533 491 414 986 502 658 
0	0.0: 1052 206 511 459 414 961 304 751 
0	0.0: 1114 376 591 574 396 935 605 903 
0	0.0: 861 1 583 533 427 836 1 639 
0	0.0: 998 1 574 306 399 623 720 844 
0	0.0: 974 186 562 375 407 1118 514 679 
0	0.0: 870 1 528 359 429 996 243 876 
0	0.0: 970 199 598 474 419 997 534 837 
0	0.0: 870 1 557 392 438 1074 1 635 
0	0.0: 1069 484 570 397 398 1008 295 919 
0	0.0: 949 14 555 416 443 994 477 1129 
0	0.0: 964 53 592 456 406 863 255 849 
0	0.0: 951 262 529 396 404 843 294 920 
0	0.0: 941 147 546 472 448 1220 281 781 
0	0.0: 916 1 542 327 416 1086 685 719 
0	0.0: 1059 1 581 446 438 868 1 932 
0	0.0: 1016 262 594 325 376 821 207 1011 
0	0.0: 971 391 506 554 455 958 368 839 
0	0.0: 939 1 573 418 416 898 674 638 
0	0.0: 1009 64 566 447 461 1121 1 649 
0	0.0: 1002 296 564 234 428 867 491 734 
0	0.0: 961 45 507 452 401 730 1 532 
0	0.0: 947 1 500 451 390 790 1 1168 
0	0.0: 985 86 549 462 417 1014 374 862 
0	0.0: 996 45 557 378 387 1040 194 779 
0	0.0: 825 151 531 433 469 673 213 677 
0	0.0: 1036 122 550 358 357 824 579 590 
0	0.0: 885 45 508 416 419 772 1 567 
0	0.0: 1118 227 553 287 444 1006 1 993 
0	0.0: 989 177 585 292 409 1026 1 915 
0	0.0: 1022 143 559 398 403 1008 425 1134 
0	0.0: 946 254 533 258 378 852 455 768 
0	0.0: 975 134 597 284 421 1116 218 875 
0	0.0: 961 388 583 392 407 1045 265 727 
0	0.0: 918 232 550 405 409 1026 330 786 
0	0.0: 897 1 544 518 501 978 96 1109 
0	0.0: 902 1 566 394 403 1136 394 831 
0	0.0: 930 1 562 592 404 777 132 887 
0	0.0: 1019 112 587 359 385 897 151 1146 
0	0.0: 873 1 553 339 380 683 243 979 
0	0.0: 879 283 608 320 474 998 469 1034 
0	0.0: 1055 257 585 478 424 809 287 720 
0	0.0: 1048 395 590 322 460 959 162 818 
0	0.0: 809 107 590 586 431 721 330 689 
0	0.0: 905 120 566 315 345 1038 294 1102 
0	0.0: 952 398 548 303 446 854 369 646 
0	0.0: 979 139 576 319 402 825 503 816 
0	0.0: 861 1 576 410 457 1040 43 944 
0	0.0: 848 154 572 327 396 1119 438 1070 
0	0.0: 873 386 608 377 446 938 287 825 
0	0.0: 1093 1 608 423 475 991 385 1221 
0	0.0: 1033 1 549 466 409 753 1 784 
0	0.0: 947 292 595 390 452 1007 237 860 
0	0.0: 1104 146 574 354 425 951 116 868 
0	0.0: 845 309 618 311 399 924 254 717 
0	0.0: 994 1 556 363 387 851 713 877 
0	0.0: 989 26 605 360 440 696 190 904 
0	0.0: 940 1 602 493 423 1081 434 788 
0	0.0: 899 8 517 443 449 1155 277 578 
0	0.0: 1077 1 524 443 485 792 491 730 
0	0.0: 999 1 518 430 402 1041 576 684 
0	0.0: 803 369 528 415 426 976 1 753 
0	0.0: 987 174 648 382 389 865 123 776 
0	0.0: 842 1 585 402 446 870 519 1125 
0	0.0: 923 134 579 403 389 894 448 1023 
0	0.0: 917 32 623 482 400 685 526 890 
0	0.0: 950 58 626 388 420 915 629 914 
0	0.0: 1044 162 606 525 437 786 317 1126 
0	0.0: 1011 1 502 428 435 993 372 792 
0	0.0: 1018 1 539 457 424 849 21 661 
0	0.0: 1073 239 524 493 431 990 39 721 
0	0.0: 924 213 501 462 449 892 434 931 
0	0.0: 1041 551 568 385 444 821 1 895 
0	0.0: 917 153 561 444 416 865 233 884 
0	0.0: 899 1 551 439 455 1069 526 649 
0	0.0: 999 1 560 428 441 1153 817 847 
0	0.0: 977 307 612 379 408 928 245 925 
0	0.0: 1006 1 564 332 439 842 311 1124 
0	0.0: 823 115 628 403 422 1044 117 1061 
0	0.0: 878 157 534 441 410 927 53 720 
0	0.0: 1023 215 573 269 433 726 204 758 
0	0.0: 1042 1 580 392 430 696 213 818 
0	0.0: 948 57 549 273 452 767 197 985 
0	0.0: 1032 49 604 315 469 1025 18 596 
