3	0.0: 904 419 321 733 364 426 391 783 
3	0.0: 707 234 463 786 493 414 175 870 
3	0.0: 749 353 336 760 366 429 204 797 
0	0.0: 604 347 137 732 398 434 560 1043 
3	0.0: 870 384 413 757 394 420 269 934 
0	0.0: 694 125 364 780 233 439 365 895 
3	0.0: 790 206 192 744 469 423 257 900 
3	0.0: 719 366 185 705 259 427 106 1044 
3	0.0: 743 349 306 752 205 407 1 1083 
3	0.0: 635 247 438 774 438 425 1 897 
3	0.0: 713 316 118 760 586 429 325 1012 
0	0.0: 707 367 382 719 411 437 228 971 
0	0.0: 823 225 226 743 148 430 237 1130 
3	0.0: 763 299 328 783 466 408 378 792 
3	0.0: 846 363 332 716 566 413 8 978 
3	0.0: 724 364 638 776 387 394 40 773 
0	0.0: 645 245 567 751 342 423 416 841 
3	0.0: 486 446 53 773 249 416 445 895 
0	0.0: 571 181 384 750 358 413 1 1346 
3	0.0: 871 256 198 777 67 432 356 1003 
0	0.0: 627 271 396 745 395 437 8 872 
0	0.0: 491 257 286 698 252 404 251 879 
3	0.0: 806 214 214 711 583 431 79 696 
0	0.0: 786 209 305 752 354 430 352 1287 
3	0.0: 621 391 220 725 233 444 6 868 
3	0.0: 613 317 332 753 275 430 185 802 
3	0.0: 787 285 189 766 230 445 378 728 
3	0.0: 776 298 350 767 360 424 178 1036 
0	0.0: 504 276 492 755 338 432 387 481 
0	0.0: 774 198 377 730 503 416 112 1223 
3	0.0: 866 314 208 728 151 415 314 970 
0	0.0: 680 335 48 721 354 430 410 938 
3	0.0: 680 315 301 749 287 418 278 659 
3	0.0: 717 269 339 766 361 432 49 953 
3	0.0: 826 224 181 740 343 429 96 872 
0	0.0: 587 316 351 747 247 441 303 1033 
3	0.0: 741 332 317 738 201 438 294 810 
3	0.0: 716 278 351 744 404 425 302 737 
3	0.0: 760 286 248 753 554 413 35 1058 
3	0.0: 770 302 1 702 412 408 352 1016 
3	0.0: 742 109 252 802 292 406 193 746 
3	0.0: 690 396 240 744 327 428 1 856 
3	0.0: 647 314 140 762 400 429 93 894 
3	0.0: 782 261 24 724 313 428 237 905 
0	0.0: 628 381 241 747 301 445 343 1034 
0	0.0: 718 281 263 761 380 423 266 1008 
3	0.0: 767 383 268 754 473 417 377 890 
3	0.0: 843 204 142 755 247 441 415 884 
0	0.0: 825 212 711 752 457 422 412 966 
0	0.0: 697 310 75 724 426 436 533 1060 
0	0.0: 653 355 541 744 326 401 702 1048 
0	0.0: 639 341 403 752 215 412 359 814 
0	0.0: 852 289 192 753 230 430 237 1192 
3	0.0: 813 286 555 767 172 411 184 954 
0	0.0: 724 370 403 755 366 404 538 953 
0	0.0: 680 351 339 742 239 431 288 1145 
0	0.0: 700 317 503 750 223 424 509 893 
3	0.0: 614 411 283 759 399 417 165 689 
0	0.0: 614 329 322 752 1 421 400 964 
3	0.0: 789 292 407 748 178 432 198 759 
3	0.0: 641 372 355 747 401 443 55 659 
3	0.0: 808 310 233 755 307 435 150 892 
3	0.0: 672 293 154 773 449 419 98 658 
3	0.0: 779 328 285 764 98 414 1 1289 
3	0.0: 629 299 221 766 158 395 1 674 
3	0.0: 736 394 375 773 303 423 1 922 
3	0.0: 709 407 37 757 189 417 452 643 
0	0.0: 624 317 303 721 140 434 210 1143 
3	0.0: 872 332 262 748 308 432 361 898 
0	0.0: 697 357 393 772 188 416 290 1016 
3	0.0: 741 243 197 781 172 458 1 944 
3	0.0: 667 223 427 737 330 412 432 574 
3	0.0: 808 332 295 748 621 427 89 759 
3	0.0: 877 322 173 748 445 423 1 1010 
3	0.0: 755 273 341 783 97 413 107 1072 
3	0.0: 593 216 268 718 316 428 368 607 
3	0.0: 760 388 171 769 352 403 259 1188 
3	0.0: 657 298 240 747 356 410 405 826 
0	0.0: 648 335 239 731 411 398 35 1138 
3	0.0: 698 261 43 742 399 425 278 715 
3	0.0: 711 350 218 721 329 416 331 585 
0	0.0: 723 400 483 743 137 427 202 1141 
3	0.0: 771 260 70 755 116 397 321 1140 
0	0.0: 775 214 290 751 342 418 461 1143 
0	0.0: 703 199 199 786 171 408 609 1069 
3	0.0: 812 307 442 752 371 435 240 720 
0	0.0: 742 223 238 731 224 410 607 869 
3	0.0: 810 239 647 730 83 427 1 773 
3	0.0: 887 441 450 770 295 425 401 874 
3	0.0: 691 290 232 722 478 422 54 926 
0	0.0: 669 374 430 755 456 414 63 1122 
3	0.0: 721 204 301 724 289 418 133 612 
3	0.0: 658 191 129 781 365 416 262 942 
3	0.0: 678 263 108 745 394 385 555 899 
0	0.0: 819 254 452 724 453 421 630 882 
3	0.0: 637 546 78 751 478 427 366 997 
3	0.0: 766 339 390 744 475 434 183 861 
0	0.0: 593 220 328 759 295 401 417 794 
3	0.0: 828 479 246 749 354 426 1 999 
3	0.0: 676 507 175 705 485 424 119 899 
0	0.0: 774 359 290 761 185 426 610 1018 
3	0.0: 801 413 322 710 358 430 26 925 
3	0.0: 883 308 325 750 361 446 182 940 
0	0.0: 846 261 474 730 490 432 128 1133 
3	0.0: 788 313 451 736 406 409 1 774 
3	0.0: 672 185 182 767 351 392 6 953 
0	0.0: 654 334 388 739 481 430 281 979 
0	0.0: 622 439 322 717 391 421 389 813 
0	0.0: 689 336 389 761 244 443 368 940 
0	0.0: 575 355 436 745 232 437 413 884 
0	0.0: 656 276 183 747 364 423 469 1279 
3	0.0: 822 370 107 760 113 422 174 874 
3	0.0: 842 250 299 728 198 418 223 614 
3	0.0: 600 352 273 771 329 422 368 803 
3	0.0: 764 329 60 765 287 439 613 892 
3	0.0: 856 277 379 782 216 414 119 584 
0	0.0: 765 365 230 696 190 412 397 1034 
3	0.0: 801 225 173 736 340 461 35 913 
3	0.0: 530 335 59 774 507 429 103 952 
3	0.0: 823 320 385 743 217 421 19 850 
3	0.0: 804 251 390 730 148 436 312 682 
3	0.0: 688 423 389 746 206 424 206 794 
3	0.0: 710 242 63 789 384 418 296 1067 
3	0.0: 827 315 344 710 321 409 1 1077 
0	0.0: 695 256 242 741 207 414 397 1122 
0	0.0: 745 329 304 747 303 398 352 1064 
3	0.0: 788 360 318 710 184 420 3 556 
3	0.0: 819 254 447 738 245 436 1 791 
0	0.0: 655 195 413 771 341 442 510 1096 
0	0.0: 502 351 219 753 336 420 455 1023 
3	0.0: 826 343 511 744 322 412 126 749 
3	0.0: 656 283 179 753 463 396 338 680 
3	0.0: 665 246 115 758 391 409 1 1165 
3	0.0: 863 216 76 791 165 450 161 1170 
0	0.0: 735 231 163 715 302 418 401 1076 
0	0.0: 710 484 465 712 169 406 343 1113 
3	0.0: 738 411 303 704 18 411 236 937 
0	0.0: 687 241 369 725 406 409 436 854 
3	0.0: 732 236 121 745 188 435 273 825 
0	0.0: 886 280 428 749 147 455 225 1096 
0	0.0: 752 302 471 762 382 407 573 1267 
0	0.0: 699 350 492 734 248 423 287 753 
3	0.0: 872 319 260 756 350 428 356 677 
0	0.0: 701 288 232 708 312 420 235 934 
3	0.0: 691 298 290 731 242 443 4 620 
3	0.0: 752 288 319 755 154 409 183 673 
0	0.0: 712 337 442 728 578 413 461 1354 
3	0.0: 813 283 302 754 269 415 267 911 
0	0.0: 561 290 264 746 482 411 693 894 
3	0.0: 608 270 231 763 428 422 1 906 
0	0.0: 711 397 443 729 355 426 241 1084 
0	0.0: 793 321 477 730 282 424 426 1021 
3	0.0: 859 313 206 779 408 431 342 985 
0	0.0: 683 255 373 726 117 422 736 838 
0	0.0: 796 269 218 739 295 428 87 1356 
3	0.0: 684 348 320 754 382 425 44 729 
3	0.0: 845 135 312 780 488 423 119 792 
3	0.0: 739 229 244 741 569 394 258 513 
3	0.0: 682 340 284 738 175 397 229 801 
3	0.0: 747 232 93 731 176 433 303 808 
0	0.0: 555 252 409 723 377 425 1 1208 
3	0.0: 839 351 602 760 369 407 249 687 
0	0.0: 695 243 319 733 420 444 345 956 
3	0.0: 820 310 350 761 221 409 309 547 
0	0.0: 656 286 336 720 607 411 314 761 
0	0.0: 670 313 485 758 149 431 83 967 
3	0.0: 654 324 226 735 383 430 1 942 
3	0.0: 679 244 336 779 379 419 73 880 
3	0.0: 665 272 163 749 230 450 301 754 
3	0.0: 638 285 200 755 349 445 281 738 
0	0.0: 473 313 293 734 260 414 262 925 
3	0.0: 609 331 242 745 232 426 317 388 
3	0.0: 701 331 310 762 259 444 262 652 
0	0.0: 898 272 528 742 464 437 385 766 
0	0.0: 559 402 212 742 414 441 462 737 
3	0.0: 821 294 75 725 492 408 279 494 
0	0.0: 794 441 501 717 419 423 211 1227 
0	0.0: 716 276 385 737 447 448 334 1324 
3	0.0: 825 257 312 731 421 424 195 938 
0	0.0: 641 404 329 752 406 422 507 975 
3	0.0: 837 187 114 772 207 426 257 680 
3	0.0: 850 369 346 760 234 429 220 1021 
0	0.0: 737 428 519 763 519 422 372 1144 
3	0.0: 688 293 226 724 375 391 229 820 
0	0.0: 659 166 478 723 331 401 252 945 
0	0.0: 519 316 163 767 172 425 132 1197 
3	0.0: 769 387 237 765 397 396 1 858 
3	0.0: 754 211 135 775 423 400 489 666 
0	0.0: 685 313 222 756 325 417 296 1031 
3	0.0: 733 284 1 733 402 440 188 539 
3	0.0: 776 372 232 731 318 438 103 631 
0	0.0: 710 329 738 744 468 441 52 1098 
0	0.0: 657 262 357 729 354 411 1 1103 
0	0.0: 628 419 457 795 544 425 194 923 
3	0.0: 742 247 474 760 408 389 213 549 
3	0.0: 651 349 139 780 333 424 1 1149 
0	0.0: 893 276 358 764 467 430 352 1040 
3	0.0: 702 333 47 747 205 432 1 547 
0	0.0: 658 225 488 743 369 428 313 789 
0	0.0: 787 168 520 782 374 439 527 706 
0	0.0: 517 313 402 758 504 427 209 1244 
0	0.0: 833 319 172 739 398 438 420 1036 
0	0.0: 488 280 329 779 325 420 708 882 
3	0.0: 629 376 383 768 297 422 222 901 
0	0.0: 638 311 459 764 260 424 292 1042 
3	0.0: 723 404 1 738 221 394 314 882 
0	0.0: 728 159 317 733 438 440 1 994 
3	0.0: 857 319 553 756 345 417 198 920 
3	0.0: 747 286 303 738 181 425 54 879 
0	0.0: 667 327 348 754 275 422 286 1339 
3	0.0: 766 312 120 764 172 424 112 988 
0	0.0: 529 382 286 770 441 420 434 1065 
3	0.0: 624 207 215 723 293 411 106 892 
3	0.0: 815 390 173 739 238 438 480 490 
3	0.0: 657 183 449 752 384 422 106 450 
0	0.0: 766 180 310 749 400 429 92 1086 
3	0.0: 765 499 440 743 395 425 133 742 
0	0.0: 709 329 426 748 362 412 155 1024 
3	0.0: 787 329 435 742 469 409 377 437 
3	0.0: 820 234 410 741 206 408 1 747 
3	0.0: 563 296 361 730 141 444 1 721 
0	0.0: 779 346 370 733 195 422 656 941 
0	0.0: 571 331 338 752 279 440 112 1073 
0	0.0: 656 214 386 750 490 420 63 995 
3	0.0: 828 315 554 735 196 423 124 795 
3	0.0: 719 296 199 751 184 443 204 966 
0	0.0: 657 263 290 729 431 414 82 1183 
3	0.0: 776 403 308 766 449 415 70 966 
0	0.0: 723 412 489 730 312 424 1 986 
0	0.0: 691 296 368 756 395 418 60 1099 
3	0.0: 624 389 1 769 74 408 246 746 
3	0.0: 822 304 262 752 422 396 388 1070 
3	0.0: 802 284 482 774 305 405 259 495 
3	0.0: 983 330 359 725 340 422 1 1121 
0	0.0: 668 346 225 742 161 426 268 1017 
3	0.0: 801 300 456 741 254 435 127 923 
0	0.0: 621 165 375 739 253 427 447 811 
3	0.0: 744 365 308 758 289 435 475 721 
3	0.0: 800 181 342 745 110 419 1 821 
3	0.0: 773 362 333 766 359 422 458 905 
0	0.0: 781 371 517 755 332 424 510 952 
0	0.0: 586 304 311 765 309 426 63 1163 
3	0.0: 717 335 466 723 461 406 255 741 
0	0.0: 720 395 233 752 418 427 202 1140 
3	0.0: 617 335 259 749 212 396 137 1059 
3	0.0: 882 330 381 763 364 414 29 561 
0	0.0: 841 306 251 784 354 414 230 1261 
3	0.0: 821 208 231 765 296 424 229 837 
0	0.0: 566 400 386 751 332 401 294 889 
0	0.0: 768 327 449 735 483 441 431 844 
3	0.0: 694 340 139 748 362 424 455 724 
3	0.0: 656 371 190 750 177 409 27 986 
3	0.0: 759 199 189 777 522 427 383 763 
3	0.0: 793 294 310 713 432 442 85 657 
0	0.0: 709 301 215 714 401 441 632 896 
3	0.0: 807 251 363 747 344 437 274 593 
0	0.0: 619 344 271 726 216 417 441 1048 
0	0.0: 821 345 350 736 224 417 170 1391 
0	0.0: 681 336 257 693 271 408 514 1073 
0	0.0: 704 332 245 752 363 445 201 1254 
3	0.0: 674 256 235 791 260 401 259 935 
0	0.0: 804 234 74 748 209 454 441 1135 
0	0.0: 692 266 257 711 331 420 1 1024 
3	0.0: 744 177 1 753 385 408 433 622 
3	0.0: 766 407 196 709 652 431 127 808 
3	0.0: 859 193 97 754 386 411 485 773 
3	0.0: 597 400 422 754 188 431 1 830 
0	0.0: 825 314 520 775 206 421 91 1164 
0	0.0: 712 463 369 739 301 424 319 998 
3	0.0: 705 313 402 721 287 404 23 931 
3	0.0: 863 362 443 772 274 427 203 592 
0	0.0: 742 109 555 749 391 411 437 873 
3	0.0: 702 375 256 768 283 379 512 757 
3	0.0: 741 276 238 744 541 425 116 707 
0	0.0: 454 378 218 720 85 428 639 996 
3	0.0: 669 361 264 744 364 433 317 574 
0	0.0: 697 255 394 751 250 423 383 1060 
3	0.0: 1022 365 44 748 344 426 1 702 
0	0.0: 585 294 274 711 457 451 96 1039 
0	0.0: 670 110 541 728 437 405 254 966 
3	0.0: 689 391 327 780 465 424 91 972 
0	0.0: 628 274 844 717 227 430 115 635 
3	0.0: 752 284 444 730 380 397 344 700 
0	0.0: 463 364 217 749 332 414 243 1003 
0	0.0: 854 178 132 773 376 428 477 1134 
3	0.0: 788 299 349 760 330 422 1 895 
0	0.0: 616 374 391 745 283 434 1 1105 
3	0.0: 613 377 162 748 198 416 530 492 
3	0.0: 777 324 233 767 428 429 402 505 
0	0.0: 579 270 375 754 280 421 1 1370 
3	0.0: 828 373 328 771 268 437 6 1139 
3	0.0: 766 323 320 744 247 422 506 810 
3	0.0: 832 262 341 757 283 428 385 914 
3	0.0: 744 240 436 752 456 398 27 763 
0	0.0: 650 205 403 760 216 415 1 1028 
3	0.0: 854 240 186 726 513 426 477 803 
3	0.0: 745 140 340 744 408 418 1 798 
0	0.0: 761 386 335 720 356 429 310 1177 
0	0.0: 667 266 422 744 321 446 277 737 
3	0.0: 723 246 120 734 349 404 322 810 
3	0.0: 717 284 509 789 282 413 258 718 
3	0.0: 653 366 475 764 483 395 16 638 
0	0.0: 782 458 456 715 194 411 438 874 
0	0.0: 775 274 423 741 331 429 131 1192 
0	0.0: 780 348 524 763 519 412 185 1029 
3	0.0: 792 327 227 751 379 422 165 1016 
3	0.0: 819 277 298 756 18 434 261 944 
3	0.0: 683 255 282 743 504 423 271 799 
3	0.0: 826 335 262 769 244 439 58 1088 
3	0.0: 805 336 239 754 476 425 198 1040 
0	0.0: 535 249 318 726 370 413 446 934 
3	0.0: 869 421 119 739 240 404 390 940 
3	0.0: 855 321 388 740 405 416 178 1026 
3	0.0: 752 329 361 743 137 418 288 801 
0	0.0: 688 259 290 795 653 428 394 1047 
0	0.0: 534 281 330 686 272 408 325 1154 
0	0.0: 668 204 164 755 362 433 3 1234 
0	0.0: 552 249 151 743 354 411 348 816 
3	0.0: 568 372 380 728 130 419 192 561 
0	0.0: 749 303 484 739 303 415 1 1016 
3	0.0: 818 343 263 772 319 400 461 927 
0	0.0: 657 417 287 726 315 412 389 1083 
3	0.0: 781 428 177 744 310 420 442 1019 
0	0.0: 814 245 401 715 253 438 318 991 
3	0.0: 657 330 86 774 200 394 169 932 
3	0.0: 696 280 237 797 245 424 242 757 
0	0.0: 796 183 390 738 70 427 144 990 
0	0.0: 691 337 278 758 406 430 32 1148 
3	0.0: 549 309 105 738 239 419 56 962 
3	0.0: 763 428 356 722 474 416 207 976 
3	0.0: 774 248 223 730 461 415 353 494 
3	0.0: 635 278 357 789 416 416 87 945 
0	0.0: 716 266 250 716 299 446 1 1009 
3	0.0: 887 179 231 781 273 414 389 722 
0	0.0: 722 292 536 744 225 446 343 1161 
3	0.0: 865 343 183 757 161 431 218 924 
0	0.0: 543 353 517 734 550 414 149 1040 
0	0.0: 552 213 478 746 219 428 83 1241 
3	0.0: 806 270 139 749 342 402 278 1152 
3	0.0: 753 512 583 796 563 427 79 989 
3	0.0: 556 317 27 730 453 422 84 791 
3	0.0: 668 262 276 763 376 410 277 871 
3	0.0: 990 331 533 755 281 405 248 975 
3	0.0: 563 203 258 737 343 412 148 746 
0	0.0: 864 211 416 699 161 419 115 1038 
0	0.0: 628 236 428 725 446 410 152 1002 
0	0.0: 799 297 377 755 314 403 525 989 
0	0.0: 676 323 469 749 217 417 28 973 
0	0.0: 823 263 470 721 486 403 451 964 
3	0.0: 768 237 178 744 252 415 412 906 
0	0.0: 700 381 294 759 446 428 517 848 
0	0.0: 662 167 384 735 268 430 110 849 
3	0.0: 615 337 565 735 112 420 272 535 
0	0.0: 891 368 311 749 290 419 250 1360 
3	0.0: 833 263 377 717 484 435 316 630 
3	0.0: 849 313 352 733 357 412 155 932 
0	0.0: 696 303 207 747 1 408 356 1126 
3	0.0: 685 404 216 751 602 453 201 813 
3	0.0: 750 308 318 793 383 404 127 822 
3	0.0: 606 310 177 760 353 434 341 796 
3	0.0: 815 295 544 781 402 420 3 1003 
3	0.0: 678 384 317 738 350 413 117 908 
3	0.0: 775 347 329 787 310 441 368 931 
3	0.0: 548 180 81 770 338 425 1 1079 
0	0.0: 783 238 577 797 208 411 243 1144 
3	0.0: 729 252 436 754 217 416 117 950 
3	0.0: 866 314 452 779 303 416 161 918 
3	0.0: 527 286 548 722 210 418 110 480 
0	0.0: 706 456 296 750 481 424 457 1103 
3	0.0: 605 194 194 743 338 449 126 676 
3	0.0: 806 372 243 740 489 425 374 636 
3	0.0: 584 251 249 765 264 433 95 761 
3	0.0: 661 361 98 761 377 425 207 856 
3	0.0: 769 294 211 759 265 433 40 664 
3	0.0: 733 353 130 733 249 422 188 933 
3	0.0: 743 422 404 693 311 413 110 656 
3	0.0: 721 166 373 743 361 419 45 656 
3	0.0: 929 231 100 757 175 420 385 920 
3	0.0: 783 364 502 745 391 419 52 947 
0	0.0: 652 235 397 730 339 423 603 541 
0	0.0: 649 298 674 730 243 414 153 1018 
3	0.0: 748 291 144 766 516 423 433 987 
3	0.0: 905 230 326 735 280 437 1 679 
3	0.0: 811 209 296 761 293 416 10 668 
0	0.0: 704 295 451 767 283 438 1 1095 
3	0.0: 650 260 242 747 172 407 404 645 
0	0.0: 552 306 443 706 219 410 324 1093 
0	0.0: 841 448 508 699 196 425 203 1110 
3	0.0: 586 411 370 780 310 437 359 765 
0	0.0: 489 311 389 724 338 411 316 1000 
0	0.0: 822 448 490 754 395 449 62 1088 
0	0.0: 746 251 326 746 346 408 338 989 
0	0.0: 544 279 501 770 315 420 143 966 
0	0.0: 563 382 150 760 207 429 66 1232 
3	0.0: 722 256 227 747 554 413 140 991 
3	0.0: 975 408 258 773 217 415 370 975 
3	0.0: 781 236 392 743 237 394 273 596 
0	0.0: 673 405 265 725 277 418 1 1169 
3	0.0: 915 352 344 780 260 430 302 1085 
3	0.0: 928 442 549 740 410 431 1 942 
3	0.0: 775 296 9 763 380 416 202 841 
3	0.0: 701 351 234 720 217 413 1 792 
3	0.0: 594 288 271 776 213 407 84 589 
0	0.0: 762 259 446 716 134 436 123 1244 
3	0.0: 854 127 89 736 568 412 448 952 
3	0.0: 989 313 478 779 363 393 203 1136 
0	0.0: 876 217 359 716 192 396 352 1069 
3	0.0: 907 313 542 746 242 413 11 758 
3	0.0: 720 330 469 795 315 413 185 722 
3	0.0: 815 290 302 748 204 404 213 755 
3	0.0: 726 265 17 732 234 412 339 1102 
0	0.0: 625 313 162 712 398 413 318 889 
3	0.0: 851 403 335 747 83 409 286 1130 
0	0.0: 745 384 246 730 424 404 351 1166 
0	0.0: 574 312 191 743 353 423 22 1296 
0	0.0: 662 217 159 751 358 449 288 1002 
0	0.0: 716 347 454 749 305 435 602 1284 
0	0.0: 633 323 52 702 223 427 1 1231 
3	0.0: 597 370 362 747 315 416 1 917 
0	0.0: 760 364 436 741 452 406 300 933 
0	0.0: 477 249 350 723 433 425 67 1129 
3	0.0: 695 305 258 747 277 409 338 714 
3	0.0: 465 398 248 760 286 405 85 796 
3	0.0: 728 385 352 715 332 413 217 785 
3	0.0: 752 405 331 747 241 405 225 833 
0	0.0: 816 194 467 744 367 400 45 1094 
0	0.0: 701 448 499 717 215 409 1 1046 
0	0.0: 792 312 525 721 275 410 205 1008 
3	0.0: 727 409 441 783 477 426 125 1040 
3	0.0: 680 253 235 763 344 406 1 1051 
0	0.0: 616 323 904 741 263 421 575 1037 
3	0.0: 719 458 213 721 248 428 365 791 
3	0.0: 916 320 410 745 377 426 390 692 
3	0.0: 715 348 171 774 332 411 110 1136 
3	0.0: 943 300 335 752 344 415 8 789 
3	0.0: 728 228 313 747 281 425 310 840 
0	0.0: 655 359 370 723 263 431 335 1115 
3	0.0: 628 287 282 732 107 435 1 833 
3	0.0: 814 398 1 781 339 439 232 936 
3	0.0: 863 309 316 740 473 423 192 590 
3	0.0: 739 382 446 711 297 428 89 885 
0	0.0: 677 247 316 755 285 431 471 1222 
3	0.0: 777 437 350 722 255 421 597 746 
3	0.0: 861 221 247 729 113 403 58 948 
0	0.0: 906 230 526 750 360 431 232 1024 
3	0.0: 855 330 133 771 203 435 307 767 
3	0.0: 917 274 345 764 325 424 132 725 
3	0.0: 766 411 324 744 400 460 1 661 
0	0.0: 817 360 403 748 558 425 281 1002 
3	0.0: 672 423 285 748 189 419 1 1103 
0	0.0: 602 287 454 731 394 421 420 628 
3	0.0: 800 327 38 753 387 427 509 746 
3	0.0: 782 317 300 753 1 414 350 1055 
3	0.0: 707 391 190 723 262 406 205 736 
3	0.0: 767 343 438 742 461 422 1 956 
3	0.0: 860 292 490 740 195 407 1 896 
3	0.0: 594 356 214 779 94 406 472 869 
0	0.0: 640 356 296 740 344 440 223 925 
3	0.0: 857 274 236 733 98 413 233 548 
3	0.0: 781 290 300 736 345 434 140 751 
3	0.0: 598 316 359 762 357 428 321 699 
3	0.0: 755 290 1 741 351 425 236 965 
3	0.0: 831 306 12 712 302 414 149 973 
3	0.0: 751 378 319 764 156 403 367 902 
0	0.0: 757 365 528 735 480 436 49 1039 
3	0.0: 715 282 177 764 330 428 433 691 
3	0.0: 722 359 408 758 168 416 317 389 
3	0.0: 907 383 75 763 246 423 428 336 
0	0.0: 701 321 258 769 248 409 482 1099 
0	0.0: 770 401 549 766 373 428 294 1089 
3	0.0: 855 259 363 745 400 424 276 807 
0	0.0: 647 321 407 726 148 412 452 922 
3	0.0: 753 378 405 708 472 435 1 819 
3	0.0: 855 345 117 793 413 434 258 979 
3	0.0: 523 472 558 757 156 404 100 573 
3	0.0: 922 344 283 713 275 432 41 817 
0	0.0: 761 376 208 745 289 429 297 1246 
3	0.0: 814 361 376 735 370 400 124 816 
3	0.0: 812 397 102 754 329 407 1 719 
3	0.0: 862 292 185 708 288 419 246 1017 
0	0.0: 583 336 270 767 403 423 294 917 
0	0.0: 763 327 490 744 298 439 98 1032 
3	0.0: 627 432 315 767 303 437 259 779 
0	0.0: 734 304 393 759 270 424 289 904 
3	0.0: 647 322 288 737 425 422 284 764 
3	0.0: 745 295 81 726 434 413 419 761 
3	0.0: 809 156 357 749 255 434 1 578 
3	0.0: 811 300 530 763 172 443 25 790 
3	0.0: 729 416 275 742 244 425 65 1136 
0	0.0: 834 257 437 743 458 417 456 918 
0	0.0: 656 424 201 752 409 419 98 1299 
0	0.0: 657 293 193 716 425 418 78 1214 
0	0.0: 599 287 370 725 257 429 275 829 
3	0.0: 589 271 222 753 145 425 1 700 
0	0.0: 747 234 485 760 378 410 675 1198 
3	0.0: 819 374 189 730 203 409 172 943 
3	0.0: 668 345 316 781 352 408 100 1009 
3	0.0: 711 223 373 760 237 412 279 742 
3	0.0: 596 170 390 790 333 438 1 890 
3	0.0: 761 403 325 762 316 414 192 742 
0	0.0: 782 297 377 744 313 425 169 1114 
3	0.0: 690 280 56 744 299 432 30 834 
0	0.0: 594 266 164 757 349 429 186 969 
0	0.0: 773 367 340 741 306 432 561 990 
0	0.0: 616 255 539 781 609 421 91 1419 
0	0.0: 589 256 335 760 636 424 311 885 
3	0.0: 900 329 222 766 333 416 1 365 
3	0.0: 732 174 64 753 276 416 37 1042 
3	0.0: 818 286 430 708 393 410 24 782 
3	0.0: 621 317 64 767 430 392 341 869 
0	0.0: 808 264 402 722 351 420 105 1279 
3	0.0: 721 346 218 778 78 410 124 1151 
3	0.0: 754 205 266 752 282 428 320 867 
0	0.0: 610 314 521 737 250 420 107 985 
3	0.0: 888 177 389 730 526 419 1 869 
3	0.0: 853 388 392 735 179 400 93 964 
3	0.0: 960 205 389 739 405 421 225 696 
3	0.0: 858 350 430 754 391 405 1 828 
0	0.0: 510 343 663 704 325 429 187 737 
3	0.0: 652 284 335 727 295 419 61 354 
3	0.0: 1015 382 288 743 305 426 144 617 
0	0.0: 678 161 116 708 369 435 499 793 
0	0.0: 575 338 305 753 310 429 1 1021 
0	0.0: 556 394 291 739 452 452 279 978 
0	0.0: 749 314 479 718 422 403 152 1052 
3	0.0: 678 575 82 720 196 400 384 1000 
0	0.0: 698 268 338 770 212 401 1 1198 
3	0.0: 682 357 57 732 284 423 96 935 
0	0.0: 665 341 364 741 208 420 626 1090 
3	0.0: 865 247 139 719 310 418 98 899 
0	0.0: 770 439 318 734 196 419 763 1069 
0	0.0: 849 217 307 708 349 422 154 1086 
0	0.0: 829 196 350 756 372 425 442 1011 
0	0.0: 773 344 211 747 117 432 320 1091 
3	0.0: 800 437 240 741 239 386 381 838 
0	0.0: 663 246 189 734 182 421 366 889 
0	0.0: 729 551 464 728 415 440 416 1131 
0	0.0: 662 319 364 770 618 427 539 1250 
3	0.0: 799 233 166 746 256 407 208 938 
3	0.0: 792 354 171 768 433 437 116 991 
3	0.0: 773 297 144 728 377 411 197 986 
3	0.0: 717 337 114 783 477 422 145 611 
3	0.0: 761 260 191 741 403 431 98 719 
3	0.0: 703 409 166 703 429 403 399 896 
0	0.0: 646 315 602 723 189 424 441 672 
3	0.0: 622 329 344 769 194 427 210 909 
0	0.0: 814 332 486 730 323 450 480 1083 
3	0.0: 840 468 68 746 319 427 154 950 
3	0.0: 782 358 584 738 500 393 257 824 
0	0.0: 656 422 321 745 324 433 221 917 
0	0.0: 829 295 513 719 328 430 268 849 
3	0.0: 782 307 172 758 458 421 294 877 
0	0.0: 731 318 288 769 155 429 511 1170 
0	0.0: 633 364 312 723 276 424 367 852 
3	0.0: 805 315 164 764 396 425 171 826 
0	0.0: 816 350 620 725 306 424 245 847 
3	0.0: 686 316 446 755 496 407 80 879 
3	0.0: 768 275 223 750 445 410 495 782 
3	0.0: 869 283 307 755 439 424 12 1144 
3	0.0: 821 309 341 760 205 423 133 897 
3	0.0: 697 309 289 750 91 419 258 669 
0	0.0: 608 373 299 764 377 424 439 916 
0	0.0: 782 149 221 740 613 442 142 1189 
0	0.0: 580 248 374 725 415 408 331 871 
0	0.0: 595 376 300 729 480 414 397 1029 
0	0.0: 678 406 718 733 116 433 31 777 
0	0.0: 619 349 558 725 439 436 151 1017 
0	0.0: 767 304 394 731 432 413 104 1168 
3	0.0: 759 263 127 751 540 391 35 707 
0	0.0: 758 306 432 713 424 402 58 1179 
3	0.0: 772 270 308 732 400 426 173 715 
3	0.0: 900 404 322 725 181 416 170 910 
3	0.0: 865 253 160 761 360 426 1 745 
0	0.0: 770 360 519 739 205 408 1 1136 
0	0.0: 535 230 400 728 344 413 1 1165 
3	0.0: 699 410 228 767 508 422 153 1007 
0	0.0: 636 320 598 735 318 411 209 842 
3	0.0: 745 380 258 718 263 441 358 833 
3	0.0: 790 234 1 760 327 404 515 506 
3	0.0: 739 299 66 747 191 424 113 966 
0	0.0: 643 372 212 744 166 445 300 911 
3	0.0: 848 396 312 758 469 419 99 748 
3	0.0: 779 358 153 769 329 411 1 1016 
3	0.0: 706 347 407 771 466 384 218 918 
3	0.0: 772 364 259 756 204 420 306 1078 
0	0.0: 737 394 534 730 556 415 238 865 
0	0.0: 542 286 376 762 273 416 384 849 
0	0.0: 881 476 307 740 231 461 582 1119 
0	0.0: 761 236 258 726 314 424 480 1058 
3	0.0: 585 449 228 750 510 422 40 893 
3	0.0: 902 247 362 724 503 443 62 860 
0	0.0: 670 450 188 724 503 424 676 947 
3	0.0: 738 411 614 751 175 412 1 645 
3	0.0: 683 357 258 760 298 387 464 793 
3	0.0: 775 319 273 766 354 419 319 930 
0	0.0: 652 388 271 766 147 425 315 1072 
3	0.0: 813 341 323 720 241 421 317 667 
3	0.0: 711 287 177 727 322 403 153 964 
3	0.0: 828 270 245 762 413 442 1 887 
0	0.0: 784 186 476 742 470 414 423 1240 
3	0.0: 812 266 294 778 342 416 1 977 
3	0.0: 911 261 248 777 303 420 543 672 
3	0.0: 722 366 242 756 84 421 1 1011 
0	0.0: 642 491 226 701 380 408 393 1004 
3	0.0: 773 508 243 692 238 405 222 680 
0	0.0: 707 288 341 723 203 439 314 1189 
0	0.0: 621 181 443 763 254 448 286 758 
0	0.0: 724 373 335 796 320 430 175 1158 
0	0.0: 588 409 554 767 355 421 231 763 
3	0.0: 767 378 369 753 280 420 274 965 
3	0.0: 843 404 394 791 249 437 11 1013 
3	0.0: 676 484 302 746 365 455 45 615 
3	0.0: 650 407 266 807 206 435 299 962 
0	0.0: 675 212 401 777 372 430 453 1220 
3	0.0: 747 332 411 766 224 405 75 741 
3	0.0: 812 348 183 774 285 422 293 980 
3	0.0: 711 307 198 759 229 425 350 646 
3	0.0: 711 315 218 740 192 424 134 947 
0	0.0: 820 295 395 723 395 405 114 1187 
3	0.0: 635 328 500 766 150 400 1 724 
3	0.0: 602 327 151 775 253 422 210 548 
0	0.0: 805 254 437 749 251 410 513 952 
0	0.0: 506 450 282 752 418 437 90 978 
0	0.0: 626 323 462 717 165 407 284 1139 
0	0.0: 595 327 473 750 609 411 360 1021 
0	0.0: 828 272 441 756 355 408 400 949 
3	0.0: 423 266 178 767 396 454 213 643 
3	0.0: 651 359 247 752 391 428 1 899 
3	0.0: 699 292 138 745 256 420 302 779 
3	0.0: 739 205 452 756 119 415 1 918 
3	0.0: 808 364 207 766 391 422 352 996 
0	0.0: 664 338 436 734 237 424 305 1063 
3	0.0: 709 383 447 761 195 400 1 311 
3	0.0: 878 285 393 714 549 409 177 811 
0	0.0: 707 270 308 763 284 420 475 877 
3	0.0: 744 229 379 773 442 440 1 974 
3	0.0: 761 270 47 743 124 424 200 794 
3	0.0: 792 325 389 746 420 448 37 952 
3	0.0: 734 317 176 751 443 401 286 886 
3	0.0: 819 362 266 757 516 414 472 973 
3	0.0: 716 351 162 735 468 425 348 746 
0	0.0: 750 189 574 755 278 405 122 976 
3	0.0: 736 293 366 738 299 400 224 897 
3	0.0: 714 344 1 743 177 433 1 1244 
0	0.0: 728 267 504 739 388 432 455 1040 
3	0.0: 700 305 445 757 376 444 1 882 
0	0.0: 828 265 497 752 359 429 568 1178 
3	0.0: 526 346 251 763 347 395 9 984 
3	0.0: 856 359 366 768 267 412 108 933 
3	0.0: 655 297 162 706 334 427 119 630 
0	0.0: 783 229 286 786 122 428 437 1123 
3	0.0: 992 324 568 771 409 414 316 746 
3	0.0: 766 319 326 714 246 414 5 930 
3	0.0: 812 303 500 746 79 402 1 1111 
3	0.0: 764 326 130 756 435 404 183 801 
3	0.0: 846 205 61 765 326 420 341 917 
3	0.0: 878 391 314 767 456 396 151 625 
0	0.0: 629 274 393 747 381 439 197 1032 
3	0.0: 766 339 451 758 249 407 1 1097 
3	0.0: 803 340 398 760 367 425 1 879 
3	0.0: 692 359 356 734 237 409 82 522 
3	0.0: 775 299 358 785 346 417 275 693 
3	0.0: 681 224 423 750 418 384 400 667 
3	0.0: 839 281 73 733 242 408 474 856 
0	0.0: 607 363 297 740 385 418 182 965 
0	0.0: 540 349 640 733 325 439 396 985 
3	0.0: 783 442 194 773 412 415 210 627 
3	0.0: 629 282 254 774 259 400 258 987 
3	0.0: 700 263 123 763 317 428 99 942 
3	0.0: 827 367 193 805 260 416 205 882 
3	0.0: 740 291 183 750 207 414 753 593 
3	0.0: 916 340 414 752 453 449 28 908 
3	0.0: 787 207 305 761 395 421 250 840 
0	0.0: 732 285 211 762 313 428 396 1189 
0	0.0: 827 336 464 719 303 434 346 860 
3	0.0: 768 340 236 726 508 429 345 823 
3	0.0: 751 212 449 743 324 411 1 964 
3	0.0: 768 300 415 749 166 440 202 763 
3	0.0: 763 378 295 750 320 420 101 875 
3	0.0: 831 358 278 755 389 406 323 1108 
3	0.0: 719 372 256 726 323 421 144 989 
3	0.0: 527 331 398 739 287 431 1 679 
0	0.0: 601 259 229 709 309 430 329 873 
3	0.0: 679 322 395 765 366 416 191 937 
3	0.0: 805 367 436 727 332 421 174 395 
3	0.0: 688 297 303 742 420 391 247 951 
3	0.0: 653 279 207 740 461 428 307 582 
3	0.0: 697 391 274 753 281 431 149 711 
3	0.0: 698 339 302 766 421 423 1 943 
3	0.0: 687 317 386 767 167 416 22 1019 
0	0.0: 621 240 315 716 330 434 541 849 
3	0.0: 786 510 201 738 290 423 52 884 
3	0.0: 676 389 235 753 373 420 118 858 
0	0.0: 706 375 453 758 337 445 35 1169 
3	0.0: 793 351 334 734 655 457 98 881 
0	0.0: 622 294 672 755 450 427 1 875 
0	0.0: 658 197 483 712 492 416 606 840 
3	0.0: 1004 225 80 753 394 419 643 1026 
3	0.0: 541 347 205 713 295 411 198 818 
3	0.0: 624 265 203 757 273 441 1 1043 
0	0.0: 781 241 571 702 571 424 175 973 
0	0.0: 649 377 320 727 333 430 15 1228 
0	0.0: 839 271 297 749 174 437 430 1080 
0	0.0: 631 340 174 771 260 392 444 1135 
3	0.0: 877 394 232 752 460 412 139 710 
0	0.0: 633 245 447 745 460 412 124 1296 
3	0.0: 683 298 384 720 354 411 207 646 
3	0.0: 846 224 269 737 425 437 164 1015 
3	0.0: 627 448 60 735 206 415 249 599 
0	0.0: 765 373 476 728 390 408 316 1132 
0	0.0: 616 330 412 769 155 411 503 1026 
3	0.0: 785 166 1 753 344 437 353 782 
0	0.0: 673 268 509 717 339 405 29 950 
3	0.0: 828 396 192 760 203 417 128 689 
3	0.0: 767 353 200 737 333 428 307 473 
0	0.0: 621 236 397 768 449 455 244 1227 
0	0.0: 719 265 359 770 538 424 154 975 
3	0.0: 637 305 381 762 211 418 1 895 
3	0.0: 718 401 89 741 196 410 228 754 
0	0.0: 685 329 501 777 463 421 147 1132 
0	0.0: 824 338 457 740 496 409 399 1051 
0	0.0: 729 316 415 787 349 432 397 1014 
3	0.0: 718 293 342 740 385 420 375 763 
3	0.0: 868 289 421 784 320 421 387 978 
0	0.0: 604 307 263 750 378 422 47 1064 
3	0.0: 824 258 124 747 377 438 1 1191 
3	0.0: 740 294 221 757 307 415 96 960 
0	0.0: 682 210 456 773 246 412 1 1091 
0	0.0: 802 214 333 768 303 428 402 1063 
3	0.0: 567 334 430 753 276 413 1 907 
3	0.0: 890 275 313 691 299 415 22 987 
3	0.0: 876 186 301 735 323 393 72 761 
0	0.0: 806 207 416 753 262 452 605 915 
0	0.0: 759 286 273 718 325 400 225 1269 
0	0.0: 795 274 560 739 213 442 468 1000 
0	0.0: 791 301 257 717 265 427 539 936 
0	0.0: 604 294 412 720 394 424 267 1131 
0	0.0: 679 352 511 731 483 433 41 922 
0	0.0: 687 279 404 767 292 417 191 995 
3	0.0: 627 321 133 729 396 391 11 729 
3	0.0: 926 239 497 732 297 418 1 751 
0	0.0: 696 318 380 730 228 410 79 1145 
0	0.0: 755 261 311 761 130 433 136 1391 
0	0.0: 784 328 408 769 294 408 527 986 
3	0.0: 622 474 305 775 254 418 272 955 
3	0.0: 731 320 300 749 193 435 164 575 
3	0.0: 724 397 139 773 369 391 329 974 
0	0.0: 638 282 351 730 292 413 448 823 
0	0.0: 696 349 391 754 414 418 430 1030 
0	0.0: 622 302 390 752 219 420 602 952 
0	0.0: 681 234 303 738 443 430 397 1075 
3	0.0: 782 310 461 753 314 402 570 663 
3	0.0: 893 367 368 735 178 436 368 760 
3	0.0: 678 366 82 783 324 417 174 714 
0	0.0: 796 363 478 737 279 446 253 982 
0	0.0: 729 373 379 722 146 444 76 1034 
0	0.0: 797 357 432 743 444 412 545 1134 
0	0.0: 670 303 427 732 512 437 357 625 
3	0.0: 856 264 130 750 403 449 1 656 
3	0.0: 715 266 466 711 453 427 51 763 
3	0.0: 851 312 455 743 310 422 1 890 
3	0.0: 633 310 100 750 337 408 220 857 
3	0.0: 687 197 1 740 279 442 1 909 
0	0.0: 569 366 310 737 95 418 348 1090 
3	0.0: 692 477 229 755 220 466 150 887 
3	0.0: 739 341 422 710 210 414 99 273 
3	0.0: 783 385 256 772 386 423 126 914 
3	0.0: 794 360 112 752 462 424 190 624 
0	0.0: 719 401 425 775 247 438 443 869 
0	0.0: 662 309 555 719 239 399 322 837 
0	0.0: 705 179 482 717 312 405 202 942 
3	0.0: 770 121 251 760 514 440 349 720 
0	0.0: 960 89 474 729 373 432 436 1233 
3	0.0: 877 312 400 742 331 398 1 933 
0	0.0: 603 286 229 753 487 417 126 1162 
0	0.0: 585 343 296 725 198 433 198 1016 
0	0.0: 689 348 435 725 419 398 398 803 
3	0.0: 907 292 84 736 206 414 346 1207 
0	0.0: 617 298 516 750 257 398 417 688 
3	0.0: 861 270 202 764 375 423 120 570 
0	0.0: 694 163 116 761 354 407 318 1105 
3	0.0: 738 317 152 726 317 424 1 980 
0	0.0: 933 247 76 756 540 418 285 1340 
0	0.0: 513 260 173 740 332 430 470 1225 
3	0.0: 803 366 384 708 348 451 160 787 
3	0.0: 561 444 570 779 356 408 187 489 
3	0.0: 741 405 590 770 476 417 73 650 
0	0.0: 727 299 555 716 345 420 268 1208 
3	0.0: 617 303 209 741 376 408 21 933 
0	0.0: 672 418 238 749 374 429 466 951 
3	0.0: 655 433 189 726 342 407 134 743 
3	0.0: 763 329 325 720 397 415 205 655 
0	0.0: 540 304 358 747 243 432 206 849 
3	0.0: 819 363 204 732 131 438 608 755 
0	0.0: 844 265 315 741 306 424 219 1090 
0	0.0: 661 311 282 743 418 412 496 881 
3	0.0: 811 252 312 736 172 434 120 988 
0	0.0: 503 158 529 730 257 409 209 1049 
3	0.0: 702 347 530 751 343 405 18 795 
0	0.0: 649 242 465 739 322 412 572 694 
0	0.0: 758 391 222 749 230 429 206 1219 
0	0.0: 866 241 649 736 401 431 384 777 
3	0.0: 809 338 304 743 405 405 255 490 
3	0.0: 779 256 453 724 241 419 265 771 
0	0.0: 727 218 650 761 406 419 640 586 
0	0.0: 717 335 402 730 443 409 404 836 
3	0.0: 781 323 267 748 464 399 252 712 
3	0.0: 640 245 188 794 372 413 402 772 
0	0.0: 707 355 458 728 178 422 1 1074 
3	0.0: 615 303 1 750 218 420 407 661 
3	0.0: 761 400 16 744 287 420 428 898 
0	0.0: 812 228 362 717 357 409 149 1251 
3	0.0: 529 449 275 779 318 401 124 673 
0	0.0: 729 338 396 748 176 420 281 924 
0	0.0: 610 340 254 701 353 399 551 882 
3	0.0: 970 373 349 719 493 430 343 987 
0	0.0: 645 272 392 736 273 419 234 1112 
3	0.0: 635 406 43 737 442 408 273 1067 
3	0.0: 629 335 598 772 359 416 1 760 
3	0.0: 816 212 108 745 490 411 122 1223 
0	0.0: 695 283 598 749 398 428 1 896 
3	0.0: 644 422 136 743 211 449 184 647 
3	0.0: 825 346 211 692 311 433 25 838 
3	0.0: 962 383 281 748 277 435 386 949 
0	0.0: 709 292 317 734 31 414 79 1141 
0	0.0: 625 255 148 750 416 406 323 978 
3	0.0: 805 425 298 757 552 413 300 776 
3	0.0: 825 242 299 792 318 415 1 800 
3	0.0: 720 339 418 782 490 433 183 953 
3	0.0: 829 461 202 741 380 383 363 784 
0	0.0: 785 305 122 715 300 399 453 1019 
0	0.0: 713 225 292 742 295 416 419 1126 
3	0.0: 757 430 292 777 406 423 165 933 
3	0.0: 915 365 167 757 328 414 141 978 
3	0.0: 794 273 161 754 264 423 288 949 
0	0.0: 713 318 336 717 450 420 254 965 
0	0.0: 649 174 287 746 339 427 130 1227 
3	0.0: 881 363 126 747 426 452 478 808 
3	0.0: 689 187 202 768 498 423 284 700 
0	0.0: 590 342 234 750 192 441 106 1101 
3	0.0: 692 314 304 788 245 401 344 548 
3	0.0: 575 242 262 767 504 416 131 858 
3	0.0: 818 327 282 766 223 437 182 897 
3	0.0: 774 243 1 747 547 440 121 1199 
3	0.0: 813 374 520 755 311 412 140 902 
0	0.0: 699 373 401 752 366 399 294 986 
3	0.0: 733 302 230 742 409 406 395 451 
0	0.0: 766 340 525 751 267 424 250 948 
3	0.0: 917 315 379 762 345 432 176 761 
3	0.0: 821 298 473 765 281 412 1 659 
3	0.0: 738 288 545 794 138 397 160 884 
0	0.0: 475 285 431 682 361 421 117 1102 
3	0.0: 737 164 285 757 193 398 418 784 
3	0.0: 757 289 167 723 285 444 360 881 
0	0.0: 706 281 139 698 434 413 237 992 
3	0.0: 556 363 226 705 302 420 1 888 
3	0.0: 742 335 177 744 231 427 67 866 
3	0.0: 644 410 235 753 479 426 382 710 
3	0.0: 601 295 101 753 403 418 9 975 
3	0.0: 768 305 340 731 192 443 152 808 
0	0.0: 738 298 340 726 344 414 423 789 
3	0.0: 909 269 298 727 274 436 187 729 
3	0.0: 796 357 354 778 388 390 294 845 
3	0.0: 797 279 333 776 440 399 577 674 
3	0.0: 851 296 413 750 324 397 280 1061 
3	0.0: 825 318 122 721 355 442 352 768 
3	0.0: 860 231 234 758 179 435 301 858 
0	0.0: 793 257 582 735 460 414 1 1093 
0	0.0: 643 268 449 740 102 428 516 802 
3	0.0: 627 280 396 767 410 409 103 873 
0	0.0: 931 345 474 752 374 425 335 1058 
0	0.0: 806 310 295 736 298 415 641 906 
0	0.0: 746 351 704 759 172 419 363 797 
3	0.0: 642 479 232 791 347 403 7 823 
0	0.0: 648 247 376 736 527 419 428 667 
3	0.0: 739 469 158 692 270 406 200 752 
0	0.0: 739 255 382 729 150 432 559 1262 
3	0.0: 656 419 294 739 338 425 206 807 
0	0.0: 802 340 67 718 214 439 554 1018 
3	0.0: 709 309 209 752 234 425 1 822 
3	0.0: 747 398 300 724 153 415 1 1015 
0	0.0: 668 244 1 701 184 428 370 963 
3	0.0: 645 278 408 754 292 424 1 782 
3	0.0: 828 258 355 757 513 445 369 696 
3	0.0: 730 363 394 745 262 414 4 867 
0	0.0: 627 310 333 770 403 413 435 1091 
3	0.0: 745 304 229 738 351 409 161 924 
3	0.0: 781 352 437 734 267 395 213 787 
3	0.0: 654 172 54 737 353 410 46 918 
3	0.0: 706 346 184 754 259 410 1 1033 
0	0.0: 1003 211 172 758 451 440 676 1005 
3	0.0: 663 355 225 763 190 445 153 741 
0	0.0: 621 186 256 738 505 419 1 986 
0	0.0: 672 320 149 750 305 408 552 1251 
3	0.0: 733 433 187 789 180 402 206 1137 
3	0.0: 811 327 1 741 332 392 1 939 
0	0.0: 860 413 521 795 185 420 422 1139 
3	0.0: 804 281 492 723 444 423 9 669 
3	0.0: 829 413 577 765 89 413 104 923 
3	0.0: 750 311 279 773 213 412 1 902 
0	0.0: 650 261 240 762 349 416 62 1146 
3	0.0: 683 457 194 778 170 398 127 878 
0	0.0: 694 341 804 745 269 427 92 640 
3	0.0: 608 319 240 716 461 429 472 576 
0	0.0: 642 336 261 745 506 438 114 995 
0	0.0: 804 380 166 724 367 453 24 1202 
3	0.0: 663 373 259 758 374 437 393 691 
0	0.0: 682 272 505 750 378 417 312 946 
0	0.0: 709 293 428 771 8 399 168 1122 
0	0.0: 945 163 546 765 302 430 303 994 
3	0.0: 777 346 282 754 330 408 56 918 
3	0.0: 716 243 129 738 106 407 4 1034 
3	0.0: 815 325 316 783 304 429 482 800 
3	0.0: 876 209 315 767 342 407 52 1217 
3	0.0: 659 253 257 733 260 433 179 659 
0	0.0: 641 251 684 734 386 413 157 1023 
0	0.0: 846 157 399 729 428 403 281 950 
3	0.0: 806 294 415 730 233 412 127 890 
3	0.0: 858 341 419 765 285 404 411 966 
3	0.0: 731 393 252 788 433 402 94 950 
0	0.0: 720 230 298 754 292 427 278 1206 
3	0.0: 713 294 114 728 299 439 53 819 
0	0.0: 654 168 251 798 575 447 329 959 
3	0.0: 763 267 341 722 236 441 305 710 
3	0.0: 696 204 493 728 202 423 150 702 
3	0.0: 597 335 83 773 401 411 1 816 
0	0.0: 508 228 391 736 406 421 1 927 
3	0.0: 821 374 21 731 357 433 1 689 
3	0.0: 808 271 22 738 312 419 57 1188 
0	0.0: 675 380 506 770 123 403 750 944 
0	0.0: 744 304 337 748 430 437 264 1316 
3	0.0: 764 482 190 766 339 419 329 727 
0	0.0: 542 231 269 785 435 421 166 994 
0	0.0: 640 278 677 765 414 412 297 1107 
0	0.0: 613 269 389 769 97 424 521 1048 
0	0.0: 878 187 376 754 253 436 289 1166 
3	0.0: 773 292 369 741 385 415 1 822 
3	0.0: 688 306 474 757 148 421 132 811 
3	0.0: 748 304 390 709 318 409 60 847 
0	0.0: 669 336 271 748 116 419 508 1262 
3	0.0: 895 242 293 744 301 425 25 1023 
0	0.0: 613 313 624 721 430 426 256 746 
0	0.0: 732 325 525 770 315 410 418 961 
3	0.0: 816 330 287 744 382 433 256 747 
3	0.0: 700 407 288 742 357 420 1 834 
3	0.0: 686 300 270 776 368 402 34 1053 
0	0.0: 660 393 108 718 235 409 439 979 
3	0.0: 717 288 363 748 251 400 56 354 
3	0.0: 858 283 229 763 388 440 298 922 
0	0.0: 823 254 397 703 488 424 452 1068 
3	0.0: 694 474 141 754 207 407 49 809 
3	0.0: 896 300 204 768 334 420 205 854 
3	0.0: 738 234 146 754 340 422 82 967 
3	0.0: 686 325 312 764 449 419 100 617 
0	0.0: 765 343 262 726 483 434 471 1127 
3	0.0: 790 167 100 749 382 432 117 784 
3	0.0: 682 275 522 768 312 400 100 693 
3	0.0: 793 332 194 739 151 425 219 1056 
0	0.0: 660 268 283 760 218 437 545 947 
3	0.0: 801 254 634 728 275 419 207 450 
3	0.0: 786 270 465 753 173 437 1 691 
0	0.0: 794 230 196 721 287 424 201 1083 
3	0.0: 797 288 195 741 656 426 177 795 
3	0.0: 785 349 529 783 313 428 1 933 
3	0.0: 708 404 306 752 340 418 371 729 
3	0.0: 812 447 256 769 405 421 94 1162 
3	0.0: 810 366 380 785 389 403 206 619 
3	0.0: 700 298 202 769 367 394 294 419 
3	0.0: 894 349 583 760 484 424 187 497 
3	0.0: 679 267 313 756 357 427 343 579 
3	0.0: 753 371 270 747 335 421 338 823 
3	0.0: 908 307 286 733 258 413 295 1059 
3	0.0: 577 349 22 778 200 413 54 1132 
0	0.0: 730 294 283 751 489 400 269 1009 
0	0.0: 624 259 442 739 187 421 5 1005 
3	0.0: 632 361 371 783 379 453 100 683 
0	0.0: 555 315 244 764 253 406 416 954 
3	0.0: 955 371 359 762 225 418 148 837 
3	0.0: 896 120 235 721 390 415 126 700 
0	0.0: 753 302 386 727 326 432 180 982 
0	0.0: 683 255 317 740 314 429 205 985 
3	0.0: 778 240 258 725 294 417 346 810 
0	0.0: 751 427 162 745 448 429 343 1249 
0	0.0: 608 202 604 742 265 428 1 1194 
3	0.0: 617 407 382 781 369 422 345 643 
0	0.0: 716 216 403 752 243 445 323 829 
3	0.0: 812 299 208 783 426 422 355 771 
3	0.0: 687 289 322 754 222 429 1 872 
0	0.0: 645 390 241 718 508 432 192 877 
0	0.0: 821 133 618 767 516 421 337 848 
3	0.0: 754 169 351 775 442 436 81 573 
3	0.0: 683 349 344 765 201 416 31 484 
0	0.0: 692 167 277 741 442 408 276 1030 
0	0.0: 617 340 160 770 441 396 566 979 
3	0.0: 780 293 124 755 138 446 466 714 
0	0.0: 608 256 518 742 373 448 214 1134 
3	0.0: 878 304 335 719 363 416 1 846 
3	0.0: 875 208 467 752 443 438 192 696 
0	0.0: 741 329 362 748 573 434 303 1101 
3	0.0: 752 284 88 773 432 426 248 1094 
