2	0.0: 318 105 75 202 814 996 772 913 
2	0.0: 298 1 6 279 833 917 841 790 
2	0.0: 309 1 1 191 816 996 814 821 
2	0.0: 307 335 1 267 830 1006 1053 562 
2	0.0: 361 60 1 221 804 985 862 784 
2	0.0: 280 197 199 110 814 939 705 757 
2	0.0: 315 56 132 208 813 1024 823 884 
2	0.0: 322 228 112 208 833 917 985 992 
2	0.0: 293 1 118 145 827 878 1019 1049 
2	0.0: 318 1 1 336 831 926 909 737 
2	0.0: 347 190 1 182 811 887 1080 561 
2	0.0: 339 292 133 228 803 922 856 903 
2	0.0: 323 1 103 166 805 930 1113 758 
2	0.0: 329 108 147 75 820 898 787 997 
2	0.0: 301 141 1 221 806 918 916 725 
2	0.0: 312 59 1 231 808 884 835 844 
2	0.0: 326 125 224 109 825 978 993 720 
2	0.0: 335 361 1 206 820 940 1056 827 
2	0.0: 338 86 38 252 819 945 852 845 
2	0.0: 284 93 109 143 816 890 912 934 
2	0.0: 288 61 121 87 813 951 1008 922 
2	0.0: 322 145 85 77 821 984 935 637 
2	0.0: 352 35 1 111 813 1035 752 607 
2	0.0: 332 252 13 201 819 908 688 970 
2	0.0: 249 256 53 95 822 998 960 834 
2	0.0: 306 1 8 165 827 886 835 697 
2	0.0: 287 9 1 146 804 929 883 798 
2	0.0: 293 218 1 259 820 945 809 923 
2	0.0: 235 258 1 144 815 902 955 542 
2	0.0: 351 1 82 27 815 959 801 669 
2	0.0: 365 180 195 81 816 1000 819 825 
2	0.0: 352 153 20 206 805 967 875 578 
2	0.0: 405 169 55 127 814 921 914 821 
2	0.0: 322 150 1 35 810 972 875 833 
2	0.0: 364 282 170 4 815 919 915 884 
2	0.0: 345 1 171 274 814 930 969 1028 
2	0.0: 334 131 255 125 816 885 978 797 
2	0.0: 305 155 1 362 817 943 850 875 
2	0.0: 344 1 79 276 822 940 947 727 
2	0.0: 288 263 1 101 817 904 1044 605 
2	0.0: 289 186 249 174 807 899 967 716 
2	0.0: 351 29 348 181 824 894 906 917 
2	0.0: 283 220 15 280 814 900 813 740 
2	0.0: 273 174 58 210 825 908 894 990 
2	0.0: 276 1 1 133 814 956 775 827 
2	0.0: 354 136 243 122 826 937 964 868 
2	0.0: 276 174 61 151 808 933 772 903 
2	0.0: 329 1 55 19 823 965 846 710 
2	0.0: 335 1 117 126 811 962 951 947 
2	0.0: 303 1 1 115 815 941 813 655 
2	0.0: 362 32 1 152 821 920 774 578 
2	0.0: 306 25 1 143 822 1001 946 811 
2	0.0: 284 1 270 285 819 931 965 801 
2	0.0: 277 1 67 165 815 946 1094 902 
2	0.0: 366 171 296 102 812 988 868 671 
2	0.0: 303 250 46 138 828 952 890 757 
2	0.0: 305 166 242 171 817 945 737 713 
2	0.0: 339 127 73 112 802 895 941 650 
2	0.0: 302 1 38 166 816 899 832 801 
2	0.0: 274 9 216 153 827 940 608 651 
2	0.0: 267 3 94 156 814 1021 1063 807 
2	0.0: 315 115 158 72 815 1049 1064 734 
2	0.0: 312 173 176 116 841 953 891 1003 
2	0.0: 302 58 114 179 808 927 914 855 
2	0.0: 340 93 15 1 815 931 887 617 
2	0.0: 307 190 31 287 818 978 880 638 
2	0.0: 350 131 175 144 821 967 810 1033 
2	0.0: 311 125 1 132 813 988 825 884 
2	0.0: 288 162 1 141 820 931 997 647 
2	0.0: 332 1 196 188 814 920 777 725 
2	0.0: 257 1 134 53 838 906 1020 876 
2	0.0: 319 82 1 118 806 965 923 909 
2	0.0: 333 163 97 195 824 951 967 684 
2	0.0: 311 123 49 279 803 910 753 737 
2	0.0: 298 156 12 40 826 910 1003 1032 
2	0.0: 309 69 1 194 842 927 1066 814 
2	0.0: 325 300 288 189 841 950 1007 734 
2	0.0: 350 1 6 149 819 900 940 671 
2	0.0: 307 21 175 6 810 880 929 894 
2	0.0: 311 47 94 298 816 898 986 989 
2	0.0: 317 272 61 109 799 960 683 1130 
2	0.0: 308 1 1 229 821 911 1041 797 
2	0.0: 276 133 179 217 812 931 907 931 
2	0.0: 386 228 179 333 818 849 812 689 
2	0.0: 364 9 1 1 806 938 827 822 
2	0.0: 343 1 158 160 814 1023 644 877 
2	0.0: 337 139 33 156 819 1033 984 918 
2	0.0: 303 196 182 182 813 853 917 910 
2	0.0: 314 104 1 111 822 875 877 844 
2	0.0: 313 324 110 265 818 902 931 850 
2	0.0: 315 182 1 326 814 963 920 797 
2	0.0: 366 1 1 212 816 896 816 854 
2	0.0: 292 77 110 142 811 953 1085 1072 
2	0.0: 319 1 49 101 814 959 1003 765 
2	0.0: 314 32 114 71 822 993 699 727 
2	0.0: 326 44 1 8 822 844 806 704 
2	0.0: 376 34 107 80 823 969 971 783 
2	0.0: 338 224 75 252 829 946 917 776 
2	0.0: 336 122 44 196 819 1010 898 892 
2	0.0: 379 159 67 137 825 910 716 927 
2	0.0: 318 254 1 72 830 902 901 774 
2	0.0: 270 435 215 191 817 949 931 623 
2	0.0: 360 1 1 201 814 973 975 674 
2	0.0: 294 193 1 174 805 992 1014 1183 
2	0.0: 339 120 7 313 814 892 751 962 
2	0.0: 380 1 103 169 825 916 1005 694 
2	0.0: 320 516 1 128 819 935 934 791 
2	0.0: 308 52 1 232 834 893 795 629 
2	0.0: 353 1 1 52 833 883 798 891 
2	0.0: 301 18 123 292 825 980 859 805 
2	0.0: 320 71 113 45 823 981 816 933 
2	0.0: 344 1 1 117 816 929 910 936 
2	0.0: 362 229 130 261 809 962 955 808 
2	0.0: 354 132 157 38 822 928 888 840 
2	0.0: 285 183 1 175 817 971 747 569 
2	0.0: 311 11 1 91 814 914 919 739 
2	0.0: 302 5 1 182 820 962 524 637 
2	0.0: 367 33 87 73 818 896 1107 545 
2	0.0: 302 107 41 48 823 882 955 912 
2	0.0: 320 9 230 194 827 840 728 743 
2	0.0: 334 145 66 187 822 994 811 755 
2	0.0: 331 124 68 1 820 905 1021 870 
2	0.0: 309 175 1 153 800 858 1047 550 
2	0.0: 299 1 49 81 815 986 827 566 
2	0.0: 325 1 1 224 823 936 942 707 
2	0.0: 312 87 175 147 810 959 893 1085 
2	0.0: 322 138 1 100 818 978 1044 816 
2	0.0: 341 179 103 256 804 1020 751 724 
2	0.0: 344 186 96 240 807 981 922 966 
2	0.0: 300 40 10 29 809 913 944 681 
2	0.0: 295 1 1 132 821 854 1112 763 
2	0.0: 301 228 84 162 808 939 877 956 
2	0.0: 297 1 161 240 803 938 789 859 
2	0.0: 259 1 1 186 804 939 987 724 
2	0.0: 290 160 1 318 821 874 1035 991 
2	0.0: 328 1 53 134 812 948 862 965 
2	0.0: 286 182 185 484 823 1006 1130 1087 
2	0.0: 298 171 124 109 837 816 1054 859 
2	0.0: 344 123 266 197 797 923 1066 886 
2	0.0: 310 176 131 421 818 1005 1212 949 
2	0.0: 298 18 1 247 820 939 1097 803 
2	0.0: 262 87 91 43 821 924 907 723 
2	0.0: 278 87 43 230 813 880 1046 804 
2	0.0: 285 45 195 288 822 935 845 791 
2	0.0: 338 155 122 199 831 908 947 945 
2	0.0: 309 169 46 125 804 973 1059 885 
2	0.0: 263 64 111 11 805 936 882 694 
2	0.0: 345 302 1 192 816 954 1113 948 
2	0.0: 309 137 45 229 800 967 900 744 
2	0.0: 329 81 1 32 804 971 1029 729 
2	0.0: 334 109 270 254 817 977 816 930 
2	0.0: 334 1 130 173 810 941 845 802 
2	0.0: 292 54 60 208 808 990 1007 866 
2	0.0: 308 116 42 177 823 943 791 851 
2	0.0: 353 1 1 52 818 944 991 883 
2	0.0: 343 152 135 180 809 961 969 774 
2	0.0: 328 195 1 148 822 932 913 723 
2	0.0: 316 180 45 194 820 965 1014 1013 
2	0.0: 273 229 89 186 814 932 933 818 
2	0.0: 315 1 1 15 807 910 1038 809 
2	0.0: 300 406 80 90 810 921 979 623 
2	0.0: 311 207 110 191 822 961 774 855 
2	0.0: 360 533 1 195 823 916 728 871 
2	0.0: 283 220 237 87 830 967 895 971 
2	0.0: 375 152 141 97 837 849 685 672 
2	0.0: 282 341 175 157 814 913 954 759 
2	0.0: 295 177 94 79 815 873 928 746 
2	0.0: 346 431 62 160 809 926 878 620 
2	0.0: 330 87 1 223 812 963 879 715 
2	0.0: 288 159 1 131 815 901 712 736 
2	0.0: 379 162 52 198 818 938 784 849 
2	0.0: 343 1 160 277 817 920 842 706 
2	0.0: 363 1 183 170 826 895 1024 903 
2	0.0: 329 53 215 192 840 933 1053 745 
2	0.0: 383 96 59 143 813 974 820 671 
2	0.0: 341 48 277 238 804 921 677 895 
2	0.0: 362 1 1 210 823 897 874 867 
2	0.0: 347 128 167 115 818 982 977 901 
2	0.0: 317 2 139 227 822 952 1029 1039 
2	0.0: 298 149 59 88 817 851 1089 683 
2	0.0: 321 163 1 199 818 880 895 1044 
2	0.0: 315 148 60 218 811 938 974 930 
2	0.0: 355 187 150 165 825 937 879 801 
2	0.0: 308 141 86 42 843 966 919 523 
2	0.0: 301 52 14 35 805 918 1108 709 
2	0.0: 310 62 1 215 815 920 705 699 
2	0.0: 272 380 184 264 828 960 990 810 
2	0.0: 324 1 1 159 820 957 868 741 
2	0.0: 325 102 159 111 809 897 1018 860 
2	0.0: 310 21 75 158 809 923 715 875 
2	0.0: 317 1 1 114 840 921 803 818 
2	0.0: 291 38 88 237 836 879 1031 730 
2	0.0: 303 78 1 123 814 943 802 734 
2	0.0: 301 1 178 81 818 981 1194 903 
2	0.0: 320 135 1 115 821 934 930 836 
2	0.0: 294 36 8 123 819 995 957 1082 
2	0.0: 314 1 309 8 832 892 1030 827 
2	0.0: 286 50 226 98 815 988 952 956 
2	0.0: 371 1 7 97 812 895 929 823 
2	0.0: 293 54 190 13 820 907 854 801 
2	0.0: 304 218 1 175 823 946 1122 793 
2	0.0: 325 364 52 214 823 941 997 787 
2	0.0: 279 1 1 283 824 881 675 800 
2	0.0: 321 218 26 211 812 899 839 830 
2	0.0: 368 110 1 48 826 938 868 1117 
2	0.0: 304 151 33 375 813 928 713 546 
2	0.0: 356 1 1 189 824 945 876 738 
2	0.0: 350 118 1 39 804 979 1019 923 
2	0.0: 304 157 1 34 825 970 1031 769 
2	0.0: 306 121 14 142 829 875 1102 753 
2	0.0: 308 158 14 346 830 964 752 815 
2	0.0: 335 330 23 156 815 1005 788 614 
2	0.0: 324 90 1 371 827 1020 861 554 
2	0.0: 284 195 36 206 813 896 920 823 
2	0.0: 320 69 1 173 811 937 779 673 
2	0.0: 311 159 169 187 823 943 1055 644 
2	0.0: 318 160 84 162 820 971 910 805 
2	0.0: 364 38 281 130 827 975 928 1021 
2	0.0: 329 1 128 145 820 876 1034 975 
2	0.0: 352 153 1 106 816 1027 1101 995 
2	0.0: 317 1 68 29 813 959 810 650 
2	0.0: 329 22 1 102 828 975 725 715 
2	0.0: 334 89 78 296 823 949 1092 802 
2	0.0: 327 1 110 209 823 928 1039 877 
2	0.0: 312 259 61 36 817 941 1057 794 
2	0.0: 323 1 189 82 830 950 963 736 
2	0.0: 265 102 1 138 820 933 751 880 
2	0.0: 357 39 59 108 799 1026 730 654 
2	0.0: 319 209 156 214 812 891 766 921 
2	0.0: 312 76 1 114 813 816 832 947 
2	0.0: 332 66 215 69 793 922 1278 685 
2	0.0: 377 287 165 288 823 969 860 837 
2	0.0: 285 50 86 175 822 916 946 759 
2	0.0: 253 64 1 77 803 844 836 816 
2	0.0: 306 15 136 1 797 891 733 770 
2	0.0: 339 187 51 230 816 877 761 861 
2	0.0: 261 143 157 238 806 919 1060 511 
2	0.0: 366 201 231 96 819 947 987 734 
2	0.0: 385 1 1 268 823 964 971 743 
2	0.0: 339 1 109 1 810 974 935 580 
2	0.0: 359 44 53 209 834 922 840 1000 
2	0.0: 306 84 54 337 818 983 669 775 
2	0.0: 295 47 226 179 821 975 883 908 
2	0.0: 278 1 5 145 805 964 938 830 
2	0.0: 348 247 1 33 825 938 853 836 
2	0.0: 333 103 112 196 827 918 841 819 
2	0.0: 307 176 164 177 799 887 972 723 
2	0.0: 296 241 160 28 814 985 736 750 
2	0.0: 340 144 11 181 803 896 974 570 
2	0.0: 310 216 297 82 811 987 823 755 
2	0.0: 273 1 115 84 812 980 732 625 
2	0.0: 367 17 47 242 815 972 829 861 
2	0.0: 304 122 164 23 812 968 914 964 
2	0.0: 358 99 61 59 810 888 821 532 
2	0.0: 337 5 123 189 807 963 778 476 
2	0.0: 281 7 1 58 817 897 784 807 
2	0.0: 351 373 112 145 821 862 713 908 
2	0.0: 331 148 185 116 818 883 803 733 
2	0.0: 301 178 85 110 819 834 983 841 
2	0.0: 294 1 38 205 826 962 1024 657 
2	0.0: 288 174 133 238 814 895 1082 942 
2	0.0: 308 1 78 198 823 1000 784 1012 
2	0.0: 310 179 179 41 817 934 886 750 
2	0.0: 315 208 15 123 822 903 854 758 
2	0.0: 335 1 1 12 810 942 836 866 
2	0.0: 281 1 16 256 804 969 790 750 
2	0.0: 329 201 69 121 815 888 932 955 
2	0.0: 309 86 14 157 815 897 871 910 
2	0.0: 371 128 1 132 812 1013 817 786 
2	0.0: 339 70 1 180 818 933 719 1063 
2	0.0: 299 144 1 171 813 960 957 719 
2	0.0: 320 179 68 203 826 958 1015 719 
2	0.0: 355 27 1 72 838 924 900 878 
2	0.0: 350 81 1 38 831 942 862 867 
2	0.0: 336 256 90 195 814 972 1032 837 
2	0.0: 301 1 107 47 834 950 769 823 
2	0.0: 347 95 1 149 798 971 900 581 
2	0.0: 330 1 58 47 830 923 756 815 
2	0.0: 372 1 1 113 822 971 1115 842 
2	0.0: 293 232 184 221 808 920 890 843 
2	0.0: 309 100 145 65 822 968 993 1092 
2	0.0: 328 98 195 105 822 948 918 713 
2	0.0: 370 1 75 1 817 976 904 760 
2	0.0: 338 86 60 102 801 894 802 633 
2	0.0: 358 217 1 91 810 886 980 929 
2	0.0: 300 288 96 1 835 936 797 718 
2	0.0: 315 78 1 209 800 892 1052 907 
2	0.0: 279 47 164 274 820 845 834 780 
2	0.0: 296 318 91 130 815 993 870 947 
2	0.0: 338 257 187 181 806 863 959 801 
2	0.0: 284 183 113 231 826 979 1040 812 
2	0.0: 275 1 181 202 828 893 885 1057 
2	0.0: 272 96 39 59 840 904 934 930 
2	0.0: 361 103 1 91 793 897 873 783 
2	0.0: 273 269 25 202 825 988 962 986 
2	0.0: 379 1 92 73 818 1003 856 978 
2	0.0: 332 87 10 208 823 863 908 880 
2	0.0: 304 1 52 27 826 968 794 677 
2	0.0: 338 1 206 289 813 988 934 747 
2	0.0: 311 110 76 9 811 957 926 877 
2	0.0: 346 26 71 229 817 971 1000 698 
2	0.0: 318 8 5 1 820 894 984 1011 
2	0.0: 312 20 1 74 824 998 1055 536 
2	0.0: 385 131 25 169 818 969 830 850 
2	0.0: 316 94 1 172 812 980 1054 761 
2	0.0: 313 45 7 202 829 975 923 795 
2	0.0: 314 135 185 307 822 937 826 744 
2	0.0: 253 65 199 47 808 978 774 827 
2	0.0: 284 155 1 124 813 920 719 775 
2	0.0: 296 1 105 168 811 989 959 903 
2	0.0: 281 214 1 39 822 930 834 667 
2	0.0: 346 24 71 177 802 911 886 841 
2	0.0: 326 1 1 261 816 949 940 784 
2	0.0: 335 95 24 265 828 971 839 802 
2	0.0: 324 66 1 175 806 905 688 840 
2	0.0: 320 218 2 185 812 945 956 584 
2	0.0: 352 91 131 109 805 968 911 1094 
2	0.0: 332 54 55 227 811 1004 886 850 
2	0.0: 302 1 1 86 801 945 788 712 
2	0.0: 327 1 40 155 811 928 824 694 
2	0.0: 316 60 34 160 817 1027 998 743 
2	0.0: 343 1 9 292 822 952 801 816 
2	0.0: 363 400 42 256 791 982 790 852 
2	0.0: 301 181 86 172 815 951 981 689 
2	0.0: 374 166 106 54 814 955 790 629 
2	0.0: 281 73 338 287 814 868 914 755 
2	0.0: 340 28 1 123 831 854 927 743 
2	0.0: 290 271 173 167 822 922 733 865 
2	0.0: 389 1 1 110 805 954 881 717 
2	0.0: 303 18 1 144 812 956 968 849 
2	0.0: 281 201 124 339 835 979 1019 878 
2	0.0: 289 182 92 266 813 975 1121 784 
2	0.0: 336 316 229 43 815 948 1016 995 
2	0.0: 353 185 13 128 829 858 795 933 
2	0.0: 297 74 19 132 820 968 750 1138 
2	0.0: 323 1 78 146 810 908 880 635 
2	0.0: 316 191 188 112 822 911 894 980 
2	0.0: 334 1 1 156 808 881 993 764 
2	0.0: 300 1 1 100 822 1014 958 867 
2	0.0: 336 131 44 139 796 928 1060 699 
2	0.0: 330 73 178 11 829 966 877 693 
2	0.0: 322 34 1 48 837 976 1098 782 
2	0.0: 351 326 1 1 820 905 848 685 
2	0.0: 315 1 87 76 828 1082 945 752 
2	0.0: 297 194 1 1 830 946 839 723 
2	0.0: 320 1 1 11 806 847 761 723 
2	0.0: 273 102 1 341 819 961 946 1081 
2	0.0: 337 1 149 152 823 935 1055 1040 
2	0.0: 319 134 244 245 805 962 628 869 
2	0.0: 290 1 34 78 819 887 865 901 
2	0.0: 293 236 101 177 823 924 973 821 
2	0.0: 319 115 1 154 824 951 1075 753 
2	0.0: 333 103 1 103 812 910 745 1016 
2	0.0: 277 213 74 173 816 908 900 902 
2	0.0: 327 120 1 234 834 806 981 987 
2	0.0: 319 356 60 117 831 942 866 828 
2	0.0: 286 193 220 270 828 975 801 874 
2	0.0: 371 64 236 198 825 1003 900 978 
2	0.0: 303 83 75 82 829 921 1053 998 
2	0.0: 272 59 86 172 827 1001 1028 652 
2	0.0: 380 161 1 107 808 905 704 1070 
2	0.0: 375 96 115 276 813 938 867 852 
2	0.0: 344 196 1 207 816 1010 866 770 
2	0.0: 298 29 1 270 818 1007 775 973 
2	0.0: 333 94 1 143 824 1016 986 777 
2	0.0: 338 147 30 210 819 953 873 745 
2	0.0: 333 65 159 110 828 978 743 660 
2	0.0: 351 138 97 141 822 905 813 728 
2	0.0: 298 130 1 187 830 958 889 724 
2	0.0: 303 172 1 102 811 942 929 993 
2	0.0: 334 209 235 177 818 874 1073 836 
2	0.0: 297 14 30 194 809 995 817 910 
2	0.0: 367 400 1 132 804 923 936 809 
2	0.0: 336 112 256 32 837 918 992 1009 
2	0.0: 363 440 1 84 818 927 1062 865 
2	0.0: 294 175 39 1 813 978 994 757 
2	0.0: 352 70 80 161 822 894 968 869 
2	0.0: 364 189 82 1 812 920 879 717 
2	0.0: 324 285 12 158 820 982 933 799 
2	0.0: 295 253 201 213 807 933 878 775 
2	0.0: 322 1 222 22 832 893 1145 909 
2	0.0: 322 90 150 14 825 941 897 871 
2	0.0: 340 389 38 112 818 955 1025 980 
2	0.0: 324 1 1 150 825 942 915 796 
2	0.0: 286 250 174 203 803 936 1007 818 
2	0.0: 292 1 94 154 808 955 1019 738 
2	0.0: 264 99 1 114 823 1042 900 740 
2	0.0: 355 1 219 63 810 911 745 860 
2	0.0: 346 198 129 192 824 963 943 761 
2	0.0: 325 136 22 96 816 963 1064 793 
2	0.0: 366 341 42 130 813 843 671 869 
2	0.0: 344 1 71 183 821 965 677 768 
2	0.0: 316 222 151 173 824 993 784 837 
2	0.0: 326 147 1 174 817 766 751 885 
2	0.0: 309 219 79 95 823 923 953 562 
2	0.0: 300 21 70 300 830 896 986 692 
2	0.0: 323 331 1 158 828 882 701 855 
2	0.0: 305 82 43 179 817 916 797 855 
2	0.0: 268 2 39 157 806 957 982 946 
2	0.0: 303 125 31 222 819 975 806 797 
2	0.0: 319 135 1 111 815 893 821 698 
2	0.0: 354 191 1 283 818 956 698 780 
2	0.0: 333 213 78 165 824 904 993 770 
2	0.0: 288 122 1 153 815 933 648 897 
2	0.0: 295 73 107 162 817 894 1038 946 
2	0.0: 361 285 130 172 818 956 737 771 
2	0.0: 236 167 219 123 813 914 999 630 
2	0.0: 345 228 1 195 816 980 939 677 
2	0.0: 307 182 59 243 814 915 817 696 
2	0.0: 321 118 1 122 833 1010 875 657 
2	0.0: 291 1 24 201 817 860 717 724 
2	0.0: 298 303 103 127 823 1011 799 730 
2	0.0: 299 42 9 73 808 910 959 685 
2	0.0: 294 1 312 39 835 913 907 767 
2	0.0: 297 157 14 238 809 914 1153 1024 
2	0.0: 279 148 183 247 802 905 873 748 
2	0.0: 327 49 247 92 832 956 882 897 
2	0.0: 311 250 139 29 822 907 854 873 
2	0.0: 339 268 1 168 819 940 994 840 
2	0.0: 316 141 49 118 826 905 811 680 
2	0.0: 315 171 1 213 810 1007 804 612 
2	0.0: 355 115 1 75 804 1023 729 805 
2	0.0: 284 319 1 306 807 959 936 713 
2	0.0: 292 123 107 75 818 898 848 735 
2	0.0: 268 113 4 174 821 963 986 973 
2	0.0: 278 121 1 98 818 947 878 1020 
2	0.0: 328 105 1 74 818 978 835 538 
2	0.0: 293 75 1 57 814 985 816 675 
2	0.0: 376 28 1 59 813 919 866 789 
2	0.0: 320 35 9 76 823 972 793 713 
2	0.0: 380 98 92 140 827 958 841 741 
2	0.0: 318 1 80 172 814 923 916 522 
2	0.0: 311 289 104 133 801 906 906 528 
2	0.0: 256 163 33 113 824 873 996 777 
2	0.0: 300 1 82 322 840 929 1064 788 
2	0.0: 274 1 134 1 820 961 986 1018 
2	0.0: 309 115 1 42 829 937 807 644 
2	0.0: 304 153 1 211 826 829 1022 603 
2	0.0: 346 116 307 107 806 873 572 757 
2	0.0: 324 111 139 117 820 974 995 709 
2	0.0: 343 288 1 30 837 863 1020 758 
2	0.0: 341 49 69 125 818 930 801 802 
2	0.0: 284 247 160 79 818 950 916 723 
2	0.0: 394 129 48 151 830 977 1145 692 
2	0.0: 333 257 91 135 805 990 977 877 
2	0.0: 281 1 69 47 806 987 930 660 
2	0.0: 269 159 1 149 819 914 938 901 
2	0.0: 305 223 56 150 801 1027 874 684 
2	0.0: 286 92 97 173 815 869 946 762 
2	0.0: 373 139 147 1 805 997 813 1017 
2	0.0: 257 142 1 104 820 938 1099 572 
2	0.0: 307 164 1 96 823 943 993 726 
2	0.0: 283 120 22 51 812 895 1066 913 
2	0.0: 332 95 1 173 829 905 963 658 
2	0.0: 316 187 1 1 808 868 981 717 
2	0.0: 303 157 66 211 798 923 863 783 
2	0.0: 306 201 185 236 826 943 1151 655 
2	0.0: 371 51 74 328 806 871 970 789 
2	0.0: 325 103 1 69 817 876 1017 814 
2	0.0: 321 188 110 213 826 979 612 843 
2	0.0: 306 134 1 136 822 970 814 683 
2	0.0: 390 255 1 101 818 981 771 1103 
2	0.0: 312 263 1 230 804 909 878 970 
2	0.0: 289 188 70 94 830 973 1134 812 
2	0.0: 378 1 1 189 812 949 921 659 
2	0.0: 272 1 42 349 794 925 987 620 
2	0.0: 346 1 118 253 821 997 880 709 
2	0.0: 277 221 14 4 807 905 931 879 
2	0.0: 340 45 43 119 816 1007 857 797 
2	0.0: 311 233 72 209 818 901 1027 681 
2	0.0: 338 1 110 102 821 906 966 888 
2	0.0: 366 144 17 112 821 912 877 620 
2	0.0: 296 23 141 147 813 976 1142 755 
2	0.0: 352 209 174 85 823 925 1034 859 
2	0.0: 347 1 61 219 821 869 1006 546 
2	0.0: 355 96 172 269 813 939 935 646 
2	0.0: 340 50 46 198 825 916 985 865 
2	0.0: 352 66 49 164 815 855 1176 821 
2	0.0: 316 1 1 197 810 983 980 786 
2	0.0: 359 69 1 250 806 928 743 839 
2	0.0: 316 157 60 13 830 901 1078 612 
2	0.0: 328 131 1 198 819 915 616 858 
2	0.0: 265 244 1 219 819 863 613 929 
2	0.0: 325 74 1 134 838 934 812 690 
2	0.0: 330 205 50 57 814 903 1024 764 
2	0.0: 271 203 92 238 814 974 890 740 
2	0.0: 351 1 1 128 825 947 857 888 
2	0.0: 302 318 19 64 815 893 1043 809 
2	0.0: 350 246 80 221 795 899 842 858 
2	0.0: 292 30 144 272 823 974 704 876 
2	0.0: 343 1 1 244 816 949 692 438 
2	0.0: 354 1 125 163 804 982 1075 662 
2	0.0: 376 1 85 156 825 931 1099 755 
2	0.0: 323 119 131 160 811 941 890 851 
2	0.0: 355 79 110 104 811 989 1123 784 
2	0.0: 317 275 34 125 822 882 1148 872 
2	0.0: 319 347 57 118 809 901 837 780 
2	0.0: 306 56 165 37 817 950 951 747 
2	0.0: 285 137 205 333 789 1053 862 773 
2	0.0: 346 45 74 245 819 986 729 755 
2	0.0: 314 217 1 324 819 994 771 553 
2	0.0: 327 203 7 196 816 933 951 655 
2	0.0: 302 1 1 275 823 869 780 957 
2	0.0: 268 54 134 39 805 888 789 964 
2	0.0: 345 175 1 1 813 986 926 772 
2	0.0: 316 233 104 107 824 942 936 926 
2	0.0: 263 87 179 174 815 962 1046 771 
2	0.0: 296 1 1 83 811 829 885 845 
2	0.0: 273 1 1 101 814 959 728 676 
2	0.0: 274 37 41 185 794 980 718 689 
2	0.0: 291 197 1 146 816 930 1096 940 
2	0.0: 340 21 9 158 817 915 924 928 
2	0.0: 311 61 1 269 805 968 885 793 
2	0.0: 314 118 117 92 809 894 881 913 
2	0.0: 370 186 340 301 804 967 878 860 
2	0.0: 333 127 1 96 825 1021 950 729 
2	0.0: 307 176 178 98 835 954 921 971 
2	0.0: 299 192 50 83 812 1024 845 745 
2	0.0: 294 1 1 166 811 968 904 670 
2	0.0: 297 1 154 183 828 945 903 850 
2	0.0: 334 118 127 234 834 868 1035 811 
2	0.0: 306 119 1 213 810 958 789 967 
2	0.0: 289 169 60 50 816 943 953 765 
2	0.0: 311 48 93 37 818 945 933 800 
2	0.0: 259 55 1 133 827 923 858 844 
2	0.0: 311 188 1 72 811 894 927 567 
2	0.0: 326 13 120 94 802 931 971 677 
2	0.0: 353 1 276 69 807 968 1160 819 
2	0.0: 274 161 24 109 820 994 1036 603 
2	0.0: 363 1 5 320 813 920 758 828 
2	0.0: 293 42 183 125 795 895 1111 891 
2	0.0: 301 10 134 246 805 945 703 769 
2	0.0: 349 26 69 69 819 875 843 813 
2	0.0: 306 42 65 168 818 944 873 992 
2	0.0: 269 175 1 193 818 953 851 630 
2	0.0: 349 107 36 194 817 948 1103 900 
2	0.0: 291 228 167 175 813 992 1111 738 
2	0.0: 300 115 199 64 827 926 972 625 
2	0.0: 329 1 16 122 816 823 830 828 
2	0.0: 350 196 3 203 814 862 941 747 
2	0.0: 329 274 66 23 817 955 908 705 
2	0.0: 326 225 1 47 824 929 692 856 
2	0.0: 334 301 247 267 814 966 859 756 
2	0.0: 286 1 63 147 803 1007 961 854 
2	0.0: 289 1 96 199 838 899 999 760 
2	0.0: 327 165 120 263 803 802 1052 481 
2	0.0: 301 1 1 117 827 955 844 759 
2	0.0: 319 294 183 259 814 956 876 794 
2	0.0: 285 104 1 74 832 972 949 873 
2	0.0: 323 31 1 65 813 906 953 989 
2	0.0: 333 392 1 1 827 827 933 863 
2	0.0: 301 147 76 97 807 939 1102 954 
2	0.0: 336 61 1 65 814 981 948 820 
2	0.0: 288 203 70 220 817 902 854 740 
2	0.0: 314 151 10 309 819 939 1223 733 
2	0.0: 360 1 1 94 800 883 869 856 
2	0.0: 293 270 85 105 812 895 943 770 
2	0.0: 302 250 87 137 826 860 892 807 
2	0.0: 284 255 64 325 808 986 789 755 
2	0.0: 356 182 12 139 832 945 716 790 
2	0.0: 361 381 44 73 825 960 802 589 
2	0.0: 311 1 23 28 816 982 939 1005 
2	0.0: 338 71 109 172 830 907 997 965 
2	0.0: 342 352 1 161 805 924 967 911 
2	0.0: 304 20 262 195 822 857 838 809 
2	0.0: 341 155 5 183 825 926 1123 895 
2	0.0: 308 183 166 16 817 884 952 649 
2	0.0: 308 108 102 141 809 893 870 664 
2	0.0: 278 1 70 12 826 905 816 635 
2	0.0: 237 93 44 129 810 935 940 958 
2	0.0: 349 1 1 345 810 949 904 793 
2	0.0: 283 137 1 276 812 1007 932 712 
2	0.0: 303 38 48 2 815 1017 919 765 
2	0.0: 335 166 1 120 819 1021 1021 1082 
2	0.0: 309 330 1 129 828 961 1104 1028 
2	0.0: 335 349 1 79 800 913 903 806 
2	0.0: 368 93 231 145 823 922 852 588 
2	0.0: 317 1 1 83 837 1006 1094 933 
2	0.0: 362 122 1 139 827 978 1144 753 
2	0.0: 337 1 174 249 808 1013 865 946 
2	0.0: 300 231 1 205 792 928 1063 807 
2	0.0: 309 1 76 168 814 864 903 890 
2	0.0: 325 151 83 193 805 906 840 790 
2	0.0: 242 11 73 28 829 915 891 847 
2	0.0: 303 69 192 171 810 927 732 775 
2	0.0: 284 1 96 252 823 950 872 672 
2	0.0: 336 181 88 90 832 960 897 840 
2	0.0: 278 150 171 40 825 933 855 829 
2	0.0: 345 154 205 70 832 927 855 699 
2	0.0: 298 1 45 204 830 963 1003 1008 
2	0.0: 326 178 84 1 840 941 917 706 
2	0.0: 281 111 13 162 823 1008 1120 720 
2	0.0: 373 1 1 53 814 913 836 1025 
2	0.0: 312 1 1 1 819 975 951 866 
2	0.0: 266 1 19 89 838 894 1051 667 
2	0.0: 337 376 169 182 817 892 988 758 
2	0.0: 363 303 92 215 827 926 943 863 
2	0.0: 379 223 120 110 820 989 852 798 
2	0.0: 307 68 1 143 827 977 1030 677 
2	0.0: 318 176 1 40 827 888 800 937 
2	0.0: 244 114 1 153 822 922 808 805 
2	0.0: 224 94 155 288 817 993 813 877 
2	0.0: 313 269 1 187 812 895 798 902 
2	0.0: 318 66 154 1 809 999 899 904 
2	0.0: 281 31 1 91 843 897 1044 829 
2	0.0: 230 148 87 171 826 986 928 683 
2	0.0: 308 1 1 128 809 846 855 682 
2	0.0: 311 71 18 175 814 905 903 983 
2	0.0: 314 297 1 1 819 899 810 1101 
2	0.0: 340 193 84 213 810 999 899 915 
2	0.0: 295 144 1 187 823 970 834 731 
2	0.0: 296 254 42 237 798 1035 785 599 
2	0.0: 308 74 132 185 822 948 742 917 
2	0.0: 254 125 110 185 825 962 1236 1018 
2	0.0: 317 221 98 271 811 951 766 594 
2	0.0: 283 1 174 83 824 958 821 676 
2	0.0: 342 1 1 110 824 924 752 903 
2	0.0: 318 1 1 1 827 931 1001 807 
2	0.0: 306 52 1 77 824 1003 734 822 
2	0.0: 294 33 1 47 840 853 925 752 
2	0.0: 398 194 132 143 814 872 981 900 
2	0.0: 286 73 197 37 828 934 961 834 
2	0.0: 306 157 20 64 824 945 756 893 
2	0.0: 366 47 1 150 810 992 768 651 
2	0.0: 308 86 52 71 836 886 912 773 
2	0.0: 313 266 1 6 797 960 868 699 
2	0.0: 317 166 187 155 810 1005 1104 691 
2	0.0: 365 187 19 151 819 959 776 831 
2	0.0: 298 1 10 271 802 922 1014 733 
2	0.0: 342 178 119 251 821 948 872 912 
2	0.0: 325 39 43 184 829 912 876 796 
2	0.0: 318 102 195 28 813 947 977 754 
2	0.0: 283 446 60 73 835 974 960 793 
2	0.0: 363 86 283 121 814 915 849 849 
2	0.0: 349 260 335 129 824 884 838 555 
2	0.0: 293 84 1 44 829 913 958 973 
2	0.0: 321 80 23 91 813 935 1050 744 
2	0.0: 302 124 138 311 818 944 913 656 
2	0.0: 326 1 1 141 811 902 1140 637 
2	0.0: 327 9 157 347 807 911 1126 997 
2	0.0: 341 20 1 106 826 995 810 770 
2	0.0: 279 208 1 210 825 924 533 628 
2	0.0: 313 119 74 19 825 956 717 884 
2	0.0: 381 1 128 151 823 930 1058 703 
2	0.0: 362 84 115 158 820 883 1047 675 
2	0.0: 294 75 107 91 817 808 705 751 
2	0.0: 307 370 1 274 823 971 999 867 
2	0.0: 301 85 1 194 829 899 924 679 
2	0.0: 352 246 1 146 812 1001 806 770 
2	0.0: 236 357 93 163 814 889 874 977 
2	0.0: 298 132 158 141 815 960 913 701 
2	0.0: 323 14 143 43 826 950 892 869 
2	0.0: 276 6 129 253 810 993 786 877 
2	0.0: 341 148 191 277 809 942 874 782 
2	0.0: 332 178 295 111 809 903 746 747 
2	0.0: 310 36 221 133 813 951 995 853 
2	0.0: 300 46 9 144 823 882 986 871 
2	0.0: 296 1 1 24 796 981 755 830 
2	0.0: 362 133 24 127 826 924 803 760 
2	0.0: 280 162 155 192 811 930 971 737 
2	0.0: 278 247 84 14 818 962 644 896 
2	0.0: 236 151 33 192 830 961 982 1045 
2	0.0: 341 193 202 215 826 974 993 699 
2	0.0: 335 4 20 196 804 897 1085 896 
2	0.0: 353 88 37 146 835 907 1043 807 
2	0.0: 294 1 279 237 805 945 753 918 
2	0.0: 322 231 1 362 827 915 922 888 
2	0.0: 301 115 109 1 813 940 935 726 
2	0.0: 260 348 39 180 821 869 1129 847 
2	0.0: 303 170 1 122 819 952 715 614 
2	0.0: 291 132 1 1 841 914 850 870 
2	0.0: 314 103 168 43 831 981 780 855 
2	0.0: 310 1 89 1 812 885 632 1035 
2	0.0: 298 125 1 164 835 927 1033 512 
2	0.0: 291 41 79 152 807 910 1082 787 
2	0.0: 293 90 113 120 845 963 944 836 
2	0.0: 299 166 1 270 815 844 708 823 
2	0.0: 316 231 66 194 807 948 749 917 
2	0.0: 325 19 169 67 794 904 1181 921 
2	0.0: 277 424 1 204 818 898 930 746 
2	0.0: 298 1 148 125 813 929 919 958 
2	0.0: 282 1 31 128 813 956 858 795 
2	0.0: 279 17 22 180 812 968 1124 879 
2	0.0: 340 211 58 56 810 901 765 972 
2	0.0: 374 1 1 121 811 929 1066 581 
2	0.0: 298 262 66 79 832 1014 923 885 
2	0.0: 321 255 114 300 821 980 959 784 
2	0.0: 355 1 1 239 818 946 620 738 
2	0.0: 296 349 74 177 818 977 987 1026 
2	0.0: 325 1 1 114 822 901 1088 922 
2	0.0: 333 68 58 140 815 926 884 778 
2	0.0: 331 1 1 213 833 974 1031 815 
2	0.0: 358 192 1 118 812 852 738 893 
2	0.0: 338 309 1 247 805 927 1113 941 
2	0.0: 333 97 55 115 830 935 794 659 
2	0.0: 297 80 128 330 802 958 1163 858 
2	0.0: 306 82 91 135 817 952 1129 809 
2	0.0: 268 48 1 245 811 917 998 838 
2	0.0: 343 1 82 250 834 951 876 718 
2	0.0: 300 202 1 225 834 930 1106 616 
2	0.0: 290 1 1 161 817 936 1143 597 
2	0.0: 395 166 1 76 796 947 1067 765 
2	0.0: 317 18 211 41 827 1009 985 859 
2	0.0: 325 10 1 158 797 892 861 864 
2	0.0: 320 32 40 181 811 915 592 928 
2	0.0: 292 90 55 261 818 1056 799 552 
2	0.0: 340 160 1 135 811 986 1050 752 
2	0.0: 307 11 148 159 812 932 931 1019 
2	0.0: 304 32 145 155 821 999 945 692 
2	0.0: 324 246 122 201 810 913 891 792 
2	0.0: 334 10 312 71 803 987 778 875 
2	0.0: 294 1 191 37 822 901 968 786 
2	0.0: 330 41 24 202 818 980 911 740 
2	0.0: 339 221 318 226 819 921 1108 678 
2	0.0: 321 27 1 1 802 949 577 820 
2	0.0: 267 164 1 115 817 997 752 946 
2	0.0: 291 173 284 111 805 925 850 687 
2	0.0: 294 82 104 264 812 913 809 640 
2	0.0: 298 94 377 50 819 876 935 850 
2	0.0: 303 72 110 118 815 783 737 838 
2	0.0: 290 245 1 24 814 965 701 874 
2	0.0: 320 144 113 185 807 986 1100 744 
2	0.0: 353 183 123 232 831 911 1072 784 
2	0.0: 304 1 9 118 837 919 745 790 
2	0.0: 288 1 114 228 806 926 693 947 
2	0.0: 365 159 148 236 815 927 980 825 
2	0.0: 316 183 38 58 821 940 932 758 
2	0.0: 321 28 1 203 819 956 863 944 
2	0.0: 340 240 368 162 811 1024 956 736 
2	0.0: 328 221 69 19 810 940 873 796 
2	0.0: 317 173 90 271 832 944 740 618 
2	0.0: 315 74 1 87 828 983 972 810 
2	0.0: 328 206 31 121 803 976 859 1005 
2	0.0: 303 238 97 299 813 939 768 749 
2	0.0: 354 1 14 180 816 883 854 1007 
2	0.0: 331 152 202 234 812 962 1046 929 
2	0.0: 399 1 1 195 819 965 869 676 
2	0.0: 349 78 63 177 807 965 702 787 
2	0.0: 333 290 138 331 815 906 862 738 
2	0.0: 295 1 1 285 810 901 1167 915 
2	0.0: 321 212 1 128 797 910 924 897 
2	0.0: 321 234 173 139 810 930 966 738 
2	0.0: 299 83 111 83 805 983 768 1098 
2	0.0: 347 216 1 232 804 954 790 686 
2	0.0: 300 224 29 74 815 923 968 577 
2	0.0: 345 414 57 111 821 943 820 839 
2	0.0: 284 1 116 207 808 918 901 760 
2	0.0: 344 49 141 144 821 871 636 904 
2	0.0: 282 340 179 1 817 973 801 969 
2	0.0: 271 156 1 112 834 955 705 831 
2	0.0: 344 206 33 4 818 931 739 815 
2	0.0: 302 159 1 248 803 961 995 992 
2	0.0: 287 1 1 177 818 920 848 839 
2	0.0: 314 137 112 78 826 945 984 847 
2	0.0: 319 172 1 292 822 930 761 686 
2	0.0: 305 1 162 223 789 882 992 869 
2	0.0: 316 99 170 116 829 946 911 809 
2	0.0: 300 1 34 259 833 981 838 677 
2	0.0: 309 1 34 151 825 992 1014 815 
2	0.0: 300 78 1 177 819 958 1022 732 
2	0.0: 324 288 89 124 815 927 802 1026 
2	0.0: 339 237 154 187 818 974 971 1031 
2	0.0: 304 5 144 186 823 961 851 697 
2	0.0: 308 289 20 68 818 957 985 785 
2	0.0: 314 263 1 233 814 1018 826 817 
2	0.0: 271 124 1 190 812 944 985 853 
2	0.0: 298 278 60 288 837 897 993 700 
2	0.0: 336 255 1 164 817 908 885 969 
2	0.0: 272 205 173 30 810 933 966 851 
2	0.0: 335 241 90 16 823 973 767 816 
2	0.0: 306 279 86 248 812 1002 765 764 
2	0.0: 360 279 109 153 804 900 973 776 
2	0.0: 318 99 26 225 824 932 655 870 
2	0.0: 299 110 203 178 808 835 881 666 
2	0.0: 317 1 213 90 833 926 858 782 
2	0.0: 268 1 1 170 821 1001 1106 452 
2	0.0: 323 324 1 304 828 897 841 657 
2	0.0: 304 1 1 79 809 865 834 801 
2	0.0: 312 82 141 224 796 953 1080 620 
2	0.0: 305 1 12 227 814 949 632 683 
2	0.0: 291 1 1 142 816 1035 1000 803 
2	0.0: 351 1 1 311 812 933 939 698 
2	0.0: 258 1 14 111 805 913 814 711 
2	0.0: 294 207 172 240 828 972 714 720 
2	0.0: 334 280 16 1 817 983 631 427 
2	0.0: 312 254 1 129 828 927 1003 933 
2	0.0: 280 27 121 357 812 987 1213 799 
2	0.0: 281 227 47 1 823 967 717 682 
2	0.0: 333 285 138 325 812 874 872 661 
2	0.0: 299 137 95 183 821 957 971 764 
2	0.0: 321 128 1 53 824 955 735 597 
2	0.0: 349 18 1 201 815 884 814 684 
2	0.0: 314 240 40 1 828 947 796 734 
2	0.0: 346 1 48 44 815 952 872 926 
2	0.0: 305 188 16 151 818 1029 871 706 
2	0.0: 411 113 1 291 799 860 1111 788 
2	0.0: 294 200 194 55 797 1014 884 945 
2	0.0: 271 1 166 257 804 985 1127 827 
2	0.0: 335 161 1 166 821 981 893 782 
2	0.0: 323 161 128 150 819 922 834 756 
2	0.0: 274 80 206 320 812 957 937 952 
2	0.0: 330 151 138 33 820 887 829 1061 
2	0.0: 316 69 190 133 813 943 931 779 
2	0.0: 302 1 255 179 826 909 996 952 
2	0.0: 351 152 213 277 815 992 809 808 
2	0.0: 329 189 3 54 812 944 780 952 
2	0.0: 311 1 65 10 825 970 1026 807 
2	0.0: 342 1 143 181 833 958 969 771 
2	0.0: 360 91 1 108 816 944 989 842 
2	0.0: 309 203 1 27 813 955 811 919 
2	0.0: 334 45 72 166 825 958 1034 645 
2	0.0: 338 156 41 27 828 930 1021 927 
2	0.0: 255 71 55 185 823 927 1103 747 
2	0.0: 312 1 219 319 808 938 844 721 
2	0.0: 331 89 126 179 828 865 1109 862 
2	0.0: 266 1 52 57 809 939 777 961 
2	0.0: 304 1 7 222 830 910 722 771 
2	0.0: 321 127 68 115 822 927 968 601 
2	0.0: 295 155 112 49 809 991 856 708 
2	0.0: 345 37 95 96 816 872 1027 835 
2	0.0: 283 67 185 114 827 980 1077 772 
2	0.0: 323 224 78 35 825 975 830 784 
2	0.0: 257 119 1 352 833 968 1138 856 
2	0.0: 369 167 88 248 827 924 637 907 
2	0.0: 355 1 183 160 832 891 1196 687 
2	0.0: 356 171 121 1 802 975 921 870 
2	0.0: 313 220 19 82 820 927 1027 702 
2	0.0: 285 255 1 92 825 957 671 845 
2	0.0: 354 148 23 123 822 932 919 661 
2	0.0: 387 66 45 38 825 856 811 788 
2	0.0: 324 56 163 72 794 911 998 949 
2	0.0: 357 8 206 231 835 927 1134 708 
2	0.0: 302 369 91 143 817 947 794 521 
2	0.0: 328 53 72 159 817 855 1059 876 
2	0.0: 311 130 173 252 812 898 856 958 
2	0.0: 336 148 68 219 803 903 832 811 
2	0.0: 292 63 1 218 808 825 830 653 
2	0.0: 292 131 43 321 808 903 937 730 
2	0.0: 292 25 1 31 814 1004 823 624 
2	0.0: 304 324 75 1 811 907 1038 881 
2	0.0: 276 1 36 104 827 881 728 931 
2	0.0: 311 145 1 362 816 941 971 731 
2	0.0: 325 11 1 160 811 919 933 915 
2	0.0: 304 334 1 98 815 979 801 1049 
2	0.0: 342 1 1 168 824 940 705 806 
2	0.0: 322 10 111 39 813 893 748 744 
2	0.0: 329 1 148 83 823 982 908 860 
2	0.0: 330 159 1 418 824 948 928 661 
2	0.0: 306 61 12 193 832 950 901 846 
2	0.0: 345 219 1 97 824 907 715 921 
2	0.0: 324 100 1 69 794 942 886 719 
2	0.0: 263 42 87 174 821 927 1155 759 
2	0.0: 305 245 240 185 814 1007 707 793 
2	0.0: 305 248 127 80 812 905 873 962 
2	0.0: 315 75 5 177 810 989 1048 800 
2	0.0: 314 197 47 207 834 990 729 927 
2	0.0: 340 317 73 1 811 849 988 675 
2	0.0: 334 129 93 68 812 903 855 837 
2	0.0: 339 51 9 227 817 910 925 697 
2	0.0: 269 144 71 216 806 1028 906 839 
2	0.0: 337 1 52 133 826 1002 943 992 
2	0.0: 355 258 88 238 825 975 1008 1005 
2	0.0: 327 392 145 190 812 937 962 843 
2	0.0: 271 93 1 191 809 963 1047 958 
2	0.0: 303 104 1 258 801 914 825 862 
2	0.0: 318 1 1 1 809 965 1110 1012 
2	0.0: 296 139 62 142 827 886 607 804 
2	0.0: 324 283 105 141 818 918 1026 807 
2	0.0: 295 207 105 203 814 946 843 758 
2	0.0: 343 90 1 141 816 987 1106 812 
2	0.0: 306 177 126 224 814 914 960 840 
2	0.0: 338 119 27 111 834 981 800 906 
2	0.0: 303 137 79 2 809 847 1147 885 
2	0.0: 292 149 91 152 811 908 1185 623 
2	0.0: 354 202 99 135 793 902 746 695 
2	0.0: 329 1 1 126 811 965 976 725 
2	0.0: 342 1 1 190 833 878 940 1005 
2	0.0: 298 280 113 111 829 929 752 639 
2	0.0: 262 18 73 138 825 962 818 810 
2	0.0: 304 406 1 175 813 929 1096 768 
2	0.0: 276 179 30 156 833 913 942 952 
2	0.0: 311 179 1 44 820 935 868 682 
2	0.0: 308 230 215 185 825 935 958 838 
2	0.0: 325 195 103 170 810 922 836 821 
2	0.0: 315 1 1 204 811 963 958 785 
2	0.0: 307 71 174 106 826 845 877 877 
2	0.0: 316 392 47 87 832 875 888 797 
2	0.0: 322 149 162 174 832 1022 710 676 
2	0.0: 368 1 42 204 811 973 835 889 
2	0.0: 307 160 57 98 816 885 981 699 
2	0.0: 258 300 34 118 822 979 775 765 
2	0.0: 305 133 42 183 831 991 1007 772 
2	0.0: 346 193 44 142 806 1031 871 967 
2	0.0: 309 25 1 200 820 870 779 853 
2	0.0: 318 237 8 204 817 917 1001 685 
2	0.0: 341 282 1 302 815 920 725 1020 
2	0.0: 291 271 1 96 829 906 1010 811 
2	0.0: 299 271 146 126 799 973 801 686 
2	0.0: 269 158 1 112 813 910 826 1042 
2	0.0: 312 1 95 182 814 974 1034 798 
2	0.0: 345 1 46 247 815 944 992 992 
2	0.0: 289 144 80 207 800 957 745 844 
2	0.0: 324 33 8 186 825 928 853 748 
2	0.0: 319 123 213 268 814 947 655 818 
2	0.0: 363 97 215 164 803 898 917 689 
2	0.0: 345 1 149 284 813 1017 866 939 
2	0.0: 293 256 70 177 805 908 912 695 
2	0.0: 312 145 101 311 801 974 749 664 
2	0.0: 346 1 83 182 821 1031 759 878 
2	0.0: 294 107 123 84 824 923 643 956 
2	0.0: 333 137 63 60 823 950 843 847 
2	0.0: 321 1 1 160 822 957 827 815 
2	0.0: 299 121 24 195 836 924 927 932 
2	0.0: 335 1 1 224 817 950 800 864 
2	0.0: 326 200 1 115 821 963 699 881 
2	0.0: 264 221 77 100 818 854 869 980 
2	0.0: 377 14 13 96 815 936 974 936 
2	0.0: 306 258 331 140 807 976 746 530 
2	0.0: 318 166 163 167 818 905 739 878 
2	0.0: 343 267 108 162 821 940 560 804 
2	0.0: 316 1 1 40 821 977 744 859 
2	0.0: 335 59 82 1 808 871 770 899 
2	0.0: 325 39 245 102 813 949 745 553 
2	0.0: 351 1 35 59 830 907 994 979 
2	0.0: 324 152 24 150 826 932 1001 751 
2	0.0: 327 115 199 68 816 932 783 946 
2	0.0: 360 209 1 269 828 946 916 791 
2	0.0: 347 171 1 136 810 977 1064 892 
2	0.0: 316 208 29 166 815 994 809 1083 
2	0.0: 336 17 137 118 810 1007 963 754 
2	0.0: 344 1 61 100 805 864 1014 933 
2	0.0: 296 83 158 108 840 956 797 641 
2	0.0: 318 83 1 274 817 990 878 1009 
2	0.0: 312 1 1 149 836 986 765 751 
2	0.0: 299 83 207 118 832 994 865 1048 
2	0.0: 321 1 113 1 823 882 871 637 
2	0.0: 283 83 22 146 818 950 655 774 
2	0.0: 297 245 1 56 827 944 869 397 
2	0.0: 319 422 1 125 808 943 830 811 
2	0.0: 326 112 1 34 812 918 862 822 
2	0.0: 312 1 11 319 813 790 864 883 
2	0.0: 296 253 46 171 819 927 679 757 
2	0.0: 328 179 230 155 803 1003 936 604 
2	0.0: 294 55 103 114 823 841 729 779 
2	0.0: 323 1 61 130 801 905 1162 623 
2	0.0: 322 137 2 234 815 935 822 909 
2	0.0: 351 151 1 128 825 920 800 634 
2	0.0: 285 87 70 162 820 912 797 992 
2	0.0: 255 16 214 71 813 887 898 698 
2	0.0: 283 63 21 50 808 918 806 892 
2	0.0: 305 40 2 272 819 954 894 775 
2	0.0: 297 100 22 269 806 929 991 802 
2	0.0: 341 153 1 74 811 951 821 855 
2	0.0: 303 70 156 72 804 888 1078 827 
2	0.0: 316 54 169 167 811 955 836 1007 
2	0.0: 328 1 253 171 816 971 899 786 
2	0.0: 338 172 1 199 825 994 862 702 
2	0.0: 348 1 169 169 834 996 869 790 
2	0.0: 317 169 1 179 826 960 941 804 
2	0.0: 288 285 1 137 833 909 875 680 
2	0.0: 373 161 143 132 820 947 984 679 
2	0.0: 300 79 252 130 798 962 763 776 
2	0.0: 369 145 1 306 811 1003 898 516 
2	0.0: 287 347 51 176 824 985 881 835 
2	0.0: 282 79 97 21 808 922 780 882 
2	0.0: 280 1 125 195 824 902 1129 830 
2	0.0: 307 241 1 245 827 916 674 685 
2	0.0: 318 43 1 200 831 946 826 707 
2	0.0: 273 293 57 13 830 929 926 789 
2	0.0: 368 137 12 48 830 971 811 674 
2	0.0: 289 306 210 203 818 906 890 883 
2	0.0: 344 302 12 230 815 1005 926 1040 
2	0.0: 333 153 43 103 816 959 881 573 
2	0.0: 244 375 78 130 830 944 682 1053 
2	0.0: 248 314 51 172 809 942 1055 877 
2	0.0: 304 92 20 190 815 909 703 1026 
2	0.0: 246 232 128 113 807 881 991 932 
2	0.0: 292 37 1 1 811 894 821 747 
2	0.0: 316 166 34 99 807 930 935 612 
2	0.0: 341 205 1 101 803 919 684 820 
2	0.0: 345 73 160 127 821 886 795 710 
2	0.0: 288 1 1 86 821 1028 1014 777 
2	0.0: 275 374 64 256 815 910 735 654 
2	0.0: 366 49 99 59 831 972 859 830 
2	0.0: 217 91 182 147 823 1005 1142 725 
2	0.0: 301 10 209 74 817 947 952 919 
2	0.0: 247 1 166 223 829 998 903 675 
2	0.0: 312 208 182 98 816 894 857 751 
2	0.0: 348 119 110 190 816 905 757 927 
2	0.0: 325 95 69 47 817 875 1044 864 
2	0.0: 294 104 118 223 825 982 896 877 
2	0.0: 356 1 1 73 836 928 785 861 
2	0.0: 304 207 79 92 817 962 892 1021 
2	0.0: 396 52 34 230 803 944 929 839 
2	0.0: 304 463 10 108 811 999 872 800 
2	0.0: 339 2 1 1 818 997 681 728 
2	0.0: 313 82 1 214 798 876 720 887 
2	0.0: 339 90 72 98 818 898 1015 881 
2	0.0: 317 40 1 219 807 898 887 1179 
2	0.0: 279 289 64 275 805 989 759 852 
