0	1.0: [589.000, 164.000, 292.000, 830.000, 1245.000, 1.000, 1.000, 150.000, 744.000, 888.000]
0	1.0: [509.000, 101.000, 139.000, 1047.000, 898.000, 349.000, 41.000, 279.000, 610.000, 452.000]
0	1.0: [518.000, 208.000, 273.000, 875.000, 1045.000, 226.000, 5.000, 362.000, 714.000, 634.000]
0	1.0: [655.000, 251.000, 239.000, 762.000, 916.000, 200.000, 49.000, 179.000, 778.000, 707.000]
0	1.0: [551.000, 1.000, 248.000, 1046.000, 1110.000, 316.000, 1.000, 17.000, 696.000, 646.000]
0	1.0: [746.000, 67.000, 254.000, 778.000, 1016.000, 1.000, 1.000, 83.000, 532.000, 701.000]
0	1.0: [893.000, 1.000, 208.000, 1081.000, 813.000, 222.000, 363.000, 362.000, 784.000, 780.000]
0	1.0: [831.000, 21.000, 387.000, 855.000, 863.000, 48.000, 1.000, 80.000, 614.000, 774.000]
0	1.0: [669.000, 41.000, 366.000, 891.000, 802.000, 1.000, 205.000, 148.000, 650.000, 696.000]
0	1.0: [720.000, 217.000, 208.000, 776.000, 1220.000, 193.000, 356.000, 319.000, 672.000, 885.000]
0	1.0: [529.000, 324.000, 320.000, 938.000, 738.000, 82.000, 148.000, 7.000, 883.000, 775.000]
0	1.0: [753.000, 43.000, 248.000, 971.000, 1020.000, 240.000, 1.000, 367.000, 946.000, 760.000]
0	1.0: [848.000, 64.000, 210.000, 905.000, 1025.000, 414.000, 1.000, 297.000, 685.000, 789.000]
0	1.0: [583.000, 39.000, 294.000, 1011.000, 1088.000, 1.000, 92.000, 429.000, 813.000, 686.000]
0	1.0: [593.000, 1.000, 340.000, 927.000, 426.000, 75.000, 202.000, 312.000, 827.000, 473.000]
0	1.0: [606.000, 35.000, 228.000, 752.000, 1033.000, 148.000, 1.000, 474.000, 783.000, 854.000]
0	1.0: [434.000, 127.000, 187.000, 1028.000, 1282.000, 1.000, 1.000, 396.000, 912.000, 852.000]
0	1.0: [722.000, 1.000, 234.000, 950.000, 808.000, 120.000, 1.000, 389.000, 656.000, 967.000]
0	1.0: [550.000, 1.000, 246.000, 858.000, 1000.000, 115.000, 72.000, 472.000, 775.000, 925.000]
0	1.0: [558.000, 1.000, 193.000, 837.000, 996.000, 1.000, 153.000, 318.000, 773.000, 516.000]
0	1.0: [561.000, 164.000, 265.000, 1067.000, 1039.000, 124.000, 55.000, 251.000, 867.000, 729.000]
0	1.0: [570.000, 1.000, 358.000, 770.000, 1291.000, 219.000, 1.000, 133.000, 856.000, 579.000]
0	1.0: [602.000, 1.000, 197.000, 950.000, 1165.000, 64.000, 1.000, 108.000, 717.000, 583.000]
0	1.0: [627.000, 116.000, 286.000, 1055.000, 892.000, 296.000, 26.000, 263.000, 818.000, 658.000]
0	1.0: [720.000, 56.000, 292.000, 939.000, 1079.000, 222.000, 1.000, 377.000, 345.000, 602.000]
0	1.0: [757.000, 306.000, 118.000, 831.000, 972.000, 1.000, 1.000, 268.000, 856.000, 488.000]
0	1.0: [755.000, 9.000, 351.000, 855.000, 1029.000, 1.000, 4.000, 298.000, 663.000, 568.000]
0	1.0: [834.000, 142.000, 350.000, 780.000, 1332.000, 1.000, 1.000, 191.000, 853.000, 672.000]
0	1.0: [643.000, 65.000, 196.000, 915.000, 895.000, 1.000, 105.000, 305.000, 807.000, 676.000]
0	1.0: [757.000, 24.000, 188.000, 1067.000, 1120.000, 25.000, 18.000, 315.000, 731.000, 672.000]
0	1.0: [647.000, 10.000, 288.000, 946.000, 955.000, 55.000, 285.000, 308.000, 825.000, 713.000]
0	1.0: [635.000, 15.000, 173.000, 942.000, 904.000, 1.000, 167.000, 223.000, 802.000, 677.000]
0	1.0: [612.000, 168.000, 265.000, 867.000, 840.000, 1.000, 1.000, 344.000, 565.000, 649.000]
0	1.0: [549.000, 1.000, 236.000, 819.000, 938.000, 1.000, 28.000, 330.000, 544.000, 877.000]
0	1.0: [431.000, 129.000, 65.000, 799.000, 792.000, 1.000, 1.000, 107.000, 566.000, 534.000]
0	1.0: [429.000, 100.000, 186.000, 869.000, 1179.000, 331.000, 198.000, 270.000, 695.000, 799.000]
0	1.0: [649.000, 13.000, 162.000, 909.000, 860.000, 1.000, 1.000, 81.000, 474.000, 719.000]
0	1.0: [560.000, 268.000, 162.000, 954.000, 863.000, 304.000, 1.000, 313.000, 754.000, 840.000]
0	1.0: [645.000, 11.000, 347.000, 861.000, 1335.000, 1.000, 192.000, 289.000, 741.000, 633.000]
0	1.0: [654.000, 127.000, 174.000, 1096.000, 1240.000, 15.000, 1.000, 270.000, 835.000, 720.000]
0	1.0: [909.000, 178.000, 309.000, 1105.000, 728.000, 1.000, 316.000, 316.000, 827.000, 514.000]
0	1.0: [895.000, 14.000, 270.000, 931.000, 1025.000, 58.000, 1.000, 158.000, 606.000, 1056.000]
0	1.0: [602.000, 154.000, 258.000, 1000.000, 1152.000, 399.000, 287.000, 544.000, 729.000, 630.000]
0	1.0: [639.000, 1.000, 211.000, 831.000, 1047.000, 1.000, 142.000, 309.000, 623.000, 798.000]
0	1.0: [704.000, 1.000, 247.000, 943.000, 919.000, 1.000, 1.000, 427.000, 551.000, 581.000]
0	1.0: [635.000, 137.000, 272.000, 1019.000, 1086.000, 76.000, 59.000, 347.000, 636.000, 565.000]
0	1.0: [609.000, 256.000, 264.000, 1067.000, 1032.000, 75.000, 14.000, 354.000, 996.000, 482.000]
0	1.0: [528.000, 1.000, 230.000, 844.000, 1249.000, 1.000, 60.000, 318.000, 953.000, 596.000]
0	1.0: [732.000, 53.000, 287.000, 726.000, 1147.000, 224.000, 145.000, 281.000, 670.000, 918.000]
0	1.0: [501.000, 56.000, 157.000, 911.000, 1028.000, 129.000, 198.000, 445.000, 692.000, 467.000]
0	1.0: [661.000, 198.000, 140.000, 807.000, 804.000, 149.000, 1.000, 344.000, 635.000, 569.000]
0	1.0: [505.000, 93.000, 162.000, 994.000, 1288.000, 1.000, 1.000, 388.000, 735.000, 864.000]
0	1.0: [551.000, 122.000, 292.000, 901.000, 859.000, 216.000, 193.000, 148.000, 937.000, 450.000]
0	1.0: [489.000, 231.000, 211.000, 886.000, 1102.000, 52.000, 233.000, 497.000, 917.000, 669.000]
0	1.0: [647.000, 4.000, 180.000, 933.000, 989.000, 1.000, 376.000, 546.000, 588.000, 698.000]
0	1.0: [622.000, 71.000, 252.000, 888.000, 969.000, 1.000, 1.000, 117.000, 709.000, 839.000]
0	1.0: [734.000, 65.000, 191.000, 822.000, 767.000, 60.000, 1.000, 330.000, 605.000, 330.000]
0	1.0: [582.000, 37.000, 283.000, 812.000, 1051.000, 42.000, 1.000, 266.000, 460.000, 733.000]
0	1.0: [747.000, 1.000, 119.000, 879.000, 1196.000, 306.000, 1.000, 222.000, 497.000, 723.000]
0	1.0: [838.000, 239.000, 135.000, 968.000, 772.000, 1.000, 1.000, 304.000, 702.000, 630.000]
0	1.0: [659.000, 91.000, 246.000, 837.000, 1036.000, 153.000, 1.000, 150.000, 523.000, 665.000]
0	1.0: [613.000, 21.000, 182.000, 897.000, 967.000, 54.000, 1.000, 376.000, 700.000, 814.000]
0	1.0: [652.000, 1.000, 159.000, 1060.000, 1022.000, 99.000, 1.000, 353.000, 814.000, 963.000]
0	1.0: [622.000, 1.000, 350.000, 978.000, 600.000, 1.000, 78.000, 410.000, 618.000, 768.000]
0	1.0: [713.000, 9.000, 203.000, 1042.000, 867.000, 1.000, 1.000, 481.000, 918.000, 746.000]
0	1.0: [826.000, 1.000, 173.000, 980.000, 1127.000, 1.000, 1.000, 255.000, 822.000, 540.000]
0	1.0: [669.000, 245.000, 191.000, 875.000, 996.000, 63.000, 1.000, 280.000, 660.000, 391.000]
0	1.0: [839.000, 168.000, 273.000, 947.000, 973.000, 1.000, 55.000, 252.000, 679.000, 687.000]
0	1.0: [485.000, 211.000, 239.000, 889.000, 902.000, 270.000, 110.000, 196.000, 583.000, 592.000]
0	1.0: [739.000, 97.000, 262.000, 953.000, 944.000, 301.000, 1.000, 211.000, 710.000, 409.000]
0	1.0: [615.000, 1.000, 117.000, 947.000, 461.000, 1.000, 13.000, 267.000, 388.000, 613.000]
0	1.0: [597.000, 1.000, 225.000, 905.000, 1027.000, 1.000, 1.000, 185.000, 850.000, 722.000]
0	1.0: [650.000, 193.000, 359.000, 864.000, 728.000, 174.000, 119.000, 393.000, 507.000, 741.000]
0	1.0: [696.000, 152.000, 209.000, 844.000, 1075.000, 28.000, 1.000, 88.000, 297.000, 741.000]
0	1.0: [621.000, 151.000, 251.000, 754.000, 800.000, 1.000, 259.000, 242.000, 890.000, 948.000]
0	1.0: [821.000, 167.000, 342.000, 833.000, 964.000, 160.000, 147.000, 502.000, 840.000, 342.000]
0	1.0: [834.000, 338.000, 220.000, 874.000, 963.000, 128.000, 51.000, 470.000, 854.000, 606.000]
0	1.0: [529.000, 27.000, 194.000, 961.000, 977.000, 284.000, 131.000, 179.000, 659.000, 427.000]
0	1.0: [773.000, 47.000, 138.000, 704.000, 1181.000, 137.000, 133.000, 82.000, 866.000, 1171.000]
0	1.0: [649.000, 152.000, 179.000, 879.000, 941.000, 221.000, 1.000, 380.000, 639.000, 519.000]
0	1.0: [708.000, 182.000, 343.000, 956.000, 1029.000, 1.000, 598.000, 259.000, 963.000, 739.000]
0	1.0: [538.000, 49.000, 266.000, 696.000, 1355.000, 1.000, 325.000, 373.000, 540.000, 1003.000]
0	1.0: [649.000, 99.000, 170.000, 858.000, 1082.000, 38.000, 1.000, 385.000, 962.000, 594.000]
0	1.0: [447.000, 173.000, 203.000, 812.000, 757.000, 1.000, 1.000, 495.000, 349.000, 583.000]
0	1.0: [509.000, 1.000, 102.000, 854.000, 1013.000, 291.000, 1.000, 149.000, 728.000, 781.000]
0	1.0: [660.000, 83.000, 157.000, 778.000, 1189.000, 188.000, 6.000, 143.000, 664.000, 524.000]
0	1.0: [500.000, 266.000, 209.000, 859.000, 816.000, 235.000, 1.000, 116.000, 684.000, 594.000]
0	1.0: [842.000, 52.000, 204.000, 1076.000, 1075.000, 413.000, 225.000, 237.000, 713.000, 750.000]
0	1.0: [502.000, 156.000, 273.000, 935.000, 1128.000, 93.000, 1.000, 307.000, 714.000, 663.000]
0	1.0: [615.000, 86.000, 311.000, 1035.000, 642.000, 1.000, 1.000, 178.000, 720.000, 354.000]
0	1.0: [445.000, 43.000, 97.000, 991.000, 804.000, 84.000, 1.000, 502.000, 597.000, 616.000]
0	1.0: [835.000, 234.000, 207.000, 993.000, 955.000, 1.000, 1.000, 305.000, 946.000, 553.000]
0	1.0: [713.000, 103.000, 142.000, 836.000, 733.000, 27.000, 1.000, 362.000, 472.000, 870.000]
0	1.0: [718.000, 14.000, 269.000, 824.000, 1132.000, 19.000, 11.000, 544.000, 846.000, 503.000]
0	1.0: [545.000, 1.000, 208.000, 1012.000, 1102.000, 1.000, 21.000, 357.000, 638.000, 278.000]
0	1.0: [764.000, 206.000, 350.000, 885.000, 810.000, 203.000, 158.000, 563.000, 871.000, 536.000]
0	1.0: [735.000, 111.000, 225.000, 801.000, 1035.000, 1.000, 396.000, 296.000, 684.000, 468.000]
0	1.0: [690.000, 1.000, 227.000, 943.000, 627.000, 1.000, 104.000, 133.000, 778.000, 638.000]
0	1.0: [797.000, 51.000, 288.000, 889.000, 551.000, 105.000, 168.000, 497.000, 623.000, 624.000]
0	1.0: [453.000, 1.000, 282.000, 821.000, 805.000, 1.000, 252.000, 212.000, 950.000, 646.000]
