3	0.0: 279 40 598 256 
3	0.0: 253 61 666 163 
3	0.0: 304 111 642 340 
3	0.0: 226 95 639 229 
3	0.0: 248 63 702 65 
3	0.0: 258 66 789 285 
3	0.0: 292 121 619 104 
3	0.0: 302 100 496 117 
3	0.0: 156 76 602 154 
3	0.0: 192 52 533 81 
3	0.0: 349 27 623 179 
3	0.0: 203 126 608 135 
3	0.0: 242 63 592 83 
3	0.0: 268 69 686 125 
3	0.0: 246 67 624 210 
3	0.0: 244 62 859 89 
3	0.0: 225 69 745 269 
3	0.0: 305 86 515 119 
3	0.0: 110 67 612 194 
3	0.0: 297 79 554 264 
3	0.0: 284 91 595 245 
3	0.0: 249 153 480 203 
3	0.0: 226 116 601 192 
3	0.0: 217 54 669 251 
3	0.0: 207 55 505 110 
3	0.0: 213 81 589 345 
3	0.0: 251 134 556 170 
3	0.0: 234 85 682 236 
3	0.0: 174 84 632 248 
3	0.0: 248 80 616 185 
3	0.0: 246 95 509 143 
3	0.0: 215 78 559 63 
3	0.0: 284 89 603 165 
3	0.0: 329 87 637 7 
3	0.0: 255 100 571 131 
3	0.0: 323 37 545 191 
3	0.0: 227 63 787 227 
3	0.0: 215 78 632 142 
3	0.0: 197 118 575 81 
3	0.0: 235 92 517 315 
3	0.0: 279 52 672 73 
3	0.0: 213 94 707 26 
3	0.0: 220 74 565 173 
3	0.0: 248 48 628 200 
3	0.0: 294 91 600 27 
3	0.0: 260 95 750 159 
3	0.0: 192 99 658 100 
3	0.0: 210 82 687 141 
3	0.0: 263 41 678 170 
3	0.0: 216 89 718 132 
3	0.0: 290 45 596 56 
3	0.0: 177 138 698 333 
3	0.0: 137 68 664 142 
3	0.0: 195 81 505 121 
3	0.0: 177 70 521 122 
3	0.0: 132 34 599 148 
3	0.0: 203 103 609 135 
3	0.0: 266 115 811 193 
3	0.0: 239 118 515 237 
3	0.0: 305 26 713 160 
3	0.0: 217 97 570 186 
3	0.0: 323 54 544 186 
3	0.0: 207 10 569 160 
3	0.0: 189 70 719 261 
3	0.0: 255 48 636 97 
3	0.0: 333 107 599 303 
3	0.0: 299 91 714 100 
3	0.0: 238 63 740 88 
3	0.0: 320 50 677 228 
3	0.0: 239 69 560 285 
3	0.0: 180 65 788 216 
3	0.0: 278 52 558 158 
3	0.0: 292 63 629 243 
3	0.0: 211 37 571 220 
3	0.0: 222 73 769 153 
3	0.0: 296 94 553 243 
3	0.0: 264 99 691 161 
3	0.0: 316 58 566 248 
3	0.0: 214 68 532 182 
3	0.0: 334 45 676 248 
3	0.0: 195 35 619 222 
3	0.0: 230 109 613 1 
3	0.0: 159 65 615 106 
3	0.0: 311 133 648 241 
3	0.0: 289 91 701 1 
3	0.0: 266 83 548 231 
3	0.0: 227 119 721 217 
3	0.0: 140 102 680 187 
3	0.0: 228 78 797 162 
3	0.0: 338 105 731 172 
3	0.0: 253 60 584 162 
3	0.0: 195 105 670 147 
3	0.0: 190 86 680 113 
3	0.0: 195 28 624 313 
3	0.0: 229 61 654 1 
3	0.0: 222 39 596 341 
3	0.0: 247 63 541 142 
3	0.0: 211 76 695 197 
3	0.0: 198 83 713 270 
3	0.0: 209 34 791 113 
3	0.0: 211 97 520 250 
3	0.0: 259 91 611 71 
3	0.0: 192 57 709 87 
3	0.0: 234 99 716 204 
3	0.0: 241 75 731 149 
3	0.0: 205 73 498 164 
3	0.0: 289 111 674 297 
3	0.0: 244 81 683 119 
3	0.0: 270 103 608 89 
3	0.0: 270 54 754 62 
3	0.0: 267 104 570 344 
3	0.0: 153 108 666 128 
3	0.0: 227 90 696 195 
3	0.0: 228 102 639 158 
3	0.0: 177 92 838 216 
3	0.0: 261 93 463 222 
3	0.0: 291 87 702 131 
3	0.0: 168 24 645 180 
3	0.0: 173 70 679 88 
3	0.0: 213 87 655 163 
3	0.0: 232 49 723 80 
3	0.0: 195 104 643 80 
3	0.0: 208 124 657 189 
3	0.0: 150 77 554 1 
3	0.0: 305 84 554 180 
3	0.0: 247 65 597 47 
3	0.0: 190 63 843 45 
3	0.0: 207 72 707 158 
3	0.0: 331 102 622 182 
3	0.0: 305 91 609 212 
3	0.0: 255 66 559 101 
3	0.0: 318 86 575 297 
3	0.0: 237 119 524 118 
3	0.0: 280 77 689 77 
3	0.0: 283 116 695 302 
3	0.0: 252 91 501 136 
3	0.0: 371 69 648 289 
3	0.0: 245 85 564 224 
3	0.0: 224 78 616 301 
3	0.0: 248 80 689 75 
3	0.0: 301 99 627 165 
3	0.0: 225 53 484 172 
3	0.0: 219 96 626 204 
3	0.0: 168 40 570 229 
3	0.0: 147 81 531 297 
3	0.0: 224 81 649 236 
3	0.0: 209 48 630 116 
3	0.0: 246 126 522 181 
3	0.0: 244 88 572 281 
3	0.0: 201 77 631 272 
3	0.0: 222 116 536 128 
3	0.0: 154 58 487 100 
3	0.0: 205 66 725 48 
3	0.0: 367 47 584 188 
3	0.0: 178 47 630 208 
3	0.0: 299 53 582 102 
3	0.0: 259 81 574 89 
3	0.0: 204 67 675 204 
3	0.0: 267 92 541 241 
3	0.0: 274 62 624 198 
3	0.0: 339 82 649 142 
3	0.0: 262 33 663 237 
3	0.0: 238 46 662 365 
3	0.0: 279 68 649 317 
3	0.0: 245 90 772 239 
3	0.0: 194 102 697 227 
3	0.0: 265 62 576 117 
3	0.0: 197 62 625 196 
3	0.0: 319 96 607 101 
3	0.0: 207 81 652 358 
3	0.0: 292 81 601 192 
3	0.0: 294 87 801 164 
3	0.0: 152 31 637 277 
3	0.0: 210 80 728 184 
3	0.0: 217 82 675 119 
3	0.0: 250 75 542 166 
3	0.0: 239 86 649 229 
3	0.0: 252 92 608 64 
3	0.0: 278 102 711 309 
3	0.0: 242 87 548 205 
3	0.0: 184 58 514 248 
3	0.0: 293 66 615 181 
3	0.0: 255 76 373 68 
3	0.0: 294 80 645 134 
3	0.0: 288 72 583 95 
3	0.0: 249 48 571 278 
3	0.0: 233 42 617 144 
3	0.0: 189 36 667 59 
3	0.0: 218 22 440 76 
3	0.0: 296 52 482 114 
3	0.0: 161 91 724 179 
3	0.0: 248 74 523 36 
3	0.0: 254 116 523 64 
3	0.0: 223 105 723 230 
3	0.0: 317 53 706 44 
3	0.0: 175 104 562 99 
3	0.0: 308 51 601 251 
3	0.0: 220 92 544 216 
3	0.0: 319 107 596 288 
3	0.0: 319 36 516 202 
3	0.0: 146 32 718 80 
3	0.0: 297 64 606 310 
3	0.0: 212 93 661 200 
3	0.0: 173 93 638 172 
3	0.0: 265 98 493 230 
3	0.0: 216 74 579 88 
3	0.0: 321 47 646 131 
3	0.0: 225 99 468 220 
3	0.0: 256 87 498 42 
3	0.0: 314 67 649 123 
3	0.0: 200 69 730 105 
3	0.0: 247 62 557 150 
3	0.0: 139 84 642 107 
3	0.0: 231 38 621 81 
3	0.0: 282 49 601 47 
3	0.0: 303 57 625 111 
3	0.0: 179 44 617 117 
3	0.0: 239 69 618 123 
3	0.0: 172 79 565 52 
3	0.0: 146 116 678 210 
3	0.0: 272 46 745 223 
3	0.0: 309 118 577 248 
3	0.0: 303 59 625 91 
3	0.0: 295 130 638 148 
3	0.0: 197 56 459 91 
3	0.0: 257 113 760 121 
3	0.0: 229 50 604 194 
3	0.0: 341 35 582 146 
3	0.0: 234 64 409 294 
3	0.0: 353 75 638 74 
3	0.0: 263 112 774 203 
3	0.0: 265 102 728 145 
3	0.0: 253 112 538 297 
3	0.0: 196 64 711 215 
3	0.0: 144 37 499 186 
3	0.0: 232 57 583 191 
3	0.0: 251 111 723 133 
3	0.0: 168 62 683 117 
3	0.0: 233 135 748 265 
3	0.0: 278 92 727 110 
3	0.0: 317 98 602 128 
3	0.0: 323 101 595 117 
3	0.0: 249 108 607 77 
3	0.0: 136 79 496 102 
3	0.0: 176 50 697 164 
3	0.0: 232 106 605 1 
3	0.0: 236 66 723 165 
3	0.0: 250 74 731 211 
3	0.0: 226 56 622 76 
3	0.0: 200 51 639 156 
