1641
1124
929
1420
1196
1419
1180
913
1327
1672
1654
1947
1609
1225
1833
1304
1487
821
1351
1316
1918
1898
1413
845
1271
894
1768
774
1348
1709
1159
730
1991
952
1080
1126
1322
1958
1884
1275
1850
999
1962
1630
1472
1625
1247
1951
723
1483
1251
743
844
923
1687
1079
1926
1111
1723
916
1755
1392
1434
1785
1603
1938
1612
882
1122
993
1955
970
1508
1940
792
757
937
1059
1288
1082
1249
1060
1357
1154
1803
1144
1273
733
1114
1695
1532
803
1994
856
1280
1436
795
769
1063
1680
1302
1157
1450
1827
847
1475
988
1615
935
1315
1685
720
1476
1793
1920
1489
1410
1473
1371
1166
1056
1031
1366
1265
980
1010
1012
1845
1086
808
1307
1386
1638
1467
1584
896
1041
1171
1259
960
1881
1400
1478
1818
1382
986
862
736
1484
1751
1828
1397
887
1933
863
1135
1600
1547
1592
1209
1428
881
1738
1975
1262
838
1378
904
1077
1048
773
1787
1068
1811
1696
1181
1211
732
1490
1292
1632
1333
1497
1963
966
1800
1286
1108
1522
1567
1446
1890
780
1236
824
415
837
1102
1529
1928
1682
775
1634
1686
1215
764
1237
1210
1341
1455
1405
1240
1415
1190
1089
1449
1143
1514
872
1503
878
828
1347
1639
1131
1177
1594
825
788
1139
984
977
1939
1948
1912
811
1550
1186
1953
1591
962
1218
1055
1035
1470
729
890
1527
1558
1256
1485
1407
1345
1222
1795
1961
1742
1095
1700
1232
963
1681
1777
947
1439
1908
1511
782
787
778
1740
1568
1499
1759
760
1877
1018
1158
1915
1368
1604
1640
1846
768
1619
1203
1065
1285
1905
1254
756
841
1000
1362
1748
1536
1133
1653
1838
1198
902
1624
1892
1075
1422
859
1293
1375
1718
1633
1474
738
1073
1284
1183
968
1270
909
1715
1577
1889
1050
1652
1244
1806
1863
1780
1582
1852
1008
1303
1115
1741
1822
1326
967
1488
981
1208
1192
1409
1264
789
1312
1817
1561
737
1176
1049
1590
1782
1665
1384
752
936
741
1278
1662
1659
724
1976
1310
1377
1553
1866
1463
1464
1406
1835
812
794
1942
1967
1542
1239
1688
1367
1152
1957
1457
895
1219
1772
1945
826
802
1882
1977
1398
1468
1981
1923
817
1807
1309
1956
1020
1606
537
1283
1676
1480
1932
992
1061
1925
1815
1979
1004
1770
1913
1823
1132
1809
1067
1408
919
1964
1427
1691
1734
842
1430
1883
1100
1339
1510
1775
1812
666
1798
831
996
810
1109
1272
1097
973
1946
1359
1692
1482
1539
1433
1252
1661
870
1416
399
1305
1667
836
1544
1226
1088
1959
1001
1538
1660
747
1950
1900
1717
781
1372
1521
1781
749
1857
1297
1559
1732
1396
1543
1651
1387
1043
1336
1814
1756
1492
1545
1970
943
1743
1541
1966
1104
1683
1649
1516
939
1509
800
1936
1813
1647
1243
1730
1792
766
1206
1197
1569
1832
864
880
905
1753
1046
1656
818
1673
951
1161
751
1867
1820
1799
1842
843
1733
906
922
1153
1120
531
1027
1308
1179
1091
1332
1257
1389
1919
976
1841
949
1520
1170
465
548
1354
1525
956
1066
1921
1289
1477
1052
1125
1821
997
1725
1909
1655
1461
1678
1260
770
1671
1172
1195
1374
1834
1090
957
1501
1506
1016
1217
1804
1980
1935
1163
852
964
982
1072
793
1868
853
1574
1769
1023
948
940
1903
1328
1053
1044
1978
1087
1891
1968
335
1761
804
1022
1585
1255
1549
987
1314
1726
1051
1117
1334
1982
914
381
1074
1790
1380
1564
974
1642
1797
1517
815
1555
1032
1486
1737
1399
1886
1627
1610
915
912
1910
1507
1070
995
1531
1973
1394
1972
840
1711
1949
1495
1034
1134
1311
1118
1707
1546
1504
1191
1424
1763
735
761
472
1974
1779
1578
1383
1690
1340
1112
1267
1556
925
1301
1469
1003
1281
1388
1899
1113
1350
1319
1583
1083
806
1451
1752
1429
1500
704
920
908
1282
1369
1127
1036
1893
1523
1213
1988
586
1168
1533
488
1856
1024
1952
1825
1142
1263
1552
1268
1078
1874
1586
779
721
1744
1054
716
1535
1864
796
1960
1441
727
765
953
1099
1571
1670
1843
1847
854
1554
1766
1373
1537
1230
390
866
1040
725
1437
1984
1534
1703
1013
892
1929
1614
762
1576
1187
971
1570
1402
1452
1069
1839
763
1081
1009
955
1888
1917
1418
1188
1729
1076
1141
1996
1878
1622
1306
1587
1771
813
1440
1317
1724
1941
434
1675
1444
547
1250
1231
1880
734
1765
634
1338
745
1791
1165
805
1291
1505
1193
891
899
455
1057
1248
1986
1860
753
600
1862
1174
1965
978
1623
1858
1062
1462
1774
1706
1697
1645
886
1038
1735
618
742
959
1754
451
1515
1234
679
1934
1258
1445
1646
1005
1865
1916
1819
1323
1853
1844
924
819
1987
820
1616
1810
1167
851
1745
480
926
1998
1904
1985
1901
718
1164
401
1101
1028
1617
1914
1694
1826
1494
1300
797
961
1721
578
1716
1551
1778
1674
512
1990
1931
888
657
1269
1911
1155
1560
785
699
1160
1944
1242
1064
1241
975
875
1033
1093
941
1502
1637
1329
1178
1438
538
998
989
1425
873
603
1042
526
1854
1719
1376
497
1739
1189
1182
1140
1337
928
921
1105
453
1130
726
383
1679
1849
1512
1352
717
719
1096
1530
562
1575
1887
1011
1465
1223
446
1873
744
965
1870
1343
1228
1098
1447
1895
758
1855
1971
1995
1816
1618
1760
1907
1030
1393
930
1404
728
481
1524
1216
597
807
1058
1693
1448
492
1705
1859
1644
1628
1385
1579
901
834
1313
406
848
1496
1563
1879
581
1597
1924
1513
1757
1435
876
1365
1071
1121
627
861
1794
900
1837
1704
1786
1930
1021
1266
1364
1335
1596
1204
1361
893
409
1598
858
1937
1029
1631
505
1235
1750
1344
767
479
1749
1401
1294
1214
931
1107
1471
1296
1876
814
1106
857
1684
946
1084
662
850
809
1764
436
551
1548
731
748
1391
1358
874
528
491
1848
1426
1421
798
1138
549
1698
1722
1019
801
1621
1137
615
1613
1830
1658
885
624
1151
972
772
1519
829
994
617
740
759
1869
868
1261
1829
1565
1355
1666
1245
1298
1872
1094
1224
790
439
628
1580
1379
1720
1540
739
1663
1207
372
944
1184
1119
570
911
1573
458
463
1185
1767
1983
1562
1712
927
918
1602
1092
1824
395
849
1831
1922
575
1689
1129
503
1007
1276
1014
1453
1431
622
536
722
910
1381
1773
1784
1801
445
903
1458
566
1229
1572
1702
1776
1701
750
1145
544
1414
1006
584
1875
1047
839
496
1581
945
392
1331
1969
1233
883
1902
440
599
613
675
879
1356
1805
1808
1498
1148
786
1648
1491
898
489
1123
1026
1479
368
1728
698
1325
950
1714
1657
1103
1403
1954
426
371
641
504
1643
1601
441
1169
1274
495
746
670
1290
1607
1162
1710
640
1442
958
954
602
1110
969
1025
1747
776
991
646
583
755
635
865
942
1518
860
1589
660
1320
1116
1277
403
917
587
822
1466
585
1202
1669
1287
1246
832
375
449
484
1411
1199
938
421
1370
1353
1085
1636
934
498
468
425
1668
1395
416
1626
1136
407
1989
1788
1871
553
433
1593
1851
1173
647
1713
1608
1147
608
1146
674
1205
1731
1443
1346
889
1650
295
676
467
533
642
1677
694
418
515
1460
448
897
1802
1664
1149
1599
1699
656
1039
1299
1528
855
702
777
487
1454
690
1993
709
707
556
619
410
457
1557
1194
979
1412
630
658
607
1635
827
1885
611
1156
1927
1736
486
411
232
313
1459
1999
714
391
1481
830
430
1762
273
596
645
1238
501
244
1566
1611
524
1045
668
631
616
620
833
877
1002
565
1746
680
530
644
907
933
1997
1897
783
816
1605
990
365
706
500
884
241
771
367
1175
633
1943
654
507
1015
609
1708
573
398
510
623
370
1493
754
413
1253
1783
649
823
373
1595
871
506
419
1861
636
545
525
300
867
369
1896
1227
423
1894
569
477
571
542
983
1221
250
1456
579
1201
705
564
595
655
519
435
1128
1758
703
552
650
466
461
404
687
1349
685
1526
414
1629
1417
246
464
1330
1836
625
563
691
710
577
389
450
572
869
589
561
799
846
1423
405
639
258
508
412
1200
540
456
324
1150
1037
268
397
1017
521
576
1363
559
541
341
438
460
386
985
218
594
643
638
377
475
932
1342
1906
476
1321
447
442
402
534
555
384
387
470
593
444
473
582
287
1390
233
558
574
332
378
485
1588
422
1279
621
1318
708
673
394
557
374
667
160
784
408
267
294
1360
429
626
681
319
194
471
535
490
1220
499
554
459
1840
1992
567
1727
281
443
522
379
417
482
606
1796
424
362
427
651
664
529
686
610
245
598
511
700
588
791
629
692
509
291
648
695
601
532
592
274
431
325
605
514
689
539
252
334
612
321
393
712
835
308
715
343
546
360
349
454
223
696
653
230
348
590
276
1295
192
711
342
663
478
701
357
1324
420
264
242
437
637
239
234
684
672
550
279
330
307
253
284
604
452
260
1789
494
356
1212
462
671
216
347
1620
543
474
432
502
527
251
652
297
688
272
296
304
591
350
182
180
385
339
303
328
376
231
682
261
292
363
518
299
517
513
523
677
314
396
683
285
224
337
469
243
306
669
327
614
293
254
288
283
336
428
315
697
275
1432
256
226
311
659
560
351
193
212
157
382
176
355
225
265
312
568
326
309
207
400
277
282
259
271
352
340
520
361
240
483
493
713
106
364
214
318
266
215
177
302
257
159
208
665
301
661
202
310
317
188
247
204
280
345
222
516
388
632
263
366
238
113
678
290
236
255
320
358
248
200
206
322
298
173
359
331
286
170
195
580
380
220
278
235
693
183
338
237
333
269
149
305
354
155
168
178
197
165
196
329
133
203
151
213
262
175
121
270
186
135
162
110
132
353
163
108
229
181
346
227
164
344
158
316
190
228
199
184
150
198
153
124
156
126
148
154
112
249
221
323
111
136
171
205
152
120
210
131
185
211
161
123
289
219
118
137
134
107
141
191
127
138
179
172
167
91
174
125
140
144
217
189
142
130
187
147
87
76
128
209
143
145
79
201
94
114
97
84
100
85
101
139
71
99
92
86
166
81
102
146
62
117
78
93
115
90
105
169
80
88
104
96
75
109
116
60
122
119
89
82
68
103
70
63
69
54
65
77
129
95
34
40
56
50
52
74
98
64
67
44
59
45
41
58
49
61
57
37
73
38
83
35
47
30
72
48
42
46
66
43
55
51
33
39
53
32
28
36
31
27
24
22
26
21
25
29
17
15
16
20
14
23
19
13
18
11
10
12
7
8
5
6
9
4
3
2
1
0
