4	0.0: 20 238 422 477 863 952 1106 161 
4	0.0: 134 230 377 253 942 964 831 111 
4	0.0: 102 252 572 302 811 965 1029 101 
4	0.0: 30 240 370 630 983 950 878 245 
4	0.0: 55 249 453 416 736 954 803 266 
4	0.0: 57 223 520 360 848 947 807 195 
4	0.0: 12 232 535 523 675 952 952 338 
4	0.0: 205 221 462 528 714 961 987 13 
4	0.0: 120 216 504 671 700 946 847 223 
4	0.0: 1 216 412 750 869 945 938 333 
4	0.0: 65 252 215 853 938 962 970 247 
4	0.0: 109 280 417 346 985 961 974 350 
4	0.0: 162 266 429 557 736 957 886 321 
4	0.0: 109 242 481 630 836 945 803 124 
4	0.0: 125 272 548 690 893 935 984 258 
4	0.0: 109 239 483 678 907 974 986 360 
4	0.0: 79 256 634 295 756 962 696 152 
4	0.0: 53 232 363 607 828 966 1023 325 
4	0.0: 100 212 625 535 981 950 871 111 
4	0.0: 168 241 502 688 709 958 903 175 
4	0.0: 84 236 548 579 826 952 960 216 
4	0.0: 66 252 465 632 882 917 851 143 
4	0.0: 32 255 484 702 828 941 835 80 
4	0.0: 70 243 394 555 898 948 872 313 
4	0.0: 55 258 384 658 860 929 912 339 
4	0.0: 61 236 396 710 876 960 835 156 
4	0.0: 101 257 378 308 954 955 888 146 
4	0.0: 52 254 158 388 794 944 660 268 
4	0.0: 80 271 440 278 719 952 790 281 
4	0.0: 174 250 516 630 901 949 1003 195 
4	0.0: 87 226 712 851 841 965 898 383 
4	0.0: 164 215 306 587 823 951 1020 227 
4	0.0: 42 275 451 733 910 951 960 102 
4	0.0: 81 254 337 695 799 947 984 267 
4	0.0: 19 254 779 555 875 966 864 196 
4	0.0: 1 249 463 749 942 950 927 109 
4	0.0: 95 255 522 713 751 958 863 170 
4	0.0: 64 258 412 1026 925 948 997 337 
4	0.0: 1 228 528 875 877 941 817 1 
4	0.0: 87 273 274 803 792 961 1004 135 
4	0.0: 26 257 665 513 823 961 893 323 
4	0.0: 55 257 338 290 843 955 882 115 
4	0.0: 91 257 614 223 861 944 725 1 
4	0.0: 63 238 615 364 850 939 905 152 
4	0.0: 61 256 552 607 787 953 938 186 
4	0.0: 146 213 679 509 830 947 1133 236 
4	0.0: 109 252 545 460 877 939 1012 323 
4	0.0: 84 255 510 116 753 958 744 135 
4	0.0: 77 250 382 343 764 941 852 149 
4	0.0: 95 227 661 462 847 944 824 284 
4	0.0: 72 245 678 841 888 960 944 212 
4	0.0: 122 252 508 665 909 949 790 294 
4	0.0: 205 245 508 913 870 955 881 262 
4	0.0: 58 261 473 337 795 946 932 180 
4	0.0: 67 255 577 780 702 947 854 134 
4	0.0: 29 245 659 363 930 949 833 194 
4	0.0: 1 226 651 885 831 950 996 240 
4	0.0: 154 274 437 679 820 934 1120 161 
4	0.0: 111 265 678 568 733 963 1025 216 
4	0.0: 25 261 371 661 667 971 944 23 
4	0.0: 197 217 732 528 838 944 871 1 
4	0.0: 103 260 616 263 863 954 916 169 
4	0.0: 94 261 629 609 864 952 963 332 
4	0.0: 37 210 313 763 821 953 1021 78 
4	0.0: 72 227 612 577 851 932 859 60 
4	0.0: 170 237 644 671 795 968 1018 73 
4	0.0: 28 257 532 762 790 970 983 159 
4	0.0: 1 245 418 479 900 946 1008 172 
4	0.0: 140 216 243 523 888 950 836 112 
4	0.0: 71 223 526 787 820 948 893 274 
4	0.0: 49 236 585 746 887 944 828 198 
4	0.0: 180 246 731 522 836 947 949 200 
4	0.0: 1 249 623 605 813 949 885 1 
4	0.0: 76 250 844 283 709 952 920 248 
4	0.0: 32 254 484 443 819 957 1015 74 
4	0.0: 91 221 472 242 810 952 1079 248 
4	0.0: 69 225 588 951 823 951 820 183 
4	0.0: 69 253 347 536 944 948 763 245 
4	0.0: 139 238 668 523 770 962 868 209 
4	0.0: 43 233 569 496 898 952 852 263 
4	0.0: 1 264 629 620 637 960 864 43 
4	0.0: 15 255 361 767 812 939 766 224 
4	0.0: 241 207 287 757 894 932 926 254 
4	0.0: 182 256 388 380 810 951 922 127 
4	0.0: 26 250 558 882 770 963 1004 211 
4	0.0: 111 194 496 561 980 955 1110 255 
4	0.0: 108 260 717 807 918 964 885 130 
4	0.0: 167 265 526 624 820 952 786 477 
4	0.0: 65 241 631 534 782 959 900 272 
4	0.0: 85 257 513 582 841 953 890 288 
4	0.0: 35 221 480 952 950 941 1035 182 
4	0.0: 86 241 693 512 772 941 881 114 
4	0.0: 143 250 558 533 836 949 825 152 
4	0.0: 147 259 494 594 687 941 850 154 
4	0.0: 91 247 611 503 808 939 968 233 
4	0.0: 96 248 537 467 763 945 1017 19 
4	0.0: 72 244 638 835 883 959 660 11 
4	0.0: 51 250 631 691 808 962 792 208 
4	0.0: 59 248 210 829 694 962 882 183 
4	0.0: 79 231 530 664 784 948 1000 151 
4	0.0: 25 258 725 919 967 962 982 122 
4	0.0: 140 260 673 560 1002 960 916 283 
4	0.0: 122 241 676 205 908 937 986 216 
4	0.0: 75 268 696 467 886 937 740 274 
4	0.0: 26 240 618 685 828 939 878 85 
4	0.0: 81 204 385 521 755 972 1049 389 
4	0.0: 83 239 554 887 878 969 721 144 
4	0.0: 49 260 494 487 796 954 930 250 
4	0.0: 224 240 383 991 912 954 866 357 
4	0.0: 1 273 350 683 868 954 1023 385 
4	0.0: 124 244 275 663 704 964 948 113 
4	0.0: 116 232 568 811 825 961 960 131 
4	0.0: 114 252 591 707 811 946 726 303 
4	0.0: 114 225 442 278 750 968 931 315 
4	0.0: 129 254 567 175 733 954 998 181 
4	0.0: 25 252 695 570 838 950 911 165 
4	0.0: 31 236 446 793 954 932 902 89 
4	0.0: 91 214 719 806 891 950 1054 234 
4	0.0: 80 232 681 639 955 935 1048 234 
4	0.0: 133 263 553 497 936 941 1000 282 
4	0.0: 64 234 368 865 811 959 773 415 
4	0.0: 1 252 434 845 760 959 983 107 
4	0.0: 19 250 425 199 769 943 667 153 
4	0.0: 10 213 587 429 759 947 895 193 
4	0.0: 117 263 503 566 750 937 855 372 
4	0.0: 80 231 415 699 983 947 904 224 
4	0.0: 1 230 691 746 834 965 1039 162 
4	0.0: 3 233 295 328 816 943 894 220 
4	0.0: 84 216 526 359 696 938 847 133 
4	0.0: 82 227 535 125 769 947 967 411 
4	0.0: 79 258 682 817 901 951 959 272 
4	0.0: 9 277 394 66 908 961 1067 80 
4	0.0: 18 234 539 542 836 952 873 80 
4	0.0: 161 262 500 417 802 939 817 439 
4	0.0: 86 265 519 728 757 953 885 254 
4	0.0: 75 253 565 513 883 948 847 137 
4	0.0: 144 261 705 561 830 942 922 378 
4	0.0: 1 210 465 457 853 959 766 12 
4	0.0: 129 256 440 510 736 946 863 243 
4	0.0: 126 212 324 442 909 959 790 310 
4	0.0: 194 264 450 647 785 963 1023 62 
4	0.0: 78 268 480 370 766 956 839 285 
4	0.0: 103 248 420 707 782 968 1126 250 
4	0.0: 1 227 370 238 894 949 997 309 
4	0.0: 89 226 382 784 713 944 973 333 
4	0.0: 73 250 532 589 741 960 886 176 
4	0.0: 252 212 385 628 905 968 803 62 
4	0.0: 4 291 413 340 789 941 965 9 
4	0.0: 169 219 581 382 809 967 979 66 
4	0.0: 14 268 620 768 682 936 868 300 
4	0.0: 111 290 513 329 883 942 870 336 
4	0.0: 66 247 420 807 804 962 983 247 
4	0.0: 88 241 487 246 727 948 1031 360 
4	0.0: 50 236 564 557 814 969 919 174 
4	0.0: 1 235 608 666 771 958 929 345 
4	0.0: 107 242 443 515 856 951 955 95 
4	0.0: 176 226 512 487 846 953 950 76 
4	0.0: 134 244 667 590 823 949 1006 287 
4	0.0: 75 229 452 244 819 950 850 210 
4	0.0: 123 247 490 936 908 964 843 419 
4	0.0: 101 253 549 716 948 959 911 58 
4	0.0: 88 233 506 481 883 945 740 168 
4	0.0: 104 236 377 584 911 946 973 208 
4	0.0: 134 270 526 440 953 950 953 422 
4	0.0: 188 239 233 440 772 964 857 305 
4	0.0: 55 275 880 375 940 946 972 349 
4	0.0: 141 249 267 856 791 955 867 324 
4	0.0: 87 244 582 556 854 945 924 173 
4	0.0: 49 230 309 829 742 937 805 117 
4	0.0: 22 228 556 780 692 965 917 77 
4	0.0: 89 245 549 752 778 946 764 179 
4	0.0: 77 228 599 521 926 942 916 220 
4	0.0: 133 232 561 525 906 949 698 149 
4	0.0: 134 249 530 703 854 950 995 145 
4	0.0: 125 223 285 1110 930 938 895 19 
4	0.0: 166 234 591 546 864 962 903 296 
4	0.0: 90 254 605 496 999 945 964 61 
4	0.0: 103 222 444 584 855 955 847 253 
4	0.0: 141 223 549 686 891 970 830 186 
4	0.0: 85 262 629 459 832 962 959 246 
4	0.0: 123 258 600 711 804 959 817 209 
4	0.0: 71 258 557 609 697 949 984 281 
4	0.0: 28 292 381 438 751 952 920 286 
4	0.0: 105 272 620 382 772 946 842 239 
4	0.0: 131 252 608 508 910 956 789 312 
4	0.0: 119 249 561 870 859 947 792 140 
4	0.0: 80 213 438 915 880 962 804 119 
4	0.0: 88 244 474 480 727 945 843 223 
4	0.0: 127 235 285 416 772 945 838 160 
4	0.0: 37 214 369 385 1073 935 899 106 
4	0.0: 38 269 487 443 763 947 904 198 
4	0.0: 86 189 487 682 926 961 821 148 
4	0.0: 100 237 611 614 883 967 928 264 
4	0.0: 141 234 406 512 894 953 921 214 
4	0.0: 105 240 612 561 644 952 891 123 
4	0.0: 23 222 469 687 794 957 993 287 
4	0.0: 43 251 556 785 911 959 984 118 
4	0.0: 124 277 536 406 778 955 1017 111 
4	0.0: 180 242 707 581 702 953 861 354 
4	0.0: 49 245 576 549 700 954 872 219 
4	0.0: 94 271 366 751 843 946 886 79 
4	0.0: 128 246 461 456 842 929 879 79 
4	0.0: 96 248 425 958 864 977 949 249 
4	0.0: 67 228 285 693 753 949 1037 176 
4	0.0: 116 279 491 886 704 965 1087 175 
4	0.0: 61 243 294 862 755 949 949 161 
4	0.0: 147 236 504 442 730 956 1018 122 
4	0.0: 117 264 646 598 951 954 952 79 
4	0.0: 70 270 344 491 737 954 868 323 
4	0.0: 17 242 434 621 748 940 896 275 
4	0.0: 63 238 654 796 785 938 933 200 
4	0.0: 68 248 584 486 1024 952 855 82 
4	0.0: 12 261 569 259 712 965 881 169 
4	0.0: 35 241 580 981 619 952 884 265 
4	0.0: 47 250 475 777 819 972 821 209 
4	0.0: 83 236 459 464 736 952 811 156 
4	0.0: 20 233 551 941 913 956 1022 234 
4	0.0: 77 225 351 725 864 941 1065 168 
4	0.0: 53 243 500 354 774 944 1017 106 
4	0.0: 146 292 555 771 783 959 881 426 
4	0.0: 68 214 543 583 794 952 969 151 
4	0.0: 156 248 673 790 678 959 916 241 
4	0.0: 101 233 493 553 918 950 943 301 
4	0.0: 76 242 435 638 769 944 902 247 
4	0.0: 154 239 556 676 852 935 819 313 
4	0.0: 166 236 577 619 902 960 917 264 
4	0.0: 88 243 363 298 884 956 813 53 
4	0.0: 64 258 430 777 856 951 957 269 
4	0.0: 97 217 290 591 855 947 884 124 
4	0.0: 68 246 350 394 759 948 884 51 
4	0.0: 132 249 224 437 770 970 1020 250 
4	0.0: 48 244 397 257 944 949 833 236 
4	0.0: 46 258 767 447 880 943 903 186 
4	0.0: 53 242 416 410 718 939 857 92 
4	0.0: 38 237 572 764 824 949 906 257 
4	0.0: 111 270 348 565 987 940 830 482 
4	0.0: 181 226 519 1014 800 968 863 275 
4	0.0: 52 241 653 383 861 948 881 334 
4	0.0: 32 262 299 508 895 939 954 231 
4	0.0: 102 257 480 574 836 937 1018 186 
4	0.0: 14 266 408 535 733 959 927 130 
4	0.0: 62 250 431 779 745 972 914 95 
4	0.0: 152 234 443 698 805 947 1044 381 
4	0.0: 140 213 481 829 734 950 982 209 
4	0.0: 97 224 571 536 844 944 1048 189 
4	0.0: 111 255 460 461 717 944 958 303 
4	0.0: 86 263 578 744 861 952 893 239 
4	0.0: 107 228 537 560 823 959 808 94 
4	0.0: 52 259 473 658 704 942 745 1 
4	0.0: 135 252 415 643 693 957 815 233 
4	0.0: 35 263 585 25 792 963 1032 466 
4	0.0: 92 211 434 600 766 958 876 291 
4	0.0: 73 265 372 886 808 955 835 86 
4	0.0: 123 255 567 658 847 950 823 316 
4	0.0: 103 261 376 632 766 964 976 105 
4	0.0: 54 265 718 506 812 956 947 124 
4	0.0: 103 243 730 711 866 960 929 271 
4	0.0: 1 275 547 519 740 931 910 280 
4	0.0: 93 282 391 347 850 954 911 139 
4	0.0: 90 208 132 454 896 932 918 326 
4	0.0: 35 242 505 465 814 955 867 313 
4	0.0: 56 241 465 246 906 940 868 277 
4	0.0: 85 254 514 807 671 966 928 154 
4	0.0: 79 273 495 943 752 956 897 366 
4	0.0: 143 245 446 826 746 951 748 369 
4	0.0: 171 280 379 558 969 955 804 47 
4	0.0: 101 248 495 533 791 955 723 207 
4	0.0: 38 255 593 731 829 947 875 178 
4	0.0: 87 255 624 770 936 962 894 85 
4	0.0: 112 234 607 365 903 954 950 262 
4	0.0: 143 230 545 518 901 945 1082 292 
4	0.0: 95 224 348 627 838 969 857 51 
4	0.0: 221 209 565 490 933 941 970 5 
4	0.0: 122 252 602 520 808 963 1048 269 
4	0.0: 145 235 419 622 991 941 913 250 
4	0.0: 7 250 677 856 861 959 980 267 
4	0.0: 78 261 666 689 742 956 837 150 
4	0.0: 94 243 700 890 884 934 984 194 
4	0.0: 28 244 565 334 753 952 978 392 
4	0.0: 108 254 370 445 898 957 1006 176 
4	0.0: 20 251 583 874 809 941 902 309 
4	0.0: 63 217 576 603 928 950 887 1 
4	0.0: 67 268 649 483 882 942 877 257 
4	0.0: 75 230 423 409 781 964 903 100 
4	0.0: 63 258 397 521 914 945 858 241 
4	0.0: 84 269 418 325 819 948 953 57 
4	0.0: 76 206 409 519 879 948 871 231 
4	0.0: 160 223 415 572 761 962 990 46 
4	0.0: 68 238 445 734 778 954 896 151 
4	0.0: 148 253 230 440 721 967 932 274 
4	0.0: 48 237 336 469 968 951 892 221 
4	0.0: 44 251 526 323 770 962 774 291 
4	0.0: 73 277 606 354 846 956 782 277 
4	0.0: 216 270 787 796 839 972 1133 246 
4	0.0: 126 229 493 389 793 968 756 110 
4	0.0: 17 234 368 664 780 953 974 146 
4	0.0: 61 228 587 802 861 931 1075 226 
4	0.0: 99 267 425 347 791 953 872 350 
4	0.0: 77 267 835 609 781 947 998 155 
4	0.0: 169 219 349 418 819 967 877 166 
4	0.0: 107 217 479 472 830 941 872 1 
4	0.0: 202 239 336 368 878 947 995 270 
4	0.0: 17 237 496 506 838 953 793 266 
4	0.0: 100 264 711 503 880 960 909 111 
4	0.0: 104 256 530 458 864 950 946 72 
4	0.0: 54 263 725 841 825 954 770 77 
4	0.0: 174 237 465 455 948 953 1003 8 
4	0.0: 74 263 480 357 880 978 808 110 
4	0.0: 56 238 357 675 784 938 1029 159 
4	0.0: 147 231 397 550 850 950 970 104 
4	0.0: 123 239 535 419 735 967 1053 70 
4	0.0: 200 257 409 241 744 941 927 376 
4	0.0: 59 260 533 460 817 949 779 82 
4	0.0: 150 253 640 465 811 946 769 292 
4	0.0: 73 239 571 587 826 956 925 310 
4	0.0: 136 248 473 524 865 950 832 349 
4	0.0: 178 225 418 591 899 953 904 359 
4	0.0: 101 206 617 828 813 957 848 323 
4	0.0: 72 268 445 755 990 932 876 341 
4	0.0: 58 253 228 704 814 962 875 76 
4	0.0: 108 216 468 424 673 971 905 121 
4	0.0: 107 241 622 188 897 948 966 3 
4	0.0: 86 216 530 299 880 963 986 233 
4	0.0: 56 247 409 991 752 962 811 222 
4	0.0: 91 244 414 773 872 944 837 237 
4	0.0: 86 261 426 691 748 941 1068 320 
4	0.0: 176 278 536 874 1005 948 920 207 
4	0.0: 103 256 353 549 1053 946 1116 55 
4	0.0: 66 232 578 84 842 949 1031 230 
4	0.0: 53 260 356 529 812 953 924 301 
4	0.0: 69 253 594 160 956 946 1044 80 
4	0.0: 64 251 724 820 766 947 848 345 
4	0.0: 173 257 456 744 749 968 865 354 
4	0.0: 128 213 270 591 810 948 808 322 
4	0.0: 113 258 403 632 858 932 821 243 
4	0.0: 64 265 587 353 860 953 899 143 
4	0.0: 104 228 375 601 747 961 916 294 
4	0.0: 108 253 508 267 836 932 958 366 
4	0.0: 18 251 503 538 828 964 893 243 
4	0.0: 62 222 508 479 752 953 668 7 
4	0.0: 87 232 370 501 732 934 916 178 
4	0.0: 178 277 406 292 888 955 946 358 
4	0.0: 32 256 368 658 906 954 963 404 
4	0.0: 46 298 653 824 894 952 984 117 
4	0.0: 61 239 606 537 953 970 872 269 
4	0.0: 62 211 419 493 742 950 901 177 
4	0.0: 172 248 273 670 914 970 916 163 
4	0.0: 4 285 435 632 918 964 1022 151 
4	0.0: 42 244 431 102 706 962 1011 353 
4	0.0: 30 211 328 75 688 937 971 241 
4	0.0: 178 225 411 670 811 949 893 271 
4	0.0: 163 240 439 678 807 947 946 175 
4	0.0: 19 234 469 516 646 961 888 343 
4	0.0: 51 241 447 374 741 963 959 247 
4	0.0: 172 225 548 456 805 964 961 160 
4	0.0: 149 276 412 284 764 955 1003 28 
4	0.0: 61 213 616 568 730 940 881 191 
4	0.0: 1 251 469 676 829 956 873 212 
4	0.0: 25 235 440 652 695 952 853 149 
4	0.0: 1 228 291 434 741 947 867 62 
4	0.0: 32 251 388 678 826 955 889 363 
4	0.0: 8 240 689 699 892 947 934 297 
4	0.0: 1 260 497 501 848 959 802 131 
4	0.0: 60 250 526 1026 777 946 720 1 
4	0.0: 44 233 363 537 778 952 877 111 
4	0.0: 105 239 526 264 848 960 908 172 
4	0.0: 73 234 473 512 791 951 1092 168 
4	0.0: 103 240 555 404 890 966 881 85 
4	0.0: 71 253 599 606 722 959 926 133 
4	0.0: 182 256 655 1099 865 936 1057 291 
4	0.0: 1 236 541 174 890 940 862 268 
4	0.0: 76 265 358 598 712 925 913 1 
4	0.0: 119 251 306 794 832 949 865 286 
4	0.0: 44 242 131 498 857 956 761 263 
4	0.0: 83 241 510 646 833 968 937 422 
4	0.0: 132 252 701 548 815 950 995 232 
4	0.0: 48 258 586 365 908 951 934 276 
4	0.0: 45 210 420 459 700 965 938 426 
4	0.0: 181 263 681 573 783 960 895 199 
4	0.0: 131 285 794 968 910 946 988 245 
4	0.0: 81 260 643 386 786 958 891 149 
4	0.0: 137 246 612 502 923 955 973 386 
4	0.0: 65 242 423 611 787 951 911 120 
4	0.0: 103 251 393 828 877 944 982 56 
4	0.0: 210 217 333 222 777 953 1031 271 
4	0.0: 119 224 326 526 880 941 966 309 
4	0.0: 98 248 507 749 898 935 836 222 
4	0.0: 26 227 640 629 1027 942 900 218 
4	0.0: 1 275 446 508 758 953 910 200 
4	0.0: 38 250 506 1112 810 940 859 267 
4	0.0: 187 230 566 648 879 948 952 230 
4	0.0: 124 263 440 638 917 941 966 224 
4	0.0: 188 260 497 663 911 956 894 212 
4	0.0: 138 236 518 559 753 941 916 269 
4	0.0: 138 219 485 718 837 954 941 185 
4	0.0: 30 270 368 902 777 962 1062 192 
4	0.0: 133 223 431 528 836 943 896 348 
4	0.0: 28 238 272 530 947 951 827 14 
4	0.0: 4 244 483 704 837 932 854 209 
4	0.0: 56 285 521 355 904 952 1047 312 
4	0.0: 76 234 505 572 939 965 914 24 
4	0.0: 89 273 481 722 684 938 858 309 
4	0.0: 55 268 750 475 900 972 977 211 
4	0.0: 63 238 473 632 874 948 769 118 
4	0.0: 68 218 591 143 701 963 797 176 
4	0.0: 37 266 497 751 937 951 853 295 
4	0.0: 233 268 476 366 838 970 821 68 
4	0.0: 127 253 517 350 811 960 892 173 
4	0.0: 143 256 453 980 855 961 768 77 
4	0.0: 91 239 425 503 1012 971 929 225 
4	0.0: 148 235 380 750 845 945 819 210 
4	0.0: 127 254 607 735 850 949 785 430 
4	0.0: 57 219 552 653 706 952 1004 160 
4	0.0: 167 238 481 502 675 958 818 322 
4	0.0: 71 263 320 610 817 939 871 147 
4	0.0: 6 224 739 607 788 948 1016 133 
4	0.0: 151 246 490 409 809 943 834 262 
4	0.0: 128 251 376 662 829 964 982 212 
4	0.0: 69 256 511 218 860 938 941 150 
4	0.0: 42 270 460 522 945 949 951 166 
4	0.0: 102 224 395 452 777 962 871 64 
4	0.0: 25 245 611 698 772 944 857 272 
4	0.0: 159 243 448 607 853 958 905 218 
4	0.0: 67 235 420 644 752 960 895 276 
4	0.0: 51 258 583 687 1024 945 963 226 
4	0.0: 68 256 722 420 806 954 1028 52 
4	0.0: 115 220 635 647 825 950 1035 350 
4	0.0: 44 276 627 879 780 965 893 1 
4	0.0: 154 235 623 621 794 946 982 265 
4	0.0: 96 255 367 800 831 959 749 173 
4	0.0: 86 211 484 851 800 966 901 259 
4	0.0: 26 233 411 276 814 957 895 212 
4	0.0: 28 209 553 646 931 948 896 121 
4	0.0: 69 251 670 701 797 961 979 230 
4	0.0: 133 281 425 674 692 963 834 1 
4	0.0: 35 230 361 888 856 932 921 212 
4	0.0: 113 268 581 823 841 953 883 220 
4	0.0: 122 242 265 729 926 948 987 266 
4	0.0: 38 260 486 564 793 948 925 311 
4	0.0: 76 230 635 505 829 943 958 245 
4	0.0: 32 210 618 907 933 963 923 120 
4	0.0: 82 244 250 1117 792 949 1079 436 
4	0.0: 152 247 598 358 882 938 1042 178 
4	0.0: 67 261 501 571 871 938 862 125 
4	0.0: 153 251 527 544 872 951 838 129 
4	0.0: 130 251 426 260 891 943 1110 191 
4	0.0: 59 235 273 733 737 969 1001 148 
4	0.0: 62 264 583 625 856 945 1004 224 
4	0.0: 171 196 513 588 904 955 927 327 
4	0.0: 154 251 599 453 722 968 907 48 
4	0.0: 1 241 326 535 700 938 815 146 
4	0.0: 112 221 809 396 784 949 871 119 
4	0.0: 115 249 614 499 824 952 936 218 
4	0.0: 68 254 412 490 765 943 897 86 
4	0.0: 114 240 533 714 818 947 892 195 
4	0.0: 39 250 461 521 1056 958 1061 77 
4	0.0: 195 235 433 421 824 952 1121 322 
4	0.0: 1 265 400 696 944 964 855 246 
4	0.0: 66 211 538 955 861 969 958 112 
4	0.0: 100 263 578 270 795 948 901 326 
4	0.0: 1 247 653 417 802 968 911 184 
4	0.0: 88 261 687 729 751 945 902 309 
4	0.0: 38 248 431 620 867 949 926 114 
4	0.0: 177 247 626 632 846 964 991 237 
4	0.0: 115 250 711 439 740 956 974 263 
4	0.0: 57 261 580 503 791 943 892 277 
4	0.0: 146 242 455 521 842 949 883 95 
4	0.0: 167 249 387 409 798 945 1010 230 
4	0.0: 1 247 382 641 831 964 725 70 
4	0.0: 65 245 701 190 813 966 858 165 
4	0.0: 164 232 496 726 856 940 989 390 
4	0.0: 52 243 410 695 894 948 873 80 
4	0.0: 83 247 491 730 914 941 747 304 
4	0.0: 52 235 465 523 839 967 856 98 
4	0.0: 132 256 489 307 844 965 922 88 
4	0.0: 127 243 680 718 841 941 919 449 
4	0.0: 57 243 566 464 770 951 787 61 
4	0.0: 166 244 705 682 683 937 939 131 
4	0.0: 10 260 390 357 865 956 862 76 
4	0.0: 101 225 574 688 786 954 1016 183 
4	0.0: 60 237 432 627 789 955 982 393 
4	0.0: 61 241 635 500 845 954 791 124 
4	0.0: 111 251 677 425 796 963 808 190 
4	0.0: 154 236 425 364 890 948 772 313 
4	0.0: 52 269 523 747 974 950 913 326 
4	0.0: 42 235 467 677 918 968 1010 333 
4	0.0: 75 267 381 247 777 958 933 154 
4	0.0: 110 268 495 578 878 927 752 169 
4	0.0: 42 261 417 361 858 962 938 249 
4	0.0: 114 263 625 444 730 951 878 189 
4	0.0: 72 237 627 401 823 961 945 264 
4	0.0: 146 229 566 484 810 928 945 396 
4	0.0: 21 282 610 583 778 968 936 51 
4	0.0: 89 251 334 734 754 942 851 248 
4	0.0: 52 246 347 275 793 950 908 133 
4	0.0: 107 247 577 473 876 962 846 369 
4	0.0: 7 232 387 632 1009 952 812 326 
4	0.0: 101 283 478 1023 827 946 955 60 
4	0.0: 84 257 449 571 761 945 846 319 
4	0.0: 171 254 661 780 670 981 984 272 
4	0.0: 97 243 529 512 774 965 889 83 
4	0.0: 129 239 542 668 832 941 733 215 
4	0.0: 115 268 652 356 766 943 843 239 
4	0.0: 48 229 356 314 815 958 872 221 
4	0.0: 30 237 654 478 721 947 834 107 
4	0.0: 18 216 306 867 908 956 966 195 
4	0.0: 54 275 437 284 910 951 904 157 
4	0.0: 124 235 586 169 792 937 878 217 
4	0.0: 190 243 539 862 722 937 959 257 
4	0.0: 36 248 386 683 790 958 777 129 
4	0.0: 62 227 412 788 891 950 1191 378 
4	0.0: 96 234 443 613 774 947 935 150 
4	0.0: 1 242 580 716 924 944 913 46 
4	0.0: 73 237 499 576 785 952 986 136 
4	0.0: 161 240 567 472 845 963 907 350 
4	0.0: 109 215 582 663 812 951 1034 35 
4	0.0: 155 234 545 740 894 944 843 109 
4	0.0: 84 222 231 801 852 952 970 333 
4	0.0: 47 229 313 605 736 971 935 1 
4	0.0: 124 224 413 786 887 959 899 199 
4	0.0: 46 239 718 612 835 938 797 243 
4	0.0: 19 239 693 318 920 954 866 204 
4	0.0: 100 242 419 927 784 963 828 150 
4	0.0: 207 236 528 319 776 976 982 9 
4	0.0: 27 225 448 406 861 953 994 194 
4	0.0: 6 264 647 709 802 927 941 374 
4	0.0: 71 238 484 672 886 951 924 407 
4	0.0: 46 255 709 722 793 959 889 227 
4	0.0: 66 254 419 706 894 963 937 111 
4	0.0: 155 261 396 405 943 967 942 322 
4	0.0: 36 265 307 602 752 964 779 138 
4	0.0: 33 256 765 638 911 963 871 184 
4	0.0: 46 252 646 485 834 925 998 163 
4	0.0: 34 215 593 636 776 971 855 1 
4	0.0: 88 234 458 709 958 962 919 52 
4	0.0: 89 246 542 450 796 945 961 169 
4	0.0: 43 233 240 358 741 957 919 164 
4	0.0: 89 245 505 474 854 962 1033 201 
4	0.0: 108 269 624 582 736 946 935 214 
4	0.0: 61 213 551 360 979 957 827 171 
4	0.0: 60 260 441 429 866 945 961 139 
4	0.0: 46 279 319 574 709 949 904 252 
4	0.0: 91 231 258 1172 731 951 835 241 
4	0.0: 25 227 429 519 996 960 766 85 
4	0.0: 105 234 656 407 692 952 944 220 
4	0.0: 39 282 389 468 945 958 863 158 
4	0.0: 109 244 453 395 858 940 918 201 
4	0.0: 56 256 523 583 819 949 1025 237 
4	0.0: 66 230 633 860 826 943 717 210 
4	0.0: 96 263 483 650 859 937 730 109 
4	0.0: 87 221 453 559 746 963 978 189 
4	0.0: 101 254 532 660 1003 953 1052 299 
4	0.0: 130 218 645 389 795 957 829 231 
4	0.0: 42 273 529 758 703 948 891 276 
4	0.0: 68 241 439 450 881 949 958 201 
4	0.0: 99 267 822 576 723 947 922 372 
4	0.0: 155 228 497 447 736 964 867 87 
4	0.0: 141 235 337 568 889 954 1030 288 
4	0.0: 153 215 519 758 889 962 895 485 
4	0.0: 60 224 739 159 873 950 1145 115 
4	0.0: 98 233 521 566 916 951 874 315 
4	0.0: 151 239 516 471 891 964 735 267 
4	0.0: 115 274 496 583 920 961 923 223 
4	0.0: 113 223 501 873 835 941 1016 348 
4	0.0: 156 243 469 399 682 955 975 273 
4	0.0: 26 224 635 702 745 965 1029 163 
4	0.0: 60 238 575 255 760 974 967 218 
4	0.0: 41 240 412 644 925 961 949 268 
4	0.0: 167 223 690 602 742 952 823 303 
4	0.0: 7 215 260 964 746 967 1000 106 
4	0.0: 34 254 212 489 905 961 1111 160 
4	0.0: 61 247 423 586 896 957 874 91 
4	0.0: 42 231 789 618 813 926 1010 95 
4	0.0: 82 248 558 725 761 954 846 143 
4	0.0: 77 260 406 605 803 950 889 169 
4	0.0: 101 272 482 750 848 952 987 177 
4	0.0: 36 260 509 365 825 929 1025 215 
4	0.0: 45 240 497 522 713 952 967 73 
4	0.0: 103 240 618 921 846 963 818 73 
4	0.0: 91 229 404 598 788 945 943 444 
4	0.0: 70 272 521 431 700 953 1030 1 
4	0.0: 51 251 666 537 872 939 907 82 
4	0.0: 24 227 644 608 817 931 755 347 
4	0.0: 31 260 471 691 774 957 988 188 
4	0.0: 69 255 388 355 699 969 1075 245 
4	0.0: 78 245 485 645 693 945 1023 138 
4	0.0: 6 232 419 386 948 951 843 400 
4	0.0: 123 266 376 323 813 958 823 313 
4	0.0: 48 221 740 204 901 951 951 150 
4	0.0: 82 221 453 302 770 947 800 191 
4	0.0: 97 243 350 434 817 952 792 117 
4	0.0: 1 233 491 317 705 950 977 304 
4	0.0: 84 251 573 817 822 962 882 270 
4	0.0: 155 244 343 763 953 953 982 354 
4	0.0: 67 233 727 661 912 948 912 209 
4	0.0: 126 233 488 490 753 944 1064 220 
4	0.0: 101 232 602 771 867 941 881 196 
4	0.0: 51 247 416 383 923 950 890 245 
4	0.0: 56 235 547 631 930 946 1052 146 
4	0.0: 105 245 369 532 786 967 1027 246 
4	0.0: 34 256 483 553 760 963 960 57 
4	0.0: 99 229 516 339 893 960 831 1 
4	0.0: 93 269 519 492 818 951 976 180 
4	0.0: 16 228 340 722 916 962 853 249 
4	0.0: 73 248 348 396 861 977 858 75 
4	0.0: 73 244 483 643 887 951 845 215 
4	0.0: 149 255 696 421 880 949 1009 243 
4	0.0: 12 251 292 500 975 951 884 298 
4	0.0: 55 216 562 921 880 956 751 211 
4	0.0: 63 243 688 723 889 949 747 350 
4	0.0: 94 253 611 868 887 960 1002 178 
4	0.0: 193 244 315 570 901 958 857 110 
4	0.0: 10 231 555 534 936 952 802 63 
4	0.0: 158 237 374 561 811 954 926 108 
4	0.0: 42 237 709 726 775 958 1010 70 
4	0.0: 96 225 198 594 865 937 873 388 
4	0.0: 33 221 614 421 967 972 973 243 
4	0.0: 67 279 475 658 842 961 934 331 
4	0.0: 45 232 404 703 900 960 954 203 
4	0.0: 120 221 786 553 854 935 934 125 
4	0.0: 83 254 463 574 729 927 801 272 
4	0.0: 24 243 573 428 922 972 918 75 
4	0.0: 34 245 508 623 818 959 941 243 
4	0.0: 34 211 470 761 763 952 731 257 
4	0.0: 32 236 403 733 910 941 851 244 
4	0.0: 90 237 796 254 978 945 958 289 
4	0.0: 76 266 592 438 773 960 820 80 
4	0.0: 74 245 266 318 798 930 950 109 
4	0.0: 3 272 446 829 788 952 827 179 
4	0.0: 40 237 697 688 937 949 929 225 
4	0.0: 73 227 411 506 931 957 790 226 
4	0.0: 97 269 578 861 1058 930 983 62 
4	0.0: 168 254 476 597 916 964 753 117 
4	0.0: 114 238 666 429 767 965 843 360 
4	0.0: 76 256 607 569 955 953 776 310 
4	0.0: 56 269 532 727 852 963 833 175 
4	0.0: 116 246 571 345 912 959 819 90 
4	0.0: 125 241 526 795 901 945 948 264 
4	0.0: 82 227 309 236 775 932 889 161 
4	0.0: 32 238 531 595 900 948 906 199 
4	0.0: 119 238 481 725 858 978 981 228 
4	0.0: 143 228 463 766 671 958 871 431 
4	0.0: 79 240 261 716 844 958 850 185 
4	0.0: 12 237 486 770 737 955 923 387 
4	0.0: 143 238 399 458 787 949 845 104 
4	0.0: 141 237 319 366 853 953 784 274 
4	0.0: 138 239 503 541 925 960 775 25 
4	0.0: 48 231 464 675 808 929 953 302 
4	0.0: 63 236 231 461 883 946 929 226 
4	0.0: 139 264 458 523 817 953 981 202 
4	0.0: 54 252 586 345 891 970 900 345 
4	0.0: 1 243 691 408 923 937 912 31 
4	0.0: 1 247 586 337 915 949 935 138 
4	0.0: 69 252 477 378 766 955 1053 140 
4	0.0: 139 230 643 432 856 959 799 73 
4	0.0: 43 243 299 1010 827 942 884 57 
4	0.0: 118 250 368 440 822 948 739 230 
4	0.0: 2 232 516 315 801 967 880 87 
4	0.0: 80 270 487 986 769 973 915 175 
4	0.0: 54 243 307 667 811 953 1004 1 
4	0.0: 77 255 421 579 625 944 814 169 
4	0.0: 79 252 538 1091 759 935 817 291 
4	0.0: 58 213 378 476 937 957 855 226 
4	0.0: 25 208 362 983 848 964 931 152 
4	0.0: 73 221 505 858 795 936 903 156 
4	0.0: 99 248 601 782 773 953 809 198 
4	0.0: 122 208 607 822 982 967 923 257 
4	0.0: 90 238 490 896 1013 936 889 61 
4	0.0: 52 270 478 712 864 951 860 251 
4	0.0: 146 260 513 570 713 949 770 57 
4	0.0: 157 248 553 490 885 931 1018 241 
4	0.0: 130 240 227 483 834 935 868 28 
4	0.0: 1 248 566 603 763 937 924 206 
4	0.0: 79 239 621 651 853 931 980 408 
4	0.0: 4 249 526 930 700 952 1160 197 
4	0.0: 103 244 664 548 862 940 978 194 
4	0.0: 1 216 382 679 741 951 1074 408 
4	0.0: 88 231 505 466 889 954 932 322 
4	0.0: 8 225 529 529 911 952 1031 355 
4	0.0: 117 212 576 919 832 955 923 171 
4	0.0: 123 210 374 545 575 956 869 122 
4	0.0: 68 226 578 544 976 954 945 308 
4	0.0: 9 245 546 672 788 960 800 155 
4	0.0: 186 265 551 460 752 948 989 127 
4	0.0: 95 252 447 184 900 946 925 304 
4	0.0: 120 231 187 523 917 947 876 222 
4	0.0: 80 220 549 769 827 949 789 86 
4	0.0: 1 231 493 377 851 952 797 241 
4	0.0: 116 219 108 577 679 940 957 1 
4	0.0: 102 249 454 568 653 952 865 66 
4	0.0: 69 264 463 909 821 953 922 88 
4	0.0: 48 199 531 364 825 955 816 354 
4	0.0: 126 236 286 689 768 965 993 213 
4	0.0: 69 246 652 485 746 943 999 86 
4	0.0: 45 230 427 896 794 962 941 247 
4	0.0: 40 235 302 651 822 957 883 167 
4	0.0: 128 265 632 536 877 964 764 227 
4	0.0: 71 228 458 1025 781 961 959 222 
4	0.0: 63 246 599 603 700 943 828 1 
4	0.0: 102 262 605 844 762 935 911 157 
4	0.0: 98 247 442 463 836 936 935 381 
4	0.0: 1 249 691 615 907 942 831 336 
4	0.0: 106 245 427 849 738 960 807 183 
4	0.0: 1 237 547 639 838 971 809 260 
4	0.0: 52 230 419 715 767 951 732 189 
4	0.0: 131 205 705 674 711 942 971 139 
4	0.0: 113 254 408 485 817 962 1045 127 
4	0.0: 107 267 583 80 801 950 1037 338 
4	0.0: 151 222 527 478 914 952 850 389 
4	0.0: 67 245 727 462 886 945 938 157 
4	0.0: 118 251 735 625 882 935 739 137 
4	0.0: 104 258 630 509 787 956 916 304 
4	0.0: 113 252 480 862 973 959 801 172 
4	0.0: 166 200 410 697 697 947 1006 104 
4	0.0: 101 252 510 617 765 958 856 334 
4	0.0: 18 245 700 602 830 955 946 294 
4	0.0: 72 234 506 818 744 960 816 387 
4	0.0: 6 244 397 287 868 961 876 455 
4	0.0: 102 207 337 404 847 948 773 161 
4	0.0: 120 227 317 296 769 937 921 293 
4	0.0: 135 240 483 393 750 933 976 105 
4	0.0: 46 236 405 429 840 953 946 84 
4	0.0: 47 203 456 405 787 946 899 233 
4	0.0: 106 247 478 820 864 951 870 206 
4	0.0: 68 229 554 656 818 952 903 181 
4	0.0: 185 247 564 333 695 958 937 153 
4	0.0: 79 241 764 420 917 939 997 122 
4	0.0: 31 236 515 1 691 948 887 67 
4	0.0: 89 214 513 808 694 960 978 1 
4	0.0: 1 264 627 632 991 949 982 253 
4	0.0: 89 238 346 286 835 956 738 115 
4	0.0: 115 276 506 341 941 956 867 98 
4	0.0: 98 274 460 865 934 958 840 124 
4	0.0: 26 268 445 677 1027 954 900 77 
4	0.0: 70 209 590 55 857 936 957 26 
4	0.0: 1 243 446 744 801 949 1093 200 
4	0.0: 128 241 641 618 760 964 977 194 
4	0.0: 144 209 520 765 811 961 978 249 
4	0.0: 72 260 652 424 890 961 878 242 
4	0.0: 74 225 499 810 836 949 856 135 
4	0.0: 56 266 381 371 813 944 953 83 
4	0.0: 66 266 477 776 852 957 880 267 
4	0.0: 121 245 720 430 906 954 842 206 
4	0.0: 71 263 543 676 977 951 982 280 
4	0.0: 122 256 691 667 753 957 921 209 
4	0.0: 142 239 331 983 741 953 943 183 
4	0.0: 168 236 634 547 829 947 973 170 
4	0.0: 75 238 638 456 653 950 920 195 
4	0.0: 88 255 496 558 846 943 960 175 
4	0.0: 38 252 557 448 926 945 940 328 
4	0.0: 147 234 441 465 837 948 829 120 
4	0.0: 10 225 598 755 819 960 912 313 
4	0.0: 31 218 600 755 829 933 883 119 
4	0.0: 108 197 418 508 813 960 937 275 
4	0.0: 5 256 628 631 778 942 805 372 
4	0.0: 60 230 317 545 802 944 854 104 
4	0.0: 194 246 579 788 878 951 1108 259 
4	0.0: 79 253 341 777 963 955 969 192 
4	0.0: 8 250 437 614 709 949 816 258 
4	0.0: 92 249 750 351 676 966 881 79 
4	0.0: 131 259 361 721 843 953 919 236 
4	0.0: 84 241 487 721 895 943 821 244 
4	0.0: 1 238 358 209 768 972 871 81 
4	0.0: 129 220 637 694 783 942 886 212 
4	0.0: 118 249 270 891 865 947 873 356 
4	0.0: 87 251 579 856 932 963 859 244 
4	0.0: 37 226 542 638 947 960 827 322 
4	0.0: 116 246 669 743 820 940 797 88 
4	0.0: 151 250 513 700 913 961 854 17 
4	0.0: 48 235 549 850 846 953 875 302 
4	0.0: 81 256 479 586 877 938 824 295 
4	0.0: 67 210 629 1037 731 955 894 1 
4	0.0: 146 250 626 572 783 965 825 275 
4	0.0: 51 242 434 812 799 958 1106 131 
4	0.0: 90 273 543 1046 766 964 913 266 
4	0.0: 86 227 471 770 777 953 815 145 
4	0.0: 141 242 617 363 776 950 1036 275 
4	0.0: 67 238 373 392 833 942 932 76 
4	0.0: 96 255 452 371 780 967 896 134 
4	0.0: 76 249 460 370 727 937 828 66 
4	0.0: 95 254 488 448 858 976 974 331 
4	0.0: 102 229 392 524 863 954 919 200 
4	0.0: 88 229 657 564 829 956 940 202 
4	0.0: 108 252 695 874 784 963 960 217 
4	0.0: 65 215 625 739 832 947 785 331 
4	0.0: 58 257 513 831 885 942 945 135 
4	0.0: 158 256 624 811 923 950 1013 330 
4	0.0: 160 242 519 645 761 961 887 148 
4	0.0: 131 239 446 1126 747 947 889 89 
4	0.0: 116 259 543 365 961 911 924 126 
4	0.0: 55 220 538 279 1053 960 920 158 
4	0.0: 33 250 262 423 703 970 831 198 
4	0.0: 83 250 499 638 937 953 944 340 
4	0.0: 114 220 430 723 994 953 919 332 
4	0.0: 136 278 592 154 796 955 935 202 
4	0.0: 75 258 583 503 894 953 841 89 
4	0.0: 34 249 551 765 834 945 868 190 
4	0.0: 77 247 724 503 687 944 800 242 
4	0.0: 133 239 491 494 807 948 619 387 
4	0.0: 64 249 470 597 975 958 954 197 
4	0.0: 100 253 344 582 878 954 930 390 
4	0.0: 67 248 507 777 879 946 1032 324 
4	0.0: 142 256 685 781 921 960 976 335 
4	0.0: 155 277 594 271 1007 954 893 380 
4	0.0: 39 227 557 454 851 951 960 117 
4	0.0: 37 247 499 679 839 964 922 7 
4	0.0: 1 245 332 650 883 962 910 177 
4	0.0: 97 239 515 344 814 958 884 490 
4	0.0: 148 271 669 493 803 953 927 243 
4	0.0: 8 257 346 577 789 969 942 263 
4	0.0: 66 243 458 628 789 933 896 192 
4	0.0: 28 234 581 247 801 958 905 224 
4	0.0: 166 224 590 602 839 958 976 9 
4	0.0: 154 237 464 295 772 939 922 188 
4	0.0: 131 235 267 684 812 942 861 195 
4	0.0: 73 260 320 683 1057 949 939 174 
4	0.0: 79 242 553 498 996 945 791 159 
4	0.0: 67 250 738 534 872 940 860 321 
4	0.0: 184 239 619 413 773 949 1077 144 
4	0.0: 109 244 435 616 952 955 1015 359 
4	0.0: 88 243 525 722 751 954 770 33 
4	0.0: 120 239 407 301 821 959 936 105 
4	0.0: 84 263 602 358 1030 969 696 1 
4	0.0: 119 236 558 742 960 956 909 174 
4	0.0: 72 235 517 515 725 947 958 1 
4	0.0: 176 248 431 614 952 934 816 286 
4	0.0: 6 195 603 814 891 945 747 109 
4	0.0: 92 228 316 1047 772 917 920 303 
4	0.0: 22 262 605 459 916 964 998 145 
4	0.0: 52 246 368 540 863 956 855 284 
4	0.0: 34 271 627 678 842 949 860 216 
4	0.0: 35 259 331 384 790 966 761 1 
4	0.0: 87 250 507 724 845 956 988 245 
4	0.0: 65 249 522 835 782 965 987 142 
4	0.0: 100 219 707 523 762 946 954 259 
4	0.0: 97 242 635 784 846 944 863 166 
4	0.0: 48 241 535 632 720 939 806 110 
4	0.0: 111 239 246 534 908 945 915 360 
4	0.0: 118 248 425 537 639 953 929 159 
4	0.0: 143 265 559 392 726 945 950 8 
4	0.0: 123 257 509 159 739 949 835 389 
4	0.0: 207 261 495 488 1046 943 947 73 
4	0.0: 123 227 601 596 817 964 884 294 
4	0.0: 88 293 711 609 828 944 787 101 
4	0.0: 49 247 364 597 832 952 809 91 
4	0.0: 18 251 365 390 896 958 1023 36 
4	0.0: 169 222 567 540 869 940 830 272 
4	0.0: 145 257 460 500 860 950 842 141 
4	0.0: 100 253 517 449 916 946 976 367 
4	0.0: 13 247 614 452 833 947 903 355 
4	0.0: 149 241 644 664 814 963 939 149 
4	0.0: 50 252 355 839 709 953 961 393 
4	0.0: 34 232 335 605 962 944 1065 263 
4	0.0: 75 238 385 830 944 971 815 185 
4	0.0: 47 233 621 537 719 958 799 286 
4	0.0: 47 215 534 703 734 962 719 148 
4	0.0: 49 249 402 995 731 950 786 320 
4	0.0: 158 239 425 748 898 972 938 211 
4	0.0: 88 258 576 385 856 952 918 142 
4	0.0: 164 270 677 842 827 965 858 283 
4	0.0: 148 275 466 896 924 951 1001 175 
4	0.0: 75 221 428 646 954 946 867 260 
4	0.0: 99 241 623 462 772 947 1058 236 
4	0.0: 61 253 587 703 939 954 960 274 
4	0.0: 52 236 675 720 815 964 880 298 
4	0.0: 41 258 752 975 867 968 947 385 
4	0.0: 93 242 501 796 843 964 891 197 
4	0.0: 99 259 685 539 743 948 747 204 
4	0.0: 128 243 558 607 777 943 976 96 
4	0.0: 136 232 433 908 767 946 933 174 
4	0.0: 97 252 363 677 715 954 910 150 
4	0.0: 82 250 551 814 846 937 897 185 
4	0.0: 53 265 365 525 799 923 922 368 
4	0.0: 87 230 547 640 795 950 931 322 
4	0.0: 143 257 506 629 785 958 833 474 
4	0.0: 131 239 533 399 841 962 856 285 
4	0.0: 89 235 368 523 810 962 857 1 
4	0.0: 146 244 549 292 900 928 967 171 
4	0.0: 1 235 446 93 836 952 929 340 
4	0.0: 92 236 483 480 755 932 1086 180 
4	0.0: 1 258 695 326 820 952 990 64 
4	0.0: 67 229 403 832 722 946 968 157 
4	0.0: 63 237 584 941 886 950 949 69 
4	0.0: 88 285 408 138 801 948 924 173 
4	0.0: 21 241 801 880 733 952 802 267 
4	0.0: 90 232 575 338 848 953 962 66 
4	0.0: 106 254 602 897 835 964 882 242 
4	0.0: 166 233 205 726 866 938 912 117 
4	0.0: 80 227 583 599 845 963 858 164 
4	0.0: 89 236 474 687 861 946 926 255 
4	0.0: 164 224 290 755 760 955 927 221 
4	0.0: 138 241 556 707 692 949 989 187 
4	0.0: 1 262 465 725 883 928 827 97 
4	0.0: 34 253 450 541 802 934 886 423 
4	0.0: 48 257 453 670 840 959 886 383 
4	0.0: 204 229 435 590 774 937 1026 372 
4	0.0: 77 247 346 588 759 932 1049 188 
4	0.0: 103 247 541 226 846 969 864 110 
4	0.0: 53 239 548 447 655 960 967 216 
4	0.0: 80 258 504 432 877 954 868 219 
4	0.0: 133 249 631 107 814 956 980 220 
4	0.0: 78 249 425 343 847 935 858 12 
4	0.0: 47 274 530 872 892 966 897 230 
4	0.0: 64 262 374 717 889 958 706 161 
4	0.0: 64 229 479 517 946 933 881 318 
4	0.0: 63 264 480 429 994 957 932 161 
4	0.0: 82 236 353 544 830 935 937 386 
4	0.0: 142 228 435 484 935 956 936 361 
4	0.0: 73 205 482 963 893 963 983 179 
4	0.0: 112 255 327 545 910 938 1039 212 
4	0.0: 193 224 502 537 951 956 854 52 
4	0.0: 133 256 552 688 891 941 1092 190 
4	0.0: 100 244 538 522 774 928 898 276 
4	0.0: 34 232 798 791 893 943 930 160 
4	0.0: 110 246 564 398 882 958 1039 321 
4	0.0: 69 226 327 865 895 941 1119 189 
4	0.0: 105 241 471 909 912 960 945 343 
4	0.0: 25 260 512 581 691 954 917 1 
4	0.0: 34 236 578 569 817 940 914 215 
4	0.0: 30 268 434 325 837 944 839 157 
4	0.0: 123 232 589 367 740 970 682 138 
4	0.0: 75 235 608 442 900 954 932 191 
4	0.0: 1 268 501 226 734 959 797 232 
4	0.0: 167 217 497 634 858 945 828 218 
4	0.0: 57 221 510 747 791 948 899 166 
4	0.0: 94 233 592 541 783 961 839 111 
4	0.0: 23 255 338 299 713 946 901 228 
4	0.0: 151 237 328 554 968 950 951 300 
4	0.0: 78 262 537 296 775 945 907 126 
4	0.0: 9 244 559 762 699 949 952 134 
4	0.0: 163 246 539 884 942 938 836 360 
4	0.0: 132 233 727 430 918 947 752 131 
4	0.0: 65 238 615 597 715 939 841 51 
4	0.0: 220 229 310 171 716 950 944 356 
4	0.0: 43 246 395 437 761 944 800 115 
4	0.0: 158 241 528 726 901 935 956 193 
4	0.0: 52 258 427 251 705 957 923 251 
4	0.0: 120 224 375 872 915 940 931 151 
4	0.0: 40 211 425 560 773 935 1079 107 
4	0.0: 131 262 523 456 843 960 1058 189 
4	0.0: 48 239 426 512 762 950 915 207 
4	0.0: 52 250 558 837 950 958 1167 236 
4	0.0: 81 247 484 792 850 949 916 321 
4	0.0: 60 231 471 771 972 943 864 230 
4	0.0: 112 247 476 1009 824 961 880 227 
4	0.0: 118 232 394 336 825 957 910 249 
4	0.0: 60 220 502 534 804 962 1074 163 
4	0.0: 48 256 667 829 963 968 868 216 
4	0.0: 127 248 588 779 799 957 824 133 
4	0.0: 199 250 600 484 776 941 891 301 
4	0.0: 51 217 566 524 708 959 966 17 
4	0.0: 98 241 537 180 833 950 962 96 
4	0.0: 52 228 387 326 763 967 834 237 
4	0.0: 1 227 493 1121 776 950 817 61 
4	0.0: 22 223 457 349 876 952 954 130 
4	0.0: 76 250 547 829 918 964 974 134 
4	0.0: 65 226 562 597 712 935 900 125 
4	0.0: 54 269 389 297 836 961 817 175 
4	0.0: 156 253 490 666 805 933 758 191 
4	0.0: 148 246 467 477 720 953 831 89 
4	0.0: 156 245 291 652 915 963 1026 245 
4	0.0: 44 231 369 610 974 955 1145 263 
4	0.0: 162 242 623 626 836 974 928 385 
4	0.0: 1 248 572 157 895 963 892 193 
4	0.0: 79 246 460 443 885 959 861 49 
4	0.0: 89 247 413 371 703 933 860 145 
4	0.0: 127 242 550 676 808 960 756 223 
4	0.0: 59 251 646 683 788 959 932 1 
4	0.0: 129 260 225 457 812 953 902 302 
4	0.0: 1 248 536 754 773 977 876 58 
4	0.0: 14 240 543 480 926 944 917 214 
4	0.0: 153 262 487 699 992 963 822 222 
4	0.0: 54 241 377 220 765 950 787 64 
4	0.0: 61 246 359 441 897 952 878 342 
4	0.0: 79 291 542 349 915 944 899 363 
4	0.0: 46 224 473 931 902 952 958 264 
4	0.0: 17 260 579 504 691 947 917 345 
4	0.0: 6 245 337 481 1020 957 935 327 
4	0.0: 12 218 422 365 876 965 877 183 
4	0.0: 1 230 563 105 838 941 1000 69 
4	0.0: 1 239 330 242 769 935 782 141 
4	0.0: 130 258 364 729 887 940 1020 220 
4	0.0: 159 238 511 705 845 942 847 304 
4	0.0: 156 215 648 172 802 945 1027 156 
4	0.0: 129 226 584 697 892 944 938 281 
4	0.0: 129 274 490 635 803 949 965 128 
4	0.0: 124 226 452 682 988 960 826 183 
4	0.0: 71 241 410 576 789 959 874 245 
4	0.0: 193 203 484 759 845 961 1001 288 
4	0.0: 133 239 690 146 666 941 885 261 
4	0.0: 97 243 330 268 808 955 762 346 
4	0.0: 30 261 458 717 761 951 914 163 
4	0.0: 70 233 658 608 895 949 879 13 
4	0.0: 108 236 328 540 766 940 927 170 
4	0.0: 64 251 618 422 802 940 668 161 
4	0.0: 229 254 599 765 899 959 930 204 
4	0.0: 12 239 373 280 889 954 801 111 
4	0.0: 1 257 378 142 931 964 844 149 
4	0.0: 73 248 795 516 797 941 826 194 
4	0.0: 117 247 655 454 939 957 850 385 
