0	0.0: 366 577 22 334 680 864 116 847 
6	0.0: 186 531 467 456 347 1022 149 768 
6	0.0: 1 113 377 559 151 988 244 913 
6	0.0: 463 96 384 487 433 1016 1 904 
3	0.0: 480 593 257 343 572 1115 37 829 
0	0.0: 398 656 1 367 328 953 97 839 
6	0.0: 683 573 237 337 364 894 124 795 
6	0.0: 448 519 79 347 239 1173 21 716 
6	0.0: 478 439 346 490 376 1079 123 908 
6	0.0: 325 488 187 489 561 857 9 874 
6	0.0: 601 159 110 367 369 1030 103 779 
6	0.0: 565 427 63 325 359 750 30 834 
6	0.0: 483 413 77 478 450 962 265 819 
6	0.0: 316 499 130 603 225 759 100 780 
3	0.0: 434 505 437 381 684 1011 1 907 
6	0.0: 507 477 489 546 211 785 5 792 
6	0.0: 382 446 291 484 248 848 178 808 
0	0.0: 226 421 43 299 627 846 6 725 
6	0.0: 522 233 195 281 305 947 111 848 
6	0.0: 378 637 413 357 43 686 17 791 
6	0.0: 509 569 565 305 404 1005 1 954 
6	0.0: 496 174 140 512 271 947 249 781 
6	0.0: 137 277 83 350 340 1005 261 848 
0	0.0: 568 795 301 291 356 777 8 939 
6	0.0: 715 280 185 468 327 1196 130 886 
0	0.0: 430 708 370 314 399 855 9 714 
6	0.0: 374 436 304 418 177 1003 98 890 
6	0.0: 320 315 1 347 435 1131 193 935 
6	0.0: 161 360 538 435 263 958 174 800 
6	0.0: 180 116 114 413 410 896 16 794 
6	0.0: 550 1 248 349 190 967 288 810 
6	0.0: 505 505 359 290 173 927 76 803 
6	0.0: 386 575 138 339 284 1022 101 952 
6	0.0: 306 71 226 403 441 928 209 909 
6	0.0: 463 626 283 480 318 1124 1 849 
6	0.0: 274 292 289 417 369 1114 285 847 
6	0.0: 283 578 222 467 95 862 1 767 
6	0.0: 672 541 221 165 476 818 30 889 
6	0.0: 251 139 421 574 636 915 1 888 
6	0.0: 293 240 65 516 146 1082 1 885 
0	0.0: 430 752 35 249 212 931 63 823 
6	0.0: 608 406 106 468 164 1047 108 770 
6	0.0: 552 592 201 331 51 1054 94 660 
6	0.0: 434 392 278 226 160 1149 84 824 
0	0.0: 489 645 60 383 342 884 46 676 
6	0.0: 480 358 223 375 556 997 102 923 
6	0.0: 432 320 103 222 360 1095 110 808 
6	0.0: 502 419 383 297 327 915 43 748 
6	0.0: 487 602 403 546 263 1117 70 815 
6	0.0: 477 426 1 647 71 883 7 934 
6	0.0: 1 470 327 333 305 988 5 975 
0	0.0: 385 556 252 186 471 708 1 813 
6	0.0: 651 611 357 341 473 687 61 841 
6	0.0: 687 258 289 450 465 815 99 868 
6	0.0: 662 679 198 463 348 1106 145 740 
6	0.0: 486 461 1 384 337 1065 101 869 
6	0.0: 655 594 61 359 336 923 1 848 
0	0.0: 320 577 3 173 306 843 108 868 
6	0.0: 759 529 99 298 478 945 1 912 
6	0.0: 627 329 171 271 475 946 200 989 
6	0.0: 209 463 331 344 347 810 81 871 
6	0.0: 303 609 37 245 186 1168 41 785 
6	0.0: 524 311 82 91 365 892 97 841 
6	0.0: 338 316 1 427 522 983 1 870 
6	0.0: 511 575 128 502 441 789 1 732 
6	0.0: 722 470 287 392 117 849 1 769 
5	0.0: 345 277 199 293 643 737 233 837 
6	0.0: 639 368 248 265 58 1006 34 853 
6	0.0: 444 296 360 367 25 906 22 848 
6	0.0: 175 329 178 334 100 964 1 869 
6	0.0: 324 643 342 589 149 827 86 790 
6	0.0: 684 412 115 170 442 963 84 897 
6	0.0: 147 530 367 271 5 875 49 863 
6	0.0: 392 374 62 235 250 914 55 696 
6	0.0: 340 334 98 359 203 892 38 832 
6	0.0: 434 185 434 420 459 691 1 785 
6	0.0: 323 545 142 312 206 1033 60 852 
6	0.0: 225 234 220 293 463 784 21 954 
6	0.0: 491 133 1 422 502 944 1 812 
6	0.0: 705 411 122 203 421 958 1 782 
0	0.0: 234 692 380 229 585 1002 91 832 
6	0.0: 494 512 95 292 132 1125 181 763 
6	0.0: 322 466 94 282 504 1001 66 948 
6	0.0: 336 396 213 333 286 724 1 744 
0	0.0: 591 816 1 458 215 960 126 776 
6	0.0: 248 238 101 354 451 875 1 850 
6	0.0: 431 332 135 295 113 826 32 740 
6	0.0: 501 401 293 415 408 1069 161 960 
6	0.0: 223 378 97 421 235 934 46 893 
6	0.0: 542 529 238 343 70 717 1 756 
6	0.0: 407 366 28 739 352 778 1 864 
6	0.0: 339 299 207 284 366 955 1 796 
3	0.0: 572 646 371 529 632 1099 152 747 
6	0.0: 419 353 122 427 209 966 142 826 
6	0.0: 575 627 447 70 1 1148 114 706 
6	0.0: 248 632 212 358 315 1094 84 829 
6	0.0: 505 405 173 129 93 924 250 915 
6	0.0: 446 306 401 426 183 923 252 987 
6	0.0: 657 509 352 64 441 749 1 911 
6	0.0: 349 412 51 299 216 884 45 863 
6	0.0: 409 304 274 350 669 1043 102 805 
6	0.0: 724 499 313 407 427 919 82 781 
3	0.0: 529 278 616 367 627 1081 185 900 
6	0.0: 511 249 192 393 562 1004 1 904 
6	0.0: 643 372 258 383 334 945 78 851 
6	0.0: 481 293 286 257 166 1146 1 774 
6	0.0: 510 528 466 392 244 899 1 872 
6	0.0: 423 585 171 427 221 822 1 932 
6	0.0: 559 358 295 335 274 939 1 792 
0	0.0: 203 528 167 387 519 902 1 768 
6	0.0: 204 535 200 374 144 1134 1 842 
6	0.0: 398 516 285 72 198 785 152 819 
6	0.0: 219 338 165 438 409 825 1 822 
6	0.0: 506 473 78 546 156 1118 61 839 
6	0.0: 735 364 48 517 345 895 182 836 
6	0.0: 597 467 110 302 383 1004 105 863 
0	0.0: 119 419 80 385 509 1075 198 810 
6	0.0: 460 220 43 146 501 930 70 960 
0	0.0: 464 548 1 373 506 771 100 737 
6	0.0: 669 462 380 430 215 902 109 934 
6	0.0: 284 642 597 333 328 1012 1 783 
6	0.0: 258 503 1 451 232 1247 227 792 
6	0.0: 311 233 494 379 386 857 1 830 
6	0.0: 625 424 361 437 1 919 90 786 
0	0.0: 313 642 368 402 462 795 181 812 
6	0.0: 175 468 361 547 353 1003 19 785 
6	0.0: 616 563 344 383 212 956 1 774 
3	0.0: 416 661 256 566 624 953 110 807 
6	0.0: 156 396 1 578 287 950 58 907 
6	0.0: 137 628 487 251 197 1017 1 874 
2	0.0: 644 451 1 412 555 772 82 756 
6	0.0: 499 487 52 233 435 991 25 912 
0	0.0: 478 645 49 256 198 763 43 943 
6	0.0: 378 494 90 580 127 857 190 928 
6	0.0: 541 572 386 384 194 939 1 858 
6	0.0: 438 423 112 528 265 953 1 795 
6	0.0: 389 267 129 423 191 894 1 859 
0	0.0: 224 648 134 282 344 861 141 826 
6	0.0: 636 222 176 472 399 878 60 683 
6	0.0: 749 562 3 530 358 872 25 915 
6	0.0: 225 488 200 613 245 997 1 843 
6	0.0: 736 791 9 535 1 867 1 800 
0	0.0: 222 337 1 358 538 980 110 759 
6	0.0: 601 665 119 306 142 982 177 838 
2	0.0: 612 794 1 584 560 806 59 796 
6	0.0: 193 348 50 426 157 977 54 808 
6	0.0: 334 285 177 482 634 877 1 829 
0	0.0: 134 493 255 107 413 1074 202 742 
6	0.0: 579 261 267 500 364 906 14 703 
6	0.0: 1 348 119 317 71 997 109 974 
6	0.0: 550 541 109 457 309 1072 206 949 
6	0.0: 332 227 174 369 376 912 114 872 
6	0.0: 118 371 86 486 222 831 1 755 
6	0.0: 410 265 386 323 66 982 1 819 
6	0.0: 298 251 278 500 271 777 98 730 
6	0.0: 519 444 91 358 496 891 146 809 
0	0.0: 431 864 322 300 602 902 81 774 
6	0.0: 547 570 241 326 241 1010 1 819 
6	0.0: 734 576 367 422 373 826 133 769 
0	0.0: 369 617 166 502 453 809 354 920 
6	0.0: 611 279 255 490 259 1052 133 753 
0	0.0: 229 791 258 281 147 914 85 798 
6	0.0: 372 168 63 490 304 886 187 799 
0	0.0: 478 645 52 92 320 1027 62 891 
6	0.0: 545 245 456 297 247 1000 164 830 
6	0.0: 327 584 153 369 295 864 14 828 
6	0.0: 785 638 114 153 290 858 1 738 
5	0.0: 124 331 27 387 418 742 113 912 
3	0.0: 425 400 689 567 560 853 262 790 
6	0.0: 449 774 258 138 93 908 71 1030 
6	0.0: 800 364 88 358 415 1085 125 913 
0	0.0: 359 661 252 422 410 786 48 685 
6	0.0: 197 467 161 565 264 939 141 740 
6	0.0: 603 382 40 296 590 967 206 959 
6	0.0: 562 269 203 959 362 984 198 873 
6	0.0: 719 557 339 327 478 949 105 709 
6	0.0: 735 657 396 293 388 1095 110 773 
6	0.0: 558 443 182 257 116 874 30 828 
3	0.0: 583 547 280 598 566 1044 14 816 
6	0.0: 497 288 14 434 233 1018 129 747 
6	0.0: 314 222 43 585 475 1054 1 845 
6	0.0: 285 439 411 129 423 1091 193 767 
0	0.0: 284 562 125 314 526 887 100 901 
6	0.0: 534 287 377 144 385 878 220 775 
0	0.0: 439 695 43 482 395 932 1 819 
6	0.0: 714 479 296 162 438 759 1 691 
3	0.0: 734 584 558 463 556 857 127 782 
6	0.0: 201 219 246 381 352 923 1 940 
6	0.0: 643 362 183 252 317 1082 88 769 
6	0.0: 481 691 315 459 370 802 1 782 
6	0.0: 551 221 320 267 335 1065 161 775 
6	0.0: 576 513 304 424 54 869 284 710 
0	0.0: 227 579 1 267 508 798 2 827 
6	0.0: 418 488 234 309 535 1065 1 860 
6	0.0: 66 302 81 441 340 1124 8 887 
0	0.0: 324 719 124 666 480 933 109 828 
0	0.0: 594 387 87 55 412 729 174 780 
6	0.0: 458 356 348 422 591 905 170 853 
6	0.0: 408 352 242 338 323 973 247 636 
6	0.0: 586 431 59 540 488 1017 1 798 
6	0.0: 535 563 430 382 179 1037 54 800 
0	0.0: 226 496 1 167 520 765 1 822 
6	0.0: 548 554 51 438 389 892 1 793 
6	0.0: 840 618 424 442 93 714 57 830 
6	0.0: 446 314 153 293 379 1268 143 816 
3	0.0: 399 871 464 396 496 1059 194 859 
0	0.0: 219 670 1 124 491 800 71 979 
6	0.0: 459 407 322 383 240 689 1 870 
6	0.0: 394 416 161 285 586 1001 1 763 
6	0.0: 54 251 387 251 234 948 110 872 
6	0.0: 514 396 336 387 438 1046 36 881 
6	0.0: 306 206 454 306 390 957 6 853 
6	0.0: 583 575 116 481 222 800 75 753 
6	0.0: 434 409 287 422 60 1006 57 850 
6	0.0: 565 662 373 361 303 1053 90 863 
6	0.0: 478 380 375 252 247 942 148 852 
0	0.0: 503 1013 75 73 363 891 1 691 
0	0.0: 321 568 305 237 482 883 183 701 
6	0.0: 377 237 1 447 340 902 122 868 
6	0.0: 470 562 77 332 364 947 121 903 
6	0.0: 654 339 413 268 460 871 255 850 
6	0.0: 656 107 52 358 196 755 7 820 
6	0.0: 507 430 371 280 233 987 254 728 
6	0.0: 299 437 473 419 392 1001 1 894 
6	0.0: 314 555 226 709 465 869 143 747 
6	0.0: 365 437 20 452 383 875 48 878 
6	0.0: 491 280 559 449 511 896 71 755 
6	0.0: 635 442 216 334 424 921 162 972 
6	0.0: 259 293 96 550 555 1020 235 927 
0	0.0: 245 370 83 304 481 964 189 783 
6	0.0: 498 339 300 628 142 949 165 902 
6	0.0: 272 359 159 169 171 921 70 772 
6	0.0: 353 537 178 390 266 1260 109 677 
6	0.0: 207 456 505 401 582 1027 123 868 
6	0.0: 684 444 221 580 178 945 44 843 
6	0.0: 521 486 1 365 158 926 11 770 
6	0.0: 327 460 246 333 450 1077 1 911 
6	0.0: 688 473 291 357 170 928 1 859 
6	0.0: 431 665 176 504 261 912 74 773 
6	0.0: 497 715 191 299 37 992 16 813 
6	0.0: 306 645 160 519 218 938 1 823 
6	0.0: 527 345 54 393 272 1178 1 703 
6	0.0: 139 429 288 270 254 878 9 865 
6	0.0: 461 397 107 559 286 913 56 768 
6	0.0: 409 549 32 327 343 1220 79 778 
3	0.0: 398 492 450 358 672 972 48 866 
6	0.0: 281 329 385 378 79 1123 98 891 
6	0.0: 465 300 265 537 398 894 166 944 
6	0.0: 308 523 517 294 299 963 130 771 
6	0.0: 717 358 337 439 151 711 43 763 
6	0.0: 788 236 419 123 399 748 280 808 
0	0.0: 304 699 142 531 330 889 50 728 
6	0.0: 282 278 98 421 224 935 41 718 
6	0.0: 619 402 109 542 417 1186 144 872 
6	0.0: 312 315 308 489 443 972 145 848 
0	0.0: 490 462 53 56 336 742 47 739 
0	0.0: 154 596 243 149 562 822 43 957 
6	0.0: 494 418 405 389 335 992 1 783 
6	0.0: 175 309 123 390 263 782 19 821 
6	0.0: 561 299 509 461 193 881 172 825 
6	0.0: 394 571 2 666 354 1076 83 774 
0	0.0: 480 806 1 457 51 834 67 820 
6	0.0: 647 464 323 533 31 827 14 978 
6	0.0: 467 373 415 261 559 1268 1 846 
6	0.0: 458 511 206 335 451 947 68 839 
6	0.0: 292 945 402 368 310 1184 1 825 
6	0.0: 507 346 82 472 214 881 4 751 
6	0.0: 461 312 183 265 216 1033 98 900 
6	0.0: 354 645 306 179 273 970 2 966 
6	0.0: 480 738 417 411 261 1043 1 773 
6	0.0: 497 416 359 399 292 1074 190 796 
6	0.0: 867 341 148 237 148 880 64 809 
0	0.0: 150 649 1 300 1 1001 69 752 
0	0.0: 396 798 13 247 129 1026 164 785 
6	0.0: 443 320 81 292 686 1010 128 730 
6	0.0: 532 269 107 492 132 869 1 783 
6	0.0: 590 279 348 211 319 995 176 852 
6	0.0: 553 259 199 341 44 1139 7 824 
6	0.0: 220 250 168 298 594 1115 40 784 
6	0.0: 549 489 182 417 346 711 223 816 
6	0.0: 486 657 101 370 281 925 1 926 
6	0.0: 414 386 197 307 305 1061 1 923 
5	0.0: 139 249 1 603 633 854 1 811 
6	0.0: 227 303 97 401 359 1117 166 913 
6	0.0: 325 431 240 352 426 1129 133 732 
6	0.0: 369 346 391 414 291 761 85 750 
6	0.0: 188 489 462 350 512 1087 1 797 
6	0.0: 222 308 363 412 213 932 64 815 
6	0.0: 430 274 1 387 350 884 6 729 
6	0.0: 237 532 260 315 356 1034 20 811 
6	0.0: 451 286 572 440 159 1007 84 867 
6	0.0: 739 323 167 451 134 990 126 797 
6	0.0: 251 434 404 370 605 961 1 907 
6	0.0: 261 499 192 406 366 937 1 772 
6	0.0: 571 575 148 437 91 890 113 787 
6	0.0: 586 439 611 693 395 997 81 878 
6	0.0: 673 132 120 323 468 919 166 805 
6	0.0: 191 305 282 336 259 1074 194 709 
6	0.0: 272 563 391 391 321 1123 31 856 
3	0.0: 426 559 27 791 516 1135 66 811 
6	0.0: 286 542 1 541 115 832 1 875 
6	0.0: 335 18 222 133 386 786 25 764 
6	0.0: 471 214 353 472 294 785 197 798 
6	0.0: 586 142 179 344 244 840 193 788 
0	0.0: 550 753 231 317 410 757 144 857 
6	0.0: 442 354 333 297 308 1032 126 823 
6	0.0: 382 457 83 488 99 914 138 729 
6	0.0: 490 305 197 285 190 962 105 900 
6	0.0: 743 320 1 424 160 950 99 680 
6	0.0: 374 314 192 538 158 820 72 904 
6	0.0: 557 343 1 307 435 969 1 916 
0	0.0: 711 741 1 231 515 1038 48 995 
6	0.0: 593 620 379 227 457 1034 144 932 
6	0.0: 456 488 1 451 219 975 223 763 
6	0.0: 567 149 409 550 263 753 1 875 
0	0.0: 289 675 1 524 278 795 1 824 
6	0.0: 422 385 432 349 298 1073 39 866 
6	0.0: 422 310 367 402 115 923 186 764 
6	0.0: 628 264 92 386 241 1007 1 891 
6	0.0: 566 260 394 434 290 873 84 700 
6	0.0: 321 366 230 458 186 1103 143 858 
6	0.0: 376 319 22 456 250 882 148 835 
6	0.0: 464 660 251 291 1 1067 53 820 
6	0.0: 358 453 279 452 237 985 1 792 
6	0.0: 381 364 176 511 404 1049 84 762 
6	0.0: 413 219 383 386 283 816 1 818 
6	0.0: 757 188 157 610 441 1166 252 871 
0	0.0: 318 605 109 331 480 839 1 784 
6	0.0: 630 421 35 329 239 1053 107 751 
6	0.0: 141 362 1 552 410 893 3 813 
6	0.0: 151 603 477 472 150 746 40 783 
6	0.0: 352 234 1 138 93 1160 264 786 
6	0.0: 206 235 239 368 119 1213 150 879 
6	0.0: 399 436 312 531 235 714 80 768 
6	0.0: 488 535 165 446 407 917 67 891 
6	0.0: 354 508 164 326 136 883 1 916 
6	0.0: 499 471 471 510 288 975 86 742 
3	0.0: 511 694 121 593 472 979 34 752 
6	0.0: 174 575 293 420 161 799 1 653 
6	0.0: 434 498 1 532 327 1019 1 734 
6	0.0: 121 276 568 224 424 1247 119 852 
6	0.0: 505 541 287 223 395 989 85 863 
6	0.0: 285 100 370 386 352 951 127 781 
6	0.0: 374 543 1 323 229 815 3 785 
3	0.0: 269 163 470 550 828 1146 138 816 
6	0.0: 842 336 103 461 113 918 1 829 
6	0.0: 612 107 1 378 229 906 86 876 
6	0.0: 182 373 582 306 269 1055 171 808 
6	0.0: 300 436 361 470 187 1099 1 867 
6	0.0: 399 444 498 303 190 821 1 922 
0	0.0: 144 646 180 334 231 812 183 943 
6	0.0: 1 469 165 385 225 885 99 809 
6	0.0: 694 550 406 226 382 1042 21 784 
6	0.0: 608 541 455 168 352 1223 5 800 
6	0.0: 662 343 187 101 373 1046 1 831 
6	0.0: 421 574 362 408 568 946 1 841 
6	0.0: 374 348 359 269 364 1034 164 879 
6	0.0: 1 476 188 568 237 953 138 896 
0	0.0: 304 536 58 336 442 699 155 884 
6	0.0: 368 18 154 156 456 893 64 940 
6	0.0: 443 309 315 384 389 962 102 758 
6	0.0: 434 457 104 355 375 1106 193 810 
6	0.0: 571 272 381 408 384 900 33 886 
6	0.0: 526 315 1 439 372 959 32 803 
6	0.0: 262 347 348 374 551 856 90 936 
0	0.0: 171 538 91 535 240 851 180 749 
0	0.0: 452 476 190 107 513 840 91 878 
6	0.0: 456 359 176 406 261 907 1 907 
6	0.0: 331 214 344 529 204 1076 1 809 
6	0.0: 662 436 47 69 316 944 1 959 
6	0.0: 448 630 1 541 169 982 9 731 
6	0.0: 393 337 58 454 298 914 3 800 
0	0.0: 268 679 216 526 456 913 1 769 
6	0.0: 744 377 14 195 344 892 53 848 
6	0.0: 755 313 353 334 193 1035 1 775 
0	0.0: 260 507 18 225 292 925 1 765 
6	0.0: 736 430 141 319 476 1096 1 855 
6	0.0: 294 582 1 390 279 985 1 842 
6	0.0: 703 268 464 562 150 821 65 816 
6	0.0: 464 382 1 234 180 720 80 953 
6	0.0: 676 126 156 346 437 744 36 757 
6	0.0: 243 447 194 339 456 981 53 876 
0	0.0: 332 655 261 301 385 969 115 835 
6	0.0: 216 298 1 463 462 1056 74 849 
6	0.0: 163 549 352 488 559 875 1 865 
6	0.0: 601 504 270 301 414 1106 217 746 
0	0.0: 422 963 398 226 307 1071 71 703 
6	0.0: 244 298 214 596 332 988 105 841 
6	0.0: 546 291 92 299 55 857 71 767 
6	0.0: 761 423 71 478 457 1001 70 862 
6	0.0: 571 532 125 606 474 1212 40 757 
6	0.0: 321 324 86 452 191 1056 221 943 
6	0.0: 396 301 293 276 156 963 135 785 
6	0.0: 334 463 72 512 276 746 1 835 
6	0.0: 542 486 1 274 149 892 1 802 
0	0.0: 376 736 316 417 353 934 161 892 
6	0.0: 292 375 426 374 228 737 262 750 
6	0.0: 655 699 250 438 141 977 1 809 
0	0.0: 206 764 384 353 432 916 1 790 
6	0.0: 574 543 1 383 424 746 1 880 
6	0.0: 354 425 581 319 74 998 1 879 
0	0.0: 152 670 199 348 496 958 335 835 
6	0.0: 586 508 408 295 181 944 1 844 
6	0.0: 673 517 379 361 373 944 25 838 
6	0.0: 314 204 416 228 548 1059 102 862 
6	0.0: 594 505 440 424 419 811 1 712 
0	0.0: 369 468 1 287 606 889 144 767 
6	0.0: 189 544 1 502 156 922 31 905 
6	0.0: 458 548 68 211 317 1167 1 857 
6	0.0: 337 370 1 302 195 665 1 781 
6	0.0: 858 270 320 507 499 1114 264 803 
3	0.0: 443 559 668 335 593 1014 98 882 
6	0.0: 551 334 199 237 236 871 141 800 
6	0.0: 285 355 276 334 444 1006 1 822 
6	0.0: 289 218 407 416 629 995 1 909 
6	0.0: 252 358 204 218 204 1214 10 800 
5	0.0: 167 428 349 413 452 675 70 912 
6	0.0: 203 541 409 179 597 1190 1 894 
6	0.0: 544 481 116 176 299 928 13 813 
6	0.0: 424 304 153 564 392 916 146 968 
6	0.0: 496 864 143 527 182 1255 70 843 
3	0.0: 584 631 364 392 539 1140 196 896 
6	0.0: 139 452 147 369 439 1033 80 767 
6	0.0: 660 315 1 326 252 871 104 697 
6	0.0: 605 479 250 288 468 973 158 817 
6	0.0: 939 476 1 427 467 996 151 923 
6	0.0: 290 538 51 261 1 926 18 841 
6	0.0: 585 196 162 228 316 1037 98 840 
6	0.0: 672 263 172 254 48 1080 76 888 
6	0.0: 393 272 95 201 421 974 1 758 
6	0.0: 486 615 274 383 1 928 1 797 
6	0.0: 551 139 69 332 59 1071 24 807 
6	0.0: 179 410 234 118 442 989 120 796 
6	0.0: 433 542 404 502 202 948 127 987 
6	0.0: 338 167 344 413 88 823 13 776 
6	0.0: 623 165 1 303 408 741 1 835 
6	0.0: 870 367 173 479 355 1060 1 869 
6	0.0: 410 295 1 486 269 1012 98 812 
6	0.0: 512 154 119 334 516 885 238 753 
6	0.0: 375 631 551 522 265 892 96 810 
6	0.0: 303 384 238 350 194 1083 1 935 
6	0.0: 562 663 1 410 215 954 103 818 
0	0.0: 313 635 80 44 436 1124 294 773 
6	0.0: 329 461 18 394 91 1087 1 808 
6	0.0: 573 493 421 327 316 1168 84 901 
6	0.0: 343 116 174 514 197 811 1 843 
0	0.0: 239 777 357 236 324 1143 126 781 
0	0.0: 275 833 150 371 322 908 143 800 
0	0.0: 383 769 308 439 500 999 61 755 
6	0.0: 543 292 434 414 219 1008 1 712 
0	0.0: 221 677 49 251 255 804 88 829 
0	0.0: 138 346 77 336 591 1084 205 900 
6	0.0: 636 610 102 553 231 1204 75 947 
0	0.0: 417 596 130 123 258 788 97 892 
6	0.0: 413 398 269 435 253 957 126 992 
6	0.0: 185 318 169 323 293 983 100 875 
6	0.0: 409 495 298 407 280 1071 1 778 
6	0.0: 660 351 1 122 181 703 95 775 
6	0.0: 327 412 341 367 419 839 113 874 
6	0.0: 566 435 16 428 419 1123 127 699 
6	0.0: 220 451 358 597 210 1032 170 824 
6	0.0: 373 389 128 482 437 1164 144 891 
6	0.0: 587 406 89 451 505 1127 77 918 
6	0.0: 575 737 277 234 203 875 58 877 
6	0.0: 408 311 234 272 423 1021 221 782 
6	0.0: 795 246 1 267 367 950 1 1011 
0	0.0: 80 550 38 303 287 927 51 851 
6	0.0: 342 500 1 439 109 912 1 792 
6	0.0: 670 604 159 553 218 996 3 866 
0	0.0: 169 613 233 232 34 815 187 795 
6	0.0: 771 403 40 355 479 1144 74 844 
6	0.0: 313 152 293 293 34 899 4 797 
6	0.0: 834 267 10 333 568 987 153 833 
6	0.0: 614 545 159 710 22 804 170 915 
6	0.0: 518 645 532 179 221 1065 1 826 
6	0.0: 489 362 335 248 306 733 17 935 
6	0.0: 603 179 147 159 151 623 1 798 
0	0.0: 369 487 56 307 571 905 92 720 
6	0.0: 343 760 271 377 56 767 1 849 
6	0.0: 538 589 322 280 213 1089 142 790 
6	0.0: 473 538 9 401 340 857 1 771 
6	0.0: 548 319 112 331 286 1122 78 852 
6	0.0: 287 548 250 162 127 1150 58 820 
0	0.0: 474 520 1 181 643 1001 104 899 
0	0.0: 195 394 356 42 559 817 49 748 
6	0.0: 754 308 1 228 275 1234 1 789 
6	0.0: 317 445 305 406 1 731 15 933 
6	0.0: 559 671 451 402 206 931 66 811 
3	0.0: 415 861 434 221 446 1155 1 768 
3	0.0: 529 534 176 427 716 1031 1 821 
6	0.0: 408 283 382 167 178 1051 1 850 
6	0.0: 769 542 250 427 398 749 193 853 
6	0.0: 343 246 1 391 348 1117 65 831 
6	0.0: 561 390 32 348 470 1125 7 784 
6	0.0: 492 625 420 361 63 1247 69 887 
6	0.0: 511 16 545 229 355 978 123 759 
6	0.0: 321 311 251 391 399 915 30 805 
6	0.0: 504 509 1 353 187 847 31 968 
6	0.0: 118 620 356 334 270 734 1 866 
6	0.0: 453 257 227 395 211 877 189 839 
6	0.0: 532 508 86 368 283 1202 15 751 
0	0.0: 198 701 242 435 366 854 159 837 
3	0.0: 444 599 385 329 561 795 110 859 
6	0.0: 414 500 1 245 381 899 42 891 
6	0.0: 281 321 73 264 412 698 1 803 
3	0.0: 517 1022 374 322 483 1051 1 816 
6	0.0: 714 341 1 234 531 974 1 746 
6	0.0: 774 570 512 247 176 927 202 857 
6	0.0: 194 301 152 607 286 1042 1 778 
6	0.0: 451 258 449 238 476 960 1 852 
6	0.0: 135 69 290 290 400 931 1 846 
6	0.0: 1 603 492 540 91 783 153 781 
3	0.0: 378 847 344 694 279 1077 64 849 
6	0.0: 643 308 283 362 531 915 1 852 
6	0.0: 407 245 291 441 511 1097 1 888 
6	0.0: 684 169 26 365 659 963 140 748 
6	0.0: 288 328 340 438 205 808 94 779 
6	0.0: 143 321 447 639 483 908 107 962 
6	0.0: 129 444 277 503 405 810 141 812 
6	0.0: 551 647 213 141 418 1106 1 835 
6	0.0: 367 583 32 359 273 939 1 789 
0	0.0: 301 669 112 250 237 876 199 916 
6	0.0: 229 289 150 211 497 946 97 818 
6	0.0: 326 195 364 222 460 1038 6 816 
6	0.0: 304 447 2 367 240 916 125 751 
6	0.0: 218 539 381 353 129 874 1 827 
6	0.0: 590 269 1 329 253 986 57 868 
6	0.0: 531 551 272 182 1 973 1 826 
6	0.0: 524 424 87 303 417 934 168 936 
6	0.0: 343 395 323 636 484 956 69 862 
6	0.0: 758 550 13 279 437 1011 72 780 
0	0.0: 433 524 43 164 603 861 1 809 
6	0.0: 577 422 1 191 442 1016 1 804 
6	0.0: 722 789 227 135 67 1013 185 896 
6	0.0: 373 426 89 491 443 784 93 846 
0	0.0: 298 543 20 202 328 1078 49 754 
0	0.0: 532 621 1 275 324 1215 239 798 
6	0.0: 408 657 381 188 259 913 1 943 
6	0.0: 191 170 306 367 71 952 1 854 
6	0.0: 419 255 253 493 403 1004 1 934 
6	0.0: 447 530 340 281 530 1209 1 896 
6	0.0: 202 236 366 230 524 894 1 841 
6	0.0: 456 592 468 524 370 971 96 830 
6	0.0: 189 347 99 506 260 914 144 846 
0	0.0: 225 628 220 217 434 816 1 927 
6	0.0: 551 578 130 112 176 1154 1 957 
6	0.0: 414 461 369 447 348 875 6 856 
6	0.0: 494 299 1 357 325 1112 1 877 
6	0.0: 534 299 194 469 477 1032 31 811 
6	0.0: 589 492 333 468 37 846 82 765 
2	0.0: 533 352 1 381 628 745 1 738 
6	0.0: 417 346 448 150 416 1010 1 812 
6	0.0: 381 294 323 364 433 758 111 888 
0	0.0: 102 561 1 577 388 821 128 814 
6	0.0: 706 528 68 270 352 932 19 832 
6	0.0: 407 269 202 637 433 877 1 766 
6	0.0: 693 455 140 546 213 1008 122 903 
6	0.0: 485 91 412 363 273 800 1 893 
6	0.0: 511 509 241 493 328 1035 1 771 
6	0.0: 423 318 252 339 459 935 181 795 
6	0.0: 405 246 125 348 449 1135 109 751 
6	0.0: 500 391 272 441 185 861 111 1014 
6	0.0: 507 516 80 454 464 732 35 843 
6	0.0: 347 312 1 418 430 1048 1 732 
6	0.0: 838 635 268 647 350 999 1 791 
6	0.0: 285 385 215 384 530 824 44 768 
0	0.0: 550 569 28 452 492 796 1 851 
6	0.0: 314 381 286 599 143 1089 5 751 
6	0.0: 208 495 320 673 176 902 1 850 
6	0.0: 325 367 356 509 524 1019 183 839 
0	0.0: 388 621 246 186 214 747 13 684 
6	0.0: 247 267 129 279 458 924 1 858 
0	0.0: 139 541 75 548 499 929 33 736 
0	0.0: 568 824 1 367 421 1059 183 799 
6	0.0: 368 652 587 364 293 913 1 879 
6	0.0: 462 554 200 252 311 936 19 817 
6	0.0: 540 153 111 194 254 1160 149 753 
6	0.0: 220 491 240 376 1 849 60 809 
6	0.0: 359 550 224 575 153 940 1 825 
6	0.0: 363 181 520 488 184 1145 116 800 
6	0.0: 410 419 49 301 43 910 1 850 
6	0.0: 608 465 81 300 607 859 1 930 
6	0.0: 395 325 133 299 380 943 18 858 
6	0.0: 337 501 356 457 474 1027 75 754 
0	0.0: 401 569 1 298 447 917 76 875 
6	0.0: 431 689 181 311 205 1130 1 847 
6	0.0: 680 491 177 341 529 1036 73 949 
6	0.0: 665 336 206 499 452 1056 1 748 
6	0.0: 554 200 52 528 11 894 92 777 
6	0.0: 492 485 587 375 125 855 113 652 
3	0.0: 442 320 157 745 705 992 207 849 
6	0.0: 369 601 253 557 344 998 33 858 
6	0.0: 513 359 397 363 80 973 178 919 
6	0.0: 650 451 1 395 377 782 47 815 
6	0.0: 505 420 213 459 491 720 1 772 
6	0.0: 669 597 344 304 434 960 1 766 
6	0.0: 261 239 201 248 267 863 1 865 
3	0.0: 532 862 532 553 264 1023 149 759 
6	0.0: 311 491 414 396 255 864 8 890 
6	0.0: 669 439 96 492 313 1149 128 856 
6	0.0: 406 333 58 466 32 930 97 803 
6	0.0: 393 577 256 759 281 991 150 971 
0	0.0: 392 847 133 305 215 957 66 852 
6	0.0: 447 703 102 737 370 913 24 823 
6	0.0: 554 606 366 558 206 971 9 918 
6	0.0: 598 351 118 324 411 1133 69 843 
6	0.0: 457 175 118 418 398 1086 193 846 
6	0.0: 303 365 152 268 276 1059 1 909 
2	0.0: 741 648 1 337 639 1079 281 834 
6	0.0: 369 434 227 725 507 1199 1 993 
6	0.0: 275 488 133 255 131 870 1 925 
0	0.0: 422 549 1 187 484 1149 82 843 
6	0.0: 698 589 140 474 281 999 38 768 
6	0.0: 417 480 69 325 312 938 15 846 
0	0.0: 140 641 437 293 325 791 66 830 
6	0.0: 814 308 270 471 381 1075 127 752 
6	0.0: 1 1 360 661 375 930 1 738 
6	0.0: 250 594 1 489 258 893 39 851 
6	0.0: 467 150 385 498 564 932 31 788 
3	0.0: 288 504 266 333 680 1020 71 864 
0	0.0: 339 540 1 280 439 1107 94 822 
6	0.0: 515 394 1 589 377 1080 178 728 
6	0.0: 261 538 200 234 256 821 34 795 
6	0.0: 578 426 1 615 297 789 148 768 
0	0.0: 487 905 294 75 150 822 102 789 
6	0.0: 348 242 390 208 120 1142 1 853 
6	0.0: 313 500 334 322 158 944 54 816 
6	0.0: 268 531 441 495 440 784 1 832 
6	0.0: 255 298 142 391 196 1242 1 892 
6	0.0: 509 364 385 405 470 1070 1 840 
6	0.0: 611 261 80 77 58 1116 1 888 
6	0.0: 461 193 73 488 401 960 1 814 
6	0.0: 244 317 37 304 329 900 186 840 
3	0.0: 120 696 480 545 596 805 28 872 
6	0.0: 154 358 227 197 480 998 17 794 
6	0.0: 347 321 4 319 396 1108 99 767 
6	0.0: 251 47 283 366 385 866 19 789 
0	0.0: 236 384 48 432 784 942 56 798 
6	0.0: 541 308 210 131 535 785 227 855 
6	0.0: 450 204 142 614 228 951 67 772 
6	0.0: 666 523 312 313 360 888 249 759 
6	0.0: 241 523 103 293 241 981 1 794 
6	0.0: 293 254 32 437 246 855 1 849 
6	0.0: 613 376 376 274 530 887 1 770 
6	0.0: 410 855 347 390 80 802 1 799 
5	0.0: 232 174 1 341 517 854 289 851 
6	0.0: 289 308 553 499 113 1098 248 914 
6	0.0: 561 377 349 606 333 1076 202 884 
6	0.0: 490 558 517 513 440 871 13 784 
6	0.0: 580 439 536 619 266 1290 19 809 
6	0.0: 213 322 100 374 328 1141 85 810 
6	0.0: 428 651 63 327 263 1061 105 845 
6	0.0: 389 484 1 127 245 971 93 806 
6	0.0: 232 222 1 489 255 1168 239 844 
6	0.0: 332 298 163 490 157 1000 1 841 
6	0.0: 686 372 332 355 255 959 5 894 
0	0.0: 337 459 1 384 537 911 20 886 
6	0.0: 223 470 205 241 303 1028 1 939 
6	0.0: 493 514 50 230 349 858 1 763 
6	0.0: 293 387 203 911 235 1040 1 840 
6	0.0: 357 406 1 295 454 882 1 784 
6	0.0: 98 324 112 532 330 1036 106 764 
6	0.0: 501 417 46 408 540 947 93 871 
6	0.0: 595 498 1 381 435 964 13 767 
6	0.0: 144 395 162 212 244 763 1 861 
6	0.0: 266 227 393 367 497 923 49 837 
6	0.0: 242 579 295 429 410 865 32 874 
6	0.0: 460 337 247 673 327 1111 257 863 
0	0.0: 116 630 53 239 284 955 65 779 
0	0.0: 531 452 63 197 345 822 270 893 
6	0.0: 294 486 282 422 545 947 14 754 
6	0.0: 373 523 128 278 369 1072 1 755 
6	0.0: 546 296 244 209 97 1120 42 1028 
6	0.0: 199 243 533 389 201 870 210 976 
6	0.0: 383 296 112 231 405 771 119 811 
6	0.0: 320 360 283 381 428 921 1 872 
6	0.0: 381 373 8 344 410 879 133 753 
6	0.0: 277 513 167 257 165 1020 1 864 
0	0.0: 474 633 45 204 502 971 79 775 
6	0.0: 265 154 221 581 185 926 28 804 
6	0.0: 247 228 285 324 342 854 1 892 
6	0.0: 243 446 493 372 354 840 191 820 
6	0.0: 481 466 14 385 187 953 1 827 
6	0.0: 346 464 343 113 543 992 77 900 
6	0.0: 700 497 517 676 294 1073 29 861 
6	0.0: 577 267 199 608 180 1081 1 838 
6	0.0: 234 44 1 433 580 1059 1 834 
6	0.0: 499 283 296 219 392 1255 158 883 
6	0.0: 519 326 103 691 437 1132 120 696 
6	0.0: 464 652 411 326 79 950 106 747 
6	0.0: 577 336 61 333 422 975 357 763 
6	0.0: 459 423 17 742 327 1008 1 849 
6	0.0: 291 521 134 367 173 836 53 864 
6	0.0: 522 283 1 348 333 768 159 904 
6	0.0: 222 455 1 576 149 1159 1 811 
3	0.0: 572 649 100 685 468 1047 1 892 
6	0.0: 416 322 157 358 381 861 51 748 
6	0.0: 661 585 112 425 282 638 92 938 
6	0.0: 261 390 224 266 108 788 1 761 
6	0.0: 448 456 427 542 419 997 17 919 
6	0.0: 425 439 138 440 180 903 81 893 
0	0.0: 317 983 389 328 1 785 1 777 
6	0.0: 20 261 191 332 217 1050 94 771 
6	0.0: 495 394 137 364 251 996 1 823 
6	0.0: 480 385 281 383 457 1087 322 805 
6	0.0: 267 373 1 486 555 1124 104 805 
6	0.0: 479 241 188 458 72 1217 1 723 
6	0.0: 206 384 125 552 206 768 1 736 
6	0.0: 408 405 389 481 122 964 1 761 
3	0.0: 468 562 491 340 646 966 64 816 
6	0.0: 803 563 180 376 317 1128 104 769 
6	0.0: 398 450 199 290 297 882 31 801 
6	0.0: 466 524 92 319 1 967 38 772 
6	0.0: 487 426 128 553 266 922 1 760 
6	0.0: 410 530 1 244 366 998 1 885 
0	0.0: 250 723 210 109 346 825 1 834 
6	0.0: 402 436 402 590 45 1050 121 836 
0	0.0: 486 529 1 401 202 919 250 748 
6	0.0: 438 407 285 334 1 800 108 804 
0	0.0: 238 697 76 41 337 1061 43 897 
6	0.0: 230 355 65 361 357 929 85 737 
6	0.0: 589 386 60 552 402 972 166 759 
6	0.0: 404 375 244 283 453 662 1 886 
3	0.0: 607 368 157 294 801 1202 57 960 
0	0.0: 518 662 275 528 517 689 90 775 
6	0.0: 515 358 27 343 527 1127 1 895 
0	0.0: 112 705 206 362 360 849 1 955 
6	0.0: 764 1 51 254 354 1017 1 814 
6	0.0: 572 517 197 327 419 894 140 943 
6	0.0: 381 447 10 260 145 976 1 862 
6	0.0: 454 172 176 651 172 1031 223 850 
0	0.0: 558 709 1 309 267 763 154 796 
6	0.0: 399 519 52 516 230 1165 1 738 
6	0.0: 638 497 250 378 364 821 1 695 
6	0.0: 460 398 1 377 258 934 6 757 
6	0.0: 592 289 254 340 468 996 1 819 
6	0.0: 861 548 266 188 491 1086 193 819 
6	0.0: 566 338 442 249 562 999 1 756 
6	0.0: 695 406 181 267 379 837 123 748 
6	0.0: 750 395 1 392 598 949 9 973 
6	0.0: 342 347 320 404 137 964 1 689 
6	0.0: 482 547 491 484 368 917 109 940 
6	0.0: 339 276 165 157 444 982 1 754 
6	0.0: 518 549 236 451 111 797 30 972 
6	0.0: 247 290 230 525 493 985 1 946 
6	0.0: 329 260 263 221 558 829 1 875 
0	0.0: 428 672 1 303 284 911 214 774 
6	0.0: 482 108 239 328 234 797 5 757 
6	0.0: 653 504 129 203 344 782 156 918 
6	0.0: 454 404 235 325 393 1144 1 940 
6	0.0: 431 253 524 552 287 1075 23 789 
6	0.0: 410 217 425 422 162 917 126 805 
6	0.0: 748 363 1 214 279 1002 152 778 
6	0.0: 283 325 476 564 325 978 166 742 
6	0.0: 308 558 212 661 164 902 1 880 
0	0.0: 414 607 45 452 292 877 196 892 
6	0.0: 248 398 330 488 229 1127 147 950 
6	0.0: 363 350 263 345 316 1146 63 814 
6	0.0: 553 217 271 347 208 828 121 713 
6	0.0: 387 426 139 243 175 885 1 801 
6	0.0: 256 546 127 698 225 1031 35 791 
6	0.0: 430 319 346 532 250 974 49 763 
6	0.0: 618 427 1 402 65 807 97 779 
6	0.0: 294 344 574 1 361 1092 33 923 
6	0.0: 325 222 116 317 504 1069 188 788 
0	0.0: 489 675 232 21 351 799 38 856 
0	0.0: 517 694 65 320 424 1030 42 739 
6	0.0: 92 386 192 474 332 1011 152 851 
6	0.0: 553 201 194 541 240 936 184 892 
6	0.0: 257 484 66 596 331 1099 122 681 
3	0.0: 181 519 359 313 641 1091 98 811 
6	0.0: 470 557 103 647 394 1090 1 905 
6	0.0: 580 255 604 508 408 903 271 815 
6	0.0: 286 471 101 373 483 945 1 926 
6	0.0: 462 514 84 543 401 888 78 710 
0	0.0: 469 710 440 406 396 583 28 683 
0	0.0: 203 613 268 125 494 808 44 836 
6	0.0: 398 57 199 334 1 945 120 820 
6	0.0: 454 420 467 260 228 828 290 949 
6	0.0: 451 564 631 360 384 995 1 761 
6	0.0: 493 506 223 375 294 737 161 768 
6	0.0: 536 617 191 346 213 1167 7 872 
6	0.0: 423 239 431 445 295 789 46 929 
6	0.0: 271 348 349 441 380 1022 1 761 
6	0.0: 539 188 439 401 197 968 6 1002 
6	0.0: 519 480 429 390 266 859 135 888 
6	0.0: 692 709 127 320 152 1077 1 893 
6	0.0: 449 259 183 736 569 973 149 839 
6	0.0: 416 511 544 375 493 953 81 818 
6	0.0: 582 298 437 361 417 1033 124 714 
6	0.0: 357 484 338 401 171 1010 1 666 
6	0.0: 395 307 187 592 424 934 57 861 
6	0.0: 434 245 409 640 1 931 1 834 
6	0.0: 570 384 1 355 143 1001 78 752 
6	0.0: 245 233 80 327 511 1155 191 834 
6	0.0: 282 555 180 319 182 1113 1 893 
6	0.0: 520 108 406 417 365 901 87 825 
3	0.0: 403 719 475 295 725 1087 7 780 
0	0.0: 474 703 29 204 551 695 1 987 
6	0.0: 669 533 1 232 340 1103 12 730 
0	0.0: 204 488 198 241 407 1033 172 786 
6	0.0: 624 23 194 388 424 835 1 860 
6	0.0: 255 453 304 387 88 939 160 882 
6	0.0: 302 477 258 343 424 721 43 838 
6	0.0: 456 610 461 255 417 1120 1 842 
6	0.0: 427 345 173 171 301 933 100 830 
6	0.0: 317 488 324 635 358 1018 35 871 
0	0.0: 385 777 1 237 366 772 83 771 
6	0.0: 475 649 250 632 194 1046 27 815 
6	0.0: 416 345 194 380 541 1040 1 834 
6	0.0: 723 445 82 614 374 799 220 881 
6	0.0: 332 386 256 506 89 1026 152 826 
0	0.0: 388 362 39 349 789 879 1 921 
6	0.0: 651 218 1 580 266 969 78 902 
6	0.0: 253 329 57 289 379 882 190 816 
6	0.0: 397 550 188 581 514 1034 1 938 
6	0.0: 337 287 57 328 372 1005 129 890 
6	0.0: 670 597 37 327 319 1021 98 911 
6	0.0: 553 369 438 496 381 1115 56 792 
0	0.0: 93 682 49 180 6 906 237 804 
6	0.0: 412 644 260 734 57 1026 132 770 
6	0.0: 434 196 81 246 49 1095 85 777 
6	0.0: 522 415 130 361 148 1006 1 815 
6	0.0: 262 631 532 394 324 986 160 715 
0	0.0: 339 493 1 411 525 854 55 715 
6	0.0: 475 525 128 484 302 921 149 777 
6	0.0: 482 505 211 175 183 1047 21 693 
6	0.0: 264 391 402 392 493 960 225 816 
6	0.0: 120 442 56 299 159 1013 102 939 
0	0.0: 462 673 131 320 460 974 80 665 
6	0.0: 507 291 178 217 136 971 144 761 
6	0.0: 50 498 338 236 274 872 72 777 
6	0.0: 507 418 393 611 284 792 83 822 
6	0.0: 482 378 586 304 211 703 1 887 
6	0.0: 562 644 384 368 72 996 21 733 
6	0.0: 748 648 222 194 323 1025 162 817 
6	0.0: 708 767 268 204 364 1138 1 963 
6	0.0: 447 390 473 265 112 952 69 889 
6	0.0: 533 260 1 330 516 1015 117 676 
0	0.0: 390 554 136 331 430 916 109 691 
6	0.0: 651 421 253 523 473 901 171 930 
6	0.0: 512 496 289 347 25 1104 51 840 
6	0.0: 474 530 1 373 293 1009 1 849 
6	0.0: 196 457 392 473 178 1068 1 825 
6	0.0: 667 379 264 301 676 1176 1 872 
6	0.0: 307 428 628 494 253 946 86 939 
2	0.0: 604 858 196 362 801 940 169 697 
6	0.0: 285 451 127 303 446 1118 113 751 
6	0.0: 732 401 522 365 296 995 25 799 
6	0.0: 525 509 343 566 505 1004 23 858 
6	0.0: 441 400 133 366 373 1004 105 785 
0	0.0: 600 517 139 139 444 825 54 765 
6	0.0: 407 265 173 603 675 899 1 783 
6	0.0: 433 207 160 327 441 931 57 803 
0	0.0: 245 486 69 354 620 1048 182 892 
6	0.0: 552 658 202 233 243 896 12 884 
6	0.0: 360 476 194 159 360 1105 72 860 
6	0.0: 520 165 217 188 473 905 39 840 
6	0.0: 549 305 482 309 96 885 31 942 
6	0.0: 587 484 91 342 484 910 98 828 
6	0.0: 384 325 1 247 305 919 191 800 
6	0.0: 106 513 488 190 578 1007 58 836 
6	0.0: 559 466 113 524 416 1023 182 930 
6	0.0: 494 265 252 405 373 1155 104 820 
6	0.0: 652 245 1 401 414 752 52 842 
6	0.0: 543 506 47 390 251 1005 167 979 
6	0.0: 476 433 169 343 147 933 81 784 
0	0.0: 363 565 332 112 501 722 107 857 
6	0.0: 460 431 1 487 80 905 1 732 
6	0.0: 213 437 532 381 480 813 1 755 
6	0.0: 714 143 193 638 416 1038 102 727 
3	0.0: 375 571 397 437 896 912 1 785 
6	0.0: 639 358 108 459 282 1087 96 777 
3	0.0: 613 580 305 322 542 857 152 804 
6	0.0: 507 293 645 376 339 878 1 756 
6	0.0: 681 154 336 321 474 981 185 814 
6	0.0: 466 484 10 446 212 987 56 966 
6	0.0: 381 708 498 446 427 816 1 731 
0	0.0: 520 586 171 317 647 930 128 766 
6	0.0: 448 366 36 452 416 895 1 865 
6	0.0: 463 478 251 553 151 1028 122 861 
6	0.0: 468 367 19 608 297 906 4 939 
6	0.0: 360 673 1 314 20 910 59 844 
6	0.0: 413 462 233 186 291 755 199 840 
6	0.0: 493 448 380 526 170 929 258 787 
6	0.0: 561 398 506 386 496 815 80 949 
3	0.0: 676 554 1 225 650 1135 1 930 
6	0.0: 215 357 527 601 289 882 75 913 
0	0.0: 273 633 105 126 466 1000 1 851 
6	0.0: 332 299 1 596 568 1057 81 818 
6	0.0: 564 467 298 317 290 1077 80 769 
6	0.0: 551 553 84 309 207 871 1 677 
6	0.0: 537 640 1 400 211 978 128 733 
6	0.0: 388 286 1 312 407 979 83 868 
0	0.0: 377 693 282 306 448 822 282 843 
6	0.0: 320 492 150 114 456 1099 64 729 
6	0.0: 679 475 210 247 289 1090 1 757 
6	0.0: 575 658 381 234 108 813 1 873 
6	0.0: 519 355 5 592 403 1026 142 757 
6	0.0: 157 422 1 305 154 842 104 777 
6	0.0: 694 435 219 649 1 1086 11 805 
6	0.0: 454 235 132 246 177 919 1 865 
6	0.0: 609 235 36 450 396 896 1 851 
3	0.0: 348 492 654 353 634 1053 1 887 
6	0.0: 629 500 558 311 421 1006 165 806 
6	0.0: 790 593 215 404 346 933 90 928 
6	0.0: 536 305 290 431 286 837 14 843 
6	0.0: 210 421 177 540 129 860 1 947 
0	0.0: 48 697 350 485 477 624 40 889 
6	0.0: 546 366 317 339 572 859 70 922 
5	0.0: 51 398 1 337 484 883 185 844 
0	0.0: 466 711 1 410 410 1028 174 761 
6	0.0: 394 662 97 717 106 704 1 795 
6	0.0: 646 364 1 355 242 804 2 839 
6	0.0: 583 411 185 392 374 803 1 801 
6	0.0: 630 432 213 311 266 765 43 861 
6	0.0: 441 606 173 681 271 937 83 766 
6	0.0: 645 444 246 110 470 932 1 827 
6	0.0: 287 1 1 434 685 886 1 812 
6	0.0: 258 380 1 684 383 982 50 748 
6	0.0: 529 164 56 534 95 884 1 921 
6	0.0: 633 622 41 301 403 838 1 872 
6	0.0: 151 270 73 141 205 1120 262 733 
6	0.0: 498 348 236 579 402 1039 62 811 
6	0.0: 593 352 170 211 357 1081 1 838 
6	0.0: 438 205 354 52 384 913 21 814 
6	0.0: 309 343 189 451 568 1034 154 815 
6	0.0: 207 185 669 195 139 900 1 746 
6	0.0: 303 294 272 252 136 960 1 877 
6	0.0: 385 439 319 462 502 815 1 779 
6	0.0: 536 310 353 419 143 1154 18 773 
6	0.0: 515 59 211 218 356 1084 58 727 
6	0.0: 415 337 505 559 341 948 1 795 
3	0.0: 624 965 232 414 869 963 123 809 
6	0.0: 484 516 1 429 482 1064 55 860 
6	0.0: 124 292 354 423 341 913 190 834 
6	0.0: 663 415 289 398 411 1216 197 972 
6	0.0: 159 179 329 215 502 938 1 856 
6	0.0: 407 496 254 408 55 980 1 850 
6	0.0: 335 478 438 488 244 1077 1 722 
6	0.0: 370 513 1 324 265 1006 1 934 
6	0.0: 150 475 314 269 251 1123 12 782 
6	0.0: 435 520 564 358 422 1047 1 878 
6	0.0: 252 376 267 99 202 1130 1 795 
0	0.0: 267 994 105 268 623 1038 46 865 
6	0.0: 351 244 1 445 149 799 283 696 
6	0.0: 390 376 46 426 328 1032 139 853 
6	0.0: 542 617 140 499 305 985 1 887 
6	0.0: 363 527 100 530 137 1052 1 850 
6	0.0: 523 348 207 507 256 1009 1 858 
6	0.0: 472 720 169 165 155 913 1 903 
0	0.0: 444 685 82 372 81 674 114 916 
6	0.0: 335 375 1 396 330 956 131 818 
6	0.0: 403 632 408 294 165 958 91 953 
6	0.0: 330 753 292 440 131 866 100 816 
6	0.0: 94 268 167 383 551 899 1 878 
6	0.0: 208 617 455 340 37 1115 183 811 
6	0.0: 449 473 1 456 543 948 146 917 
6	0.0: 407 444 18 219 419 1021 1 779 
3	0.0: 416 230 151 767 842 977 213 801 
6	0.0: 736 285 1 241 254 937 143 830 
6	0.0: 568 285 48 300 209 926 68 924 
6	0.0: 591 294 410 617 124 1001 1 929 
6	0.0: 701 567 108 196 108 794 144 771 
6	0.0: 269 341 64 495 262 952 1 820 
0	0.0: 95 521 1 665 381 977 188 878 
3	0.0: 181 480 219 545 673 878 1 940 
6	0.0: 435 324 90 558 343 724 1 820 
6	0.0: 421 147 271 232 280 1073 129 832 
0	0.0: 166 673 145 396 406 923 175 841 
5	0.0: 264 431 124 278 246 742 204 831 
6	0.0: 616 279 177 483 161 871 78 913 
6	0.0: 549 617 171 230 312 979 159 768 
0	0.0: 447 728 105 282 465 861 252 892 
6	0.0: 609 269 1 485 605 756 1 883 
6	0.0: 108 192 393 531 340 921 203 948 
6	0.0: 507 332 478 260 375 1018 1 835 
6	0.0: 144 177 307 352 171 940 239 786 
6	0.0: 245 812 254 584 309 1053 69 897 
6	0.0: 666 628 1 493 237 730 55 854 
0	0.0: 305 553 180 246 478 980 40 790 
6	0.0: 546 636 139 160 459 1066 1 839 
6	0.0: 292 392 1 132 410 939 30 859 
6	0.0: 567 394 357 444 194 991 1 821 
6	0.0: 411 261 270 604 402 927 10 849 
6	0.0: 258 33 58 283 122 837 1 862 
6	0.0: 354 420 1 420 622 1160 77 790 
0	0.0: 249 560 213 326 319 739 63 754 
6	0.0: 520 292 341 375 422 951 1 858 
6	0.0: 177 375 212 336 395 1044 1 839 
6	0.0: 374 466 108 443 195 881 115 779 
6	0.0: 273 449 300 447 51 1039 1 834 
6	0.0: 357 56 126 231 477 1077 1 753 
6	0.0: 627 277 21 314 488 970 60 800 
6	0.0: 390 468 123 413 255 978 113 868 
6	0.0: 540 311 74 488 339 907 1 890 
0	0.0: 515 568 172 141 462 806 107 782 
6	0.0: 472 508 118 263 255 815 134 815 
6	0.0: 680 191 339 409 325 764 88 768 
6	0.0: 464 130 111 290 361 1046 264 776 
