0	0.0: 204 709 132 302 843 965 80 334 
2	0.0: 305 775 100 76 890 810 20 243 
2	0.0: 160 736 128 561 832 642 115 136 
0	0.0: 219 766 150 76 825 930 106 271 
2	0.0: 254 712 135 694 880 943 42 159 
2	0.0: 458 796 79 424 826 793 94 289 
0	0.0: 181 749 134 622 830 1116 130 158 
0	0.0: 189 744 100 445 848 928 238 321 
2	0.0: 332 754 131 608 895 821 36 176 
2	0.0: 404 861 112 320 847 740 92 155 
2	0.0: 451 691 103 538 856 1150 120 227 
0	0.0: 107 790 99 600 856 919 158 279 
0	0.0: 290 818 86 198 842 886 216 257 
0	0.0: 171 797 127 369 840 1030 229 185 
0	0.0: 1 705 88 349 853 985 47 211 
2	0.0: 279 711 147 442 874 795 88 253 
2	0.0: 323 790 116 284 827 844 86 200 
0	0.0: 18 796 102 442 830 1051 131 233 
0	0.0: 87 803 131 354 818 1120 197 240 
0	0.0: 74 796 113 410 846 912 230 244 
2	0.0: 363 786 108 836 839 1021 159 246 
0	0.0: 33 768 127 415 879 867 141 116 
0	0.0: 1 744 105 506 828 1077 164 196 
2	0.0: 323 841 132 380 844 827 126 276 
0	0.0: 77 779 86 368 828 972 124 200 
0	0.0: 167 858 121 391 860 949 233 192 
0	0.0: 173 774 127 629 825 872 166 253 
0	0.0: 1 757 136 455 872 987 204 242 
0	0.0: 201 877 127 441 847 955 120 292 
4	0.0: 43 796 112 535 853 873 247 115 
2	0.0: 412 829 105 493 875 854 223 228 
0	0.0: 35 778 73 296 842 813 181 223 
2	0.0: 349 821 138 258 842 852 7 177 
2	0.0: 444 815 121 271 837 817 106 214 
2	0.0: 410 769 124 539 842 839 106 246 
0	0.0: 136 747 116 406 827 959 89 234 
0	0.0: 73 722 70 215 825 957 97 295 
2	0.0: 385 745 88 543 852 794 179 234 
2	0.0: 369 707 124 634 838 850 76 205 
0	0.0: 87 691 96 195 871 882 267 225 
2	0.0: 228 771 72 562 820 721 206 310 
0	0.0: 46 750 102 431 833 965 168 246 
0	0.0: 196 844 98 188 855 724 132 189 
2	0.0: 299 741 119 607 823 975 166 181 
2	0.0: 323 760 129 503 872 835 199 235 
0	0.0: 1 795 103 241 829 860 139 143 
0	0.0: 11 829 84 303 833 790 210 209 
0	0.0: 139 764 97 640 866 768 93 196 
2	0.0: 312 758 126 396 846 918 53 254 
2	0.0: 453 833 112 305 864 802 89 200 
2	0.0: 376 799 121 764 864 948 132 295 
0	0.0: 205 800 157 256 814 1004 136 205 
0	0.0: 191 805 123 408 812 978 239 221 
0	0.0: 214 833 115 408 829 772 1 144 
4	0.0: 74 776 116 692 869 749 75 173 
0	0.0: 196 773 121 483 825 769 110 174 
2	0.0: 485 873 91 245 860 920 138 252 
0	0.0: 143 855 149 376 825 937 181 125 
0	0.0: 107 789 94 454 861 1035 14 192 
2	0.0: 471 764 73 345 873 887 135 244 
0	0.0: 295 801 117 264 844 927 82 241 
2	0.0: 476 766 118 395 849 668 106 210 
2	0.0: 288 740 113 542 879 814 136 272 
4	0.0: 255 753 72 928 838 977 146 250 
0	0.0: 1 758 97 367 833 884 102 207 
2	0.0: 309 854 131 253 845 893 136 127 
0	0.0: 112 788 90 385 839 952 284 232 
2	0.0: 266 886 167 468 878 615 81 239 
0	0.0: 225 830 98 310 846 888 177 221 
0	0.0: 121 808 107 494 840 1033 178 248 
0	0.0: 178 712 115 50 871 987 221 168 
0	0.0: 144 787 132 553 891 807 64 238 
2	0.0: 330 719 122 464 799 834 100 203 
2	0.0: 507 695 109 365 849 966 92 243 
0	0.0: 1 709 91 480 856 1105 238 285 
2	0.0: 742 772 143 373 860 970 156 201 
2	0.0: 375 814 108 286 881 970 145 246 
2	0.0: 476 799 93 251 860 1027 122 244 
2	0.0: 424 881 131 541 866 958 69 229 
2	0.0: 645 883 124 431 866 735 7 220 
0	0.0: 92 750 87 342 870 780 212 131 
0	0.0: 234 794 85 327 874 902 99 305 
0	0.0: 162 766 107 401 856 920 153 185 
0	0.0: 229 823 87 210 851 993 246 199 
2	0.0: 270 806 120 660 863 842 100 243 
0	0.0: 139 773 125 240 839 836 181 186 
2	0.0: 569 767 108 449 877 942 214 168 
0	0.0: 220 771 147 404 825 848 67 203 
0	0.0: 1 746 110 493 809 943 112 238 
2	0.0: 202 724 99 480 867 772 158 196 
4	0.0: 80 746 110 745 826 975 191 194 
2	0.0: 454 738 121 720 835 803 178 210 
2	0.0: 563 698 128 524 865 883 98 116 
0	0.0: 1 787 107 529 824 936 139 303 
2	0.0: 416 849 103 146 880 1002 163 193 
2	0.0: 357 810 130 561 830 785 133 196 
2	0.0: 415 708 105 117 866 996 133 216 
0	0.0: 178 743 161 605 842 950 185 221 
0	0.0: 171 753 123 299 822 853 85 178 
2	0.0: 231 856 129 499 860 720 139 251 
0	0.0: 10 806 130 475 870 893 172 184 
2	0.0: 388 811 123 317 842 799 54 265 
2	0.0: 405 756 69 465 865 789 55 227 
0	0.0: 133 781 89 346 874 918 178 286 
2	0.0: 425 762 151 496 866 893 147 228 
0	0.0: 3 852 113 267 848 729 156 145 
0	0.0: 210 792 146 352 843 850 206 117 
2	0.0: 267 857 94 274 870 736 108 130 
2	0.0: 497 768 114 311 852 925 178 230 
2	0.0: 377 768 98 422 849 972 138 222 
2	0.0: 417 757 131 420 842 716 145 290 
2	0.0: 436 734 81 412 844 1022 150 154 
2	0.0: 307 840 116 376 855 813 167 135 
2	0.0: 361 821 110 321 853 921 35 213 
0	0.0: 1 736 103 224 876 805 168 155 
0	0.0: 101 783 128 376 847 964 161 211 
2	0.0: 518 772 108 7 849 771 47 273 
0	0.0: 146 774 105 410 873 901 143 221 
0	0.0: 32 723 124 453 864 885 118 214 
2	0.0: 196 813 94 784 867 826 68 278 
0	0.0: 42 830 132 492 829 853 170 312 
0	0.0: 129 863 136 549 887 938 141 247 
0	0.0: 202 758 110 571 862 1037 156 240 
0	0.0: 1 699 128 187 846 682 84 278 
2	0.0: 408 824 109 90 869 855 214 197 
0	0.0: 188 757 98 283 852 952 101 274 
0	0.0: 110 773 131 364 863 640 11 181 
0	0.0: 217 819 86 525 855 781 165 307 
2	0.0: 345 783 93 296 869 731 85 229 
2	0.0: 326 787 140 633 872 762 153 203 
0	0.0: 137 814 88 185 853 974 135 192 
2	0.0: 330 794 99 351 824 884 108 185 
0	0.0: 1 820 119 346 850 790 123 216 
2	0.0: 290 724 101 600 828 773 196 252 
2	0.0: 393 781 106 375 868 866 224 249 
0	0.0: 193 834 115 647 875 1002 104 202 
2	0.0: 408 824 103 121 863 857 110 264 
2	0.0: 282 796 136 535 867 767 146 271 
0	0.0: 33 780 100 433 842 754 129 248 
2	0.0: 275 846 112 194 887 852 215 240 
0	0.0: 1 833 126 404 850 772 156 267 
2	0.0: 346 818 123 380 828 939 34 219 
0	0.0: 1 722 92 399 818 895 265 159 
0	0.0: 193 760 137 404 854 803 67 196 
2	0.0: 297 765 78 424 859 940 138 109 
2	0.0: 465 799 110 321 847 1079 87 336 
0	0.0: 34 675 89 229 833 940 49 173 
2	0.0: 317 829 117 627 864 909 160 264 
2	0.0: 284 763 128 444 846 704 184 222 
2	0.0: 310 805 84 234 871 816 213 214 
0	0.0: 1 827 137 321 836 875 126 233 
2	0.0: 296 799 113 600 838 920 183 228 
2	0.0: 289 716 119 471 863 842 114 258 
2	0.0: 280 808 124 375 847 889 220 279 
0	0.0: 175 738 123 414 848 927 130 215 
2	0.0: 487 804 142 474 815 766 308 205 
0	0.0: 1 754 96 143 897 856 160 243 
0	0.0: 1 855 126 391 896 855 98 229 
0	0.0: 114 759 108 641 871 879 51 223 
0	0.0: 52 706 129 415 856 950 83 332 
0	0.0: 106 756 88 593 808 820 117 168 
2	0.0: 276 753 141 309 853 861 66 197 
0	0.0: 265 786 54 365 830 1079 142 171 
0	0.0: 67 779 129 358 862 772 94 276 
2	0.0: 268 845 120 518 876 1049 192 278 
4	0.0: 1 782 82 528 865 937 196 80 
2	0.0: 310 804 109 567 843 961 196 264 
0	0.0: 184 751 129 349 859 904 136 277 
4	0.0: 1 785 131 620 833 889 170 204 
2	0.0: 235 789 130 311 861 700 9 162 
2	0.0: 474 884 102 518 819 916 190 232 
0	0.0: 108 768 80 246 818 838 148 205 
2	0.0: 355 752 104 451 836 777 123 294 
2	0.0: 482 767 113 490 819 819 191 233 
2	0.0: 423 876 83 476 829 913 149 210 
4	0.0: 154 825 120 640 825 902 267 219 
0	0.0: 135 800 134 469 866 1017 56 168 
2	0.0: 332 798 117 536 827 930 138 281 
2	0.0: 396 826 121 1 867 773 172 261 
0	0.0: 284 805 67 446 809 986 202 243 
0	0.0: 161 789 142 340 842 791 174 251 
0	0.0: 203 804 126 127 848 990 92 226 
2	0.0: 255 773 139 472 816 826 144 260 
2	0.0: 273 769 156 477 846 876 4 185 
0	0.0: 141 806 125 334 838 990 27 147 
2	0.0: 308 722 110 365 847 933 129 128 
0	0.0: 24 768 118 299 827 891 150 238 
0	0.0: 220 786 104 524 826 775 101 252 
0	0.0: 263 822 105 443 837 1059 192 123 
0	0.0: 91 780 121 621 851 1157 101 266 
0	0.0: 212 718 116 244 795 819 81 190 
2	0.0: 326 849 138 753 812 871 136 263 
2	0.0: 310 824 110 496 849 906 114 301 
0	0.0: 234 752 91 222 841 1045 153 217 
0	0.0: 129 804 158 416 871 853 218 301 
4	0.0: 137 845 132 734 882 883 110 203 
0	0.0: 1 765 111 436 860 964 131 146 
2	0.0: 435 742 85 549 834 852 147 203 
0	0.0: 112 844 120 451 847 755 17 255 
2	0.0: 177 788 153 616 846 771 129 161 
2	0.0: 458 810 107 602 855 980 100 269 
0	0.0: 94 726 89 427 841 1013 86 251 
0	0.0: 156 776 114 143 865 901 91 284 
0	0.0: 139 829 83 277 834 742 162 161 
4	0.0: 193 751 145 834 865 879 97 152 
0	0.0: 104 863 107 130 864 847 202 215 
0	0.0: 261 779 93 321 815 851 164 241 
2	0.0: 228 771 131 228 847 798 149 91 
0	0.0: 227 811 91 270 843 865 103 286 
0	0.0: 109 775 71 358 834 982 151 199 
2	0.0: 362 778 136 339 872 838 1 257 
2	0.0: 622 879 119 733 832 998 104 196 
0	0.0: 1 741 111 425 843 791 171 187 
2	0.0: 455 840 114 676 857 999 130 248 
0	0.0: 218 719 106 414 839 817 60 354 
2	0.0: 352 851 88 332 857 780 192 232 
2	0.0: 494 685 123 154 863 925 120 255 
2	0.0: 192 744 107 462 860 761 166 200 
0	0.0: 166 796 119 655 862 1140 108 262 
0	0.0: 20 787 117 104 860 975 113 265 
2	0.0: 258 789 137 516 849 922 129 236 
0	0.0: 164 806 114 305 847 939 217 194 
0	0.0: 246 785 99 324 822 916 265 290 
2	0.0: 312 744 138 165 866 927 139 201 
0	0.0: 52 826 158 206 844 782 52 218 
4	0.0: 276 757 110 820 863 1036 170 229 
0	0.0: 1 794 104 288 819 778 84 282 
2	0.0: 308 770 109 346 872 935 3 196 
0	0.0: 1 745 109 44 861 834 1 298 
0	0.0: 281 822 120 294 834 927 170 173 
0	0.0: 146 791 114 318 832 865 179 154 
0	0.0: 211 795 115 432 842 1057 29 209 
2	0.0: 339 761 117 543 873 828 11 145 
2	0.0: 326 804 111 314 870 849 82 167 
2	0.0: 319 815 102 601 855 959 162 158 
2	0.0: 339 749 130 539 859 887 109 240 
0	0.0: 119 760 96 442 846 870 123 203 
0	0.0: 154 844 111 448 847 974 44 161 
0	0.0: 211 800 102 357 865 725 239 272 
0	0.0: 152 833 117 43 859 945 64 205 
0	0.0: 63 778 131 538 871 969 1 224 
2	0.0: 386 768 103 420 852 1010 258 234 
0	0.0: 152 775 100 269 833 712 103 208 
2	0.0: 545 774 120 591 840 757 164 268 
0	0.0: 70 847 129 528 865 875 125 214 
0	0.0: 184 824 123 351 837 986 207 168 
2	0.0: 259 794 106 705 857 1000 215 218 
0	0.0: 1 776 102 121 869 819 189 147 
2	0.0: 357 887 99 299 869 860 278 217 
0	0.0: 115 805 134 316 849 868 232 230 
2	0.0: 671 811 125 89 833 913 180 238 
2	0.0: 425 789 136 323 858 956 207 115 
0	0.0: 1 763 129 358 891 866 66 205 
2	0.0: 306 853 138 213 868 952 196 210 
0	0.0: 1 756 115 427 841 897 106 235 
0	0.0: 183 773 116 547 812 940 124 233 
2	0.0: 360 803 108 581 869 892 1 193 
0	0.0: 139 834 96 240 846 877 132 222 
0	0.0: 1 786 113 108 872 782 118 220 
2	0.0: 266 772 86 274 881 882 124 220 
0	0.0: 123 829 108 363 855 902 238 216 
2	0.0: 495 816 107 470 833 1001 75 156 
2	0.0: 320 799 148 448 869 870 144 228 
2	0.0: 378 805 114 274 866 901 119 206 
2	0.0: 299 697 107 386 837 910 102 220 
2	0.0: 277 839 104 363 833 870 197 182 
0	0.0: 245 767 87 363 811 1026 118 152 
2	0.0: 358 777 154 366 840 907 54 134 
0	0.0: 246 773 115 558 843 947 32 259 
0	0.0: 140 879 123 609 888 873 74 203 
4	0.0: 90 741 86 623 853 814 200 227 
0	0.0: 247 779 98 279 881 834 1 280 
0	0.0: 192 878 106 251 847 792 7 239 
0	0.0: 84 782 115 527 867 964 186 241 
2	0.0: 256 725 109 579 852 833 196 115 
0	0.0: 137 673 96 490 840 991 142 290 
0	0.0: 158 788 82 240 836 939 142 184 
0	0.0: 202 812 108 310 836 836 149 219 
0	0.0: 1 746 72 157 855 914 74 263 
2	0.0: 368 703 118 214 854 854 128 241 
2	0.0: 451 710 154 548 860 858 223 233 
0	0.0: 170 756 97 418 848 896 107 199 
0	0.0: 202 842 80 190 887 914 111 288 
2	0.0: 249 833 125 497 857 881 278 169 
2	0.0: 465 839 85 504 863 732 132 183 
2	0.0: 305 762 150 693 855 1042 181 177 
0	0.0: 267 807 135 298 835 912 202 312 
2	0.0: 435 792 130 499 854 1016 153 176 
4	0.0: 1 715 87 608 821 958 260 303 
0	0.0: 224 765 94 323 828 852 183 233 
0	0.0: 227 738 76 227 819 688 102 243 
0	0.0: 138 809 69 335 823 1049 135 198 
2	0.0: 517 728 133 485 848 692 163 174 
0	0.0: 226 827 147 544 836 895 94 202 
0	0.0: 61 728 110 395 835 803 143 232 
2	0.0: 357 838 91 138 841 799 62 245 
0	0.0: 222 781 106 401 813 840 152 241 
2	0.0: 332 714 104 412 830 831 110 204 
4	0.0: 1 791 98 790 836 937 109 256 
0	0.0: 124 807 135 336 875 815 212 226 
4	0.0: 1 792 87 717 846 918 281 272 
2	0.0: 464 858 99 432 827 893 109 154 
0	0.0: 99 758 107 397 840 774 173 174 
0	0.0: 243 790 87 390 860 1017 153 244 
2	0.0: 293 847 107 209 847 669 102 211 
2	0.0: 390 845 90 253 849 786 110 246 
2	0.0: 253 810 136 641 845 810 163 148 
2	0.0: 311 783 101 226 862 813 255 195 
0	0.0: 206 799 117 256 834 830 94 222 
0	0.0: 235 771 88 188 834 749 143 167 
2	0.0: 517 784 89 400 821 758 123 252 
0	0.0: 1 779 132 408 844 968 154 187 
0	0.0: 184 717 127 217 853 795 153 292 
2	0.0: 441 796 111 570 856 1014 184 203 
0	0.0: 205 804 108 305 849 974 193 238 
2	0.0: 428 831 89 453 869 981 137 227 
2	0.0: 313 859 92 404 867 835 81 238 
0	0.0: 175 725 93 444 810 1029 4 176 
2	0.0: 275 761 105 498 861 935 209 242 
0	0.0: 231 730 73 387 834 838 207 203 
2	0.0: 410 809 125 455 871 910 138 206 
2	0.0: 496 828 106 455 825 811 102 210 
0	0.0: 112 859 102 439 837 1021 147 151 
0	0.0: 25 755 104 606 849 673 58 268 
2	0.0: 624 845 146 404 846 801 45 173 
2	0.0: 207 829 122 371 876 805 263 117 
2	0.0: 253 769 139 438 845 952 170 215 
2	0.0: 471 628 96 127 855 1074 122 331 
0	0.0: 186 785 120 416 803 743 4 180 
2	0.0: 209 768 134 566 853 863 57 129 
0	0.0: 94 791 106 482 865 1023 182 167 
0	0.0: 1 858 94 552 863 890 137 202 
0	0.0: 123 676 108 408 823 911 83 239 
2	0.0: 439 780 115 133 846 700 147 193 
2	0.0: 504 831 111 198 870 989 22 208 
0	0.0: 146 851 102 306 854 1014 186 263 
0	0.0: 241 829 108 455 816 916 159 219 
0	0.0: 63 818 121 487 822 873 181 118 
2	0.0: 381 824 132 468 873 973 224 214 
0	0.0: 64 762 123 229 866 962 109 230 
0	0.0: 56 752 91 438 863 988 83 153 
2	0.0: 358 764 132 473 838 906 65 311 
0	0.0: 1 764 98 507 829 863 59 193 
0	0.0: 45 810 105 312 866 875 149 182 
0	0.0: 129 828 97 568 849 736 70 187 
0	0.0: 92 773 119 424 843 828 148 202 
0	0.0: 158 807 99 228 818 725 221 151 
0	0.0: 1 754 114 405 878 953 146 223 
0	0.0: 88 813 103 411 822 888 119 171 
0	0.0: 148 753 154 522 836 978 114 195 
0	0.0: 215 831 123 87 843 966 47 290 
2	0.0: 462 799 94 595 860 996 141 154 
0	0.0: 1 842 110 296 847 945 69 289 
2	0.0: 204 728 137 552 883 807 162 187 
2	0.0: 427 781 131 450 801 802 155 221 
0	0.0: 39 830 111 149 830 1051 176 193 
0	0.0: 204 795 118 404 832 955 57 174 
2	0.0: 379 818 152 392 833 936 102 210 
2	0.0: 331 788 78 540 840 809 100 198 
2	0.0: 292 733 154 603 868 929 272 246 
2	0.0: 329 773 137 376 825 841 247 195 
4	0.0: 91 814 87 649 842 825 183 147 
2	0.0: 316 858 93 400 873 901 107 153 
0	0.0: 146 736 105 439 844 723 195 270 
0	0.0: 206 769 135 558 806 990 274 213 
0	0.0: 244 778 141 274 856 976 60 308 
2	0.0: 370 803 79 427 856 1077 96 208 
2	0.0: 280 714 116 233 839 840 154 185 
0	0.0: 18 737 140 401 831 976 81 203 
0	0.0: 1 827 89 305 835 881 166 237 
2	0.0: 411 692 109 560 858 862 75 84 
0	0.0: 109 784 113 502 857 886 154 282 
0	0.0: 180 765 168 666 849 860 47 285 
0	0.0: 220 716 103 440 862 961 139 206 
2	0.0: 316 778 86 313 839 875 160 278 
2	0.0: 359 738 114 214 809 867 49 256 
2	0.0: 330 848 93 215 845 924 100 111 
0	0.0: 1 761 95 230 856 850 135 189 
2	0.0: 436 780 127 401 834 1057 80 263 
0	0.0: 1 718 126 364 856 626 117 134 
0	0.0: 211 804 94 299 846 815 84 174 
0	0.0: 153 752 119 176 866 771 197 273 
0	0.0: 93 832 114 590 858 861 42 101 
0	0.0: 253 844 139 655 806 866 21 291 
0	0.0: 74 804 111 418 867 964 28 243 
0	0.0: 219 801 127 452 828 860 104 138 
0	0.0: 52 845 108 520 830 790 136 251 
0	0.0: 118 879 112 232 876 785 73 275 
0	0.0: 182 785 108 403 817 1028 142 255 
0	0.0: 50 828 112 306 872 780 210 210 
2	0.0: 306 808 89 259 880 720 75 257 
2	0.0: 227 802 126 706 853 813 138 180 
2	0.0: 390 790 106 314 848 1002 38 169 
0	0.0: 232 807 104 299 838 995 119 217 
0	0.0: 134 767 141 527 850 855 166 146 
2	0.0: 220 805 139 434 868 870 144 192 
2	0.0: 333 791 142 296 858 930 165 170 
2	0.0: 264 724 98 292 853 915 127 193 
0	0.0: 75 819 99 533 858 801 188 189 
2	0.0: 458 796 67 311 855 1030 128 206 
0	0.0: 57 804 140 518 908 812 58 182 
0	0.0: 141 734 92 613 882 855 144 256 
0	0.0: 181 794 120 294 832 929 178 244 
2	0.0: 236 746 115 336 864 770 112 237 
0	0.0: 17 829 100 281 871 809 225 123 
0	0.0: 92 770 87 430 849 851 86 224 
0	0.0: 94 784 119 243 853 933 62 197 
0	0.0: 114 765 97 260 866 849 174 229 
2	0.0: 484 730 148 449 844 887 152 222 
0	0.0: 196 764 128 560 844 989 80 215 
2	0.0: 203 765 87 492 856 808 137 195 
0	0.0: 62 785 147 551 860 970 51 264 
2	0.0: 227 828 100 585 839 877 221 188 
0	0.0: 167 778 129 432 869 817 5 166 
2	0.0: 428 812 79 310 841 937 154 253 
0	0.0: 269 773 138 462 856 1062 1 215 
0	0.0: 184 829 113 211 871 842 142 168 
0	0.0: 99 759 102 553 851 945 183 209 
0	0.0: 151 857 140 524 807 987 222 198 
0	0.0: 1 770 121 397 873 1004 245 237 
0	0.0: 151 731 80 407 846 1090 179 218 
0	0.0: 146 840 103 209 849 879 210 292 
0	0.0: 292 853 112 380 842 936 160 305 
2	0.0: 291 734 86 265 845 874 198 263 
2	0.0: 421 712 104 309 848 933 67 229 
0	0.0: 126 811 89 622 843 1050 102 258 
0	0.0: 221 817 129 50 853 1092 82 210 
0	0.0: 127 855 100 555 861 1010 95 196 
2	0.0: 306 770 132 280 857 796 85 142 
4	0.0: 118 781 72 614 850 814 163 130 
0	0.0: 5 738 135 215 902 945 95 330 
0	0.0: 204 832 102 389 862 825 96 242 
2	0.0: 571 847 115 466 842 808 288 279 
2	0.0: 565 811 122 428 833 985 196 213 
0	0.0: 60 809 103 411 881 894 187 248 
0	0.0: 166 755 90 208 856 1065 83 250 
2	0.0: 516 766 92 220 840 760 88 168 
2	0.0: 304 767 64 676 859 1010 124 218 
2	0.0: 360 806 116 262 839 754 198 124 
2	0.0: 399 888 120 328 862 826 87 333 
0	0.0: 168 803 114 411 833 812 126 149 
0	0.0: 138 824 96 275 844 715 110 189 
0	0.0: 297 773 104 464 800 1069 92 220 
2	0.0: 388 796 105 351 863 806 57 220 
0	0.0: 64 819 84 149 815 1019 25 219 
2	0.0: 249 766 157 741 907 860 105 226 
0	0.0: 167 759 81 336 856 851 140 163 
0	0.0: 1 757 82 394 819 1033 185 214 
0	0.0: 35 807 138 241 867 893 248 299 
4	0.0: 217 711 123 627 812 850 190 135 
2	0.0: 358 781 106 123 830 807 168 182 
2	0.0: 383 756 127 634 835 819 161 136 
0	0.0: 114 762 96 164 824 849 200 278 
0	0.0: 1 737 106 220 850 803 14 180 
2	0.0: 269 730 114 699 803 853 199 277 
2	0.0: 297 829 79 498 866 894 125 229 
0	0.0: 250 773 116 139 857 843 126 159 
2	0.0: 238 783 113 537 834 895 286 242 
0	0.0: 189 832 110 87 829 905 183 174 
2	0.0: 222 808 126 521 857 741 1 225 
0	0.0: 131 750 104 492 843 865 164 187 
2	0.0: 281 694 118 520 860 945 233 226 
0	0.0: 295 897 104 60 855 803 158 228 
0	0.0: 227 803 135 157 865 1018 176 136 
2	0.0: 384 762 135 724 868 856 131 206 
4	0.0: 1 754 118 525 855 877 257 237 
2	0.0: 392 822 137 547 857 823 1 245 
0	0.0: 268 803 112 1 880 901 183 216 
2	0.0: 354 814 121 321 864 1001 164 202 
0	0.0: 87 736 88 633 858 794 239 313 
0	0.0: 1 827 106 415 853 913 51 304 
0	0.0: 171 893 92 561 843 834 144 221 
2	0.0: 315 765 127 485 880 952 68 89 
2	0.0: 235 844 104 703 864 892 117 246 
0	0.0: 71 708 127 370 849 972 149 224 
0	0.0: 186 784 119 566 837 844 129 245 
2	0.0: 322 841 106 506 847 843 206 134 
2	0.0: 404 806 120 383 851 823 202 265 
0	0.0: 28 774 124 357 851 857 134 225 
0	0.0: 194 774 125 449 852 868 123 217 
0	0.0: 185 839 116 292 861 1111 22 250 
0	0.0: 244 855 167 559 835 883 158 289 
2	0.0: 214 768 105 496 860 749 56 272 
2	0.0: 280 899 151 273 864 764 103 222 
2	0.0: 494 818 95 553 864 900 153 203 
0	0.0: 52 747 126 302 819 744 195 179 
2	0.0: 337 800 85 640 856 889 200 258 
0	0.0: 1 802 94 260 861 813 55 243 
2	0.0: 242 751 119 474 825 910 182 163 
2	0.0: 338 823 79 432 856 842 42 209 
0	0.0: 94 817 74 228 838 699 53 171 
2	0.0: 306 765 123 406 874 634 1 208 
2	0.0: 367 780 114 505 856 881 210 263 
0	0.0: 151 800 142 389 850 911 87 235 
0	0.0: 206 770 91 459 842 926 23 324 
0	0.0: 109 881 109 573 851 733 74 176 
0	0.0: 98 859 132 131 834 995 256 193 
2	0.0: 240 775 109 504 899 957 140 257 
2	0.0: 347 717 127 397 877 795 160 162 
2	0.0: 421 879 98 481 869 793 77 176 
0	0.0: 67 718 81 45 826 796 344 171 
2	0.0: 370 729 113 389 841 1153 93 246 
2	0.0: 358 787 128 427 832 947 208 249 
2	0.0: 412 800 142 238 870 777 165 218 
2	0.0: 271 762 153 221 886 881 101 260 
4	0.0: 1 818 146 508 829 849 196 179 
0	0.0: 69 790 130 346 832 935 114 285 
4	0.0: 110 732 113 707 865 951 187 196 
0	0.0: 17 758 131 269 852 1134 214 233 
0	0.0: 164 838 88 460 844 1018 180 243 
0	0.0: 160 837 80 331 823 902 244 201 
2	0.0: 333 776 135 404 863 819 132 176 
0	0.0: 109 826 73 194 817 949 167 164 
2	0.0: 307 772 135 548 838 1021 184 209 
0	0.0: 211 829 107 334 834 826 36 215 
0	0.0: 2 898 81 378 856 959 119 77 
0	0.0: 65 872 104 301 842 984 253 200 
2	0.0: 359 806 133 499 899 1006 93 155 
2	0.0: 255 815 144 234 890 795 152 194 
2	0.0: 293 837 91 403 852 917 101 238 
0	0.0: 1 719 97 413 851 846 94 265 
2	0.0: 348 880 86 167 848 966 152 221 
0	0.0: 163 792 152 379 840 864 130 235 
0	0.0: 211 831 107 182 856 923 123 209 
0	0.0: 182 726 107 305 810 735 67 293 
0	0.0: 61 805 95 144 878 756 203 99 
2	0.0: 331 734 95 236 852 921 94 263 
2	0.0: 256 768 92 556 879 903 224 265 
4	0.0: 221 776 104 771 843 756 160 205 
0	0.0: 170 790 137 492 839 714 114 173 
2	0.0: 372 805 122 424 866 695 184 302 
0	0.0: 194 747 109 485 874 1065 70 199 
0	0.0: 66 801 149 423 816 947 56 225 
2	0.0: 493 757 96 521 860 1005 52 215 
0	0.0: 41 786 107 522 862 851 137 128 
2	0.0: 340 804 107 219 855 730 347 343 
0	0.0: 208 879 82 419 853 903 158 224 
0	0.0: 196 821 137 489 842 998 199 272 
2	0.0: 252 795 85 381 848 806 117 196 
0	0.0: 151 799 120 216 837 938 195 183 
0	0.0: 106 821 46 296 861 862 79 195 
2	0.0: 255 716 97 550 830 858 231 184 
2	0.0: 339 801 102 570 844 892 180 168 
2	0.0: 249 858 117 521 814 858 196 208 
2	0.0: 442 749 83 271 823 789 190 223 
0	0.0: 112 772 101 498 845 895 93 300 
0	0.0: 1 737 108 360 855 916 135 177 
0	0.0: 181 777 131 235 864 902 97 293 
0	0.0: 1 683 115 411 864 831 195 245 
0	0.0: 92 827 127 464 837 917 149 296 
0	0.0: 270 857 116 355 830 888 108 213 
0	0.0: 232 796 154 332 841 858 270 201 
2	0.0: 295 756 131 510 849 718 175 219 
2	0.0: 418 833 129 50 833 887 145 216 
4	0.0: 4 806 113 510 858 916 253 193 
0	0.0: 119 723 122 341 839 872 132 116 
0	0.0: 76 814 82 203 824 792 223 238 
0	0.0: 207 798 130 211 870 1080 235 190 
2	0.0: 374 733 49 667 851 925 188 180 
0	0.0: 156 819 120 92 811 874 145 180 
0	0.0: 131 874 78 511 825 752 150 276 
0	0.0: 242 831 76 419 824 1096 1 202 
4	0.0: 162 838 134 672 882 757 222 197 
0	0.0: 210 843 125 595 860 816 102 319 
2	0.0: 251 790 114 642 887 910 115 304 
0	0.0: 165 822 121 491 839 979 159 225 
2	0.0: 298 757 142 467 866 874 125 138 
2	0.0: 572 868 134 417 842 872 253 202 
0	0.0: 278 785 103 110 839 973 117 195 
0	0.0: 47 821 85 555 858 809 159 196 
0	0.0: 129 839 117 517 831 941 101 201 
2	0.0: 314 815 103 361 829 734 131 278 
0	0.0: 155 771 119 469 826 812 211 275 
0	0.0: 1 734 127 224 869 795 112 195 
0	0.0: 176 821 91 656 830 949 59 85 
0	0.0: 1 697 109 310 835 886 210 238 
2	0.0: 282 735 107 583 843 1025 133 260 
0	0.0: 171 817 123 415 854 922 116 167 
2	0.0: 324 781 82 456 849 1069 100 237 
0	0.0: 127 800 72 490 860 779 227 318 
2	0.0: 352 754 110 537 847 1026 211 289 
0	0.0: 41 755 91 531 829 908 115 143 
2	0.0: 310 764 106 527 849 929 40 223 
2	0.0: 383 759 105 554 856 921 165 162 
0	0.0: 170 817 131 181 849 853 63 252 
2	0.0: 364 768 45 719 845 1114 127 235 
2	0.0: 354 800 111 405 827 926 217 263 
2	0.0: 339 847 139 417 878 762 186 80 
2	0.0: 462 811 85 489 826 853 183 172 
0	0.0: 1 795 123 338 871 712 129 232 
0	0.0: 1 758 81 425 867 1017 183 206 
2	0.0: 360 751 90 394 845 1224 216 208 
0	0.0: 38 818 126 233 838 960 138 262 
2	0.0: 349 801 138 468 853 1101 284 197 
0	0.0: 186 847 126 593 874 820 55 206 
0	0.0: 1 784 101 286 810 1077 60 334 
0	0.0: 226 782 87 416 816 940 200 170 
2	0.0: 280 774 108 511 855 886 67 146 
0	0.0: 1 759 73 278 843 1046 106 147 
4	0.0: 5 778 152 471 862 740 198 153 
0	0.0: 91 809 112 330 821 744 174 290 
2	0.0: 245 775 129 446 827 781 115 159 
2	0.0: 373 778 111 118 845 798 137 231 
0	0.0: 200 656 131 583 826 891 200 251 
0	0.0: 136 849 81 227 816 853 1 250 
2	0.0: 717 832 119 468 840 933 189 296 
0	0.0: 96 810 102 421 865 785 145 230 
2	0.0: 375 896 114 378 855 954 113 283 
0	0.0: 185 749 75 443 833 893 143 221 
2	0.0: 318 847 86 371 838 863 207 234 
0	0.0: 174 837 106 275 839 832 216 115 
0	0.0: 209 740 100 340 851 902 156 261 
0	0.0: 208 872 94 130 881 1098 80 307 
0	0.0: 173 808 143 349 842 955 238 242 
0	0.0: 1 773 103 405 889 717 119 200 
0	0.0: 237 822 112 102 844 1005 206 247 
2	0.0: 301 798 133 89 874 778 100 239 
2	0.0: 310 891 139 209 849 845 70 204 
0	0.0: 5 789 91 459 825 953 30 207 
2	0.0: 253 683 109 421 852 943 171 212 
0	0.0: 166 809 89 543 826 973 166 169 
0	0.0: 201 795 66 241 827 953 120 273 
2	0.0: 403 805 82 393 840 950 148 240 
2	0.0: 247 821 130 358 869 681 158 140 
0	0.0: 64 851 92 428 838 808 170 159 
2	0.0: 199 729 111 508 836 775 129 199 
2	0.0: 308 787 119 401 857 894 84 263 
0	0.0: 61 829 142 419 832 1018 211 235 
2	0.0: 318 841 108 585 846 860 134 169 
2	0.0: 236 769 116 435 824 694 213 165 
4	0.0: 39 795 116 723 855 814 159 203 
2	0.0: 365 740 117 337 867 864 64 189 
2	0.0: 193 757 127 573 896 855 228 219 
2	0.0: 465 701 107 742 821 992 146 207 
2	0.0: 372 768 123 364 871 804 299 243 
0	0.0: 18 788 120 442 850 895 21 267 
0	0.0: 186 738 128 472 841 919 88 159 
2	0.0: 264 755 126 455 843 793 103 258 
0	0.0: 147 830 109 662 853 982 183 214 
0	0.0: 1 738 110 304 830 992 173 216 
2	0.0: 334 760 137 489 858 812 16 145 
4	0.0: 223 765 125 697 844 979 123 161 
0	0.0: 1 838 140 514 861 925 101 234 
2	0.0: 253 705 109 524 847 889 161 135 
2	0.0: 371 776 94 160 872 872 83 234 
0	0.0: 257 654 138 285 816 875 116 217 
2	0.0: 301 816 94 607 863 822 191 198 
0	0.0: 61 720 89 523 827 993 200 345 
0	0.0: 22 780 145 266 817 877 154 144 
0	0.0: 65 776 127 472 862 968 48 203 
2	0.0: 235 787 116 544 850 931 126 158 
2	0.0: 359 815 107 535 836 977 156 174 
2	0.0: 347 817 115 353 866 890 161 242 
0	0.0: 124 785 124 193 846 860 177 190 
0	0.0: 216 817 114 456 855 924 216 231 
2	0.0: 311 772 97 286 845 1001 91 203 
0	0.0: 21 810 115 162 832 862 164 221 
0	0.0: 9 713 86 205 855 893 142 150 
0	0.0: 153 840 102 304 824 833 281 267 
0	0.0: 228 807 129 187 861 714 1 220 
4	0.0: 1 751 122 531 898 859 161 173 
4	0.0: 1 755 107 533 864 861 229 209 
0	0.0: 15 791 78 44 831 946 66 199 
2	0.0: 259 824 109 367 844 847 119 193 
0	0.0: 120 778 120 236 837 810 142 118 
0	0.0: 280 795 102 305 809 857 92 237 
0	0.0: 54 782 109 229 873 774 79 188 
0	0.0: 101 825 135 460 860 779 114 267 
0	0.0: 102 795 135 359 857 825 243 124 
2	0.0: 479 811 116 36 832 1034 174 295 
0	0.0: 87 797 96 301 862 951 103 272 
4	0.0: 1 714 106 559 870 735 205 92 
0	0.0: 292 856 98 111 827 975 160 216 
2	0.0: 587 803 87 505 866 770 1 133 
2	0.0: 554 884 93 266 842 958 211 235 
2	0.0: 527 785 78 738 862 875 81 218 
0	0.0: 184 806 107 280 839 817 184 325 
0	0.0: 229 796 148 447 849 1036 187 168 
0	0.0: 1 801 103 475 825 983 162 233 
2	0.0: 305 773 140 484 844 860 228 217 
2	0.0: 308 739 134 565 826 955 75 179 
4	0.0: 90 741 140 702 846 807 195 261 
0	0.0: 182 803 157 280 829 837 110 254 
0	0.0: 227 696 114 140 870 946 181 292 
0	0.0: 157 815 111 346 867 921 90 276 
2	0.0: 310 800 108 584 839 989 5 299 
0	0.0: 186 796 115 517 880 989 97 217 
2	0.0: 411 806 96 380 838 796 185 216 
0	0.0: 231 720 90 264 859 753 140 298 
0	0.0: 105 754 103 367 820 886 294 175 
2	0.0: 418 810 121 659 848 872 110 194 
0	0.0: 69 797 103 378 828 969 164 202 
0	0.0: 122 768 111 272 839 786 92 220 
0	0.0: 1 756 130 350 816 740 89 138 
2	0.0: 317 776 139 566 811 904 89 197 
2	0.0: 440 816 124 433 826 868 1 178 
0	0.0: 1 765 102 235 804 867 112 279 
2	0.0: 320 745 112 426 832 831 41 273 
0	0.0: 154 761 119 14 853 868 154 218 
2	0.0: 469 789 104 313 867 972 187 161 
0	0.0: 1 793 125 452 860 860 154 345 
2	0.0: 460 806 98 315 843 910 107 161 
4	0.0: 1 830 98 673 840 933 151 221 
2	0.0: 377 726 134 552 839 769 89 257 
2	0.0: 220 848 122 601 872 665 95 300 
2	0.0: 272 745 104 253 873 873 55 126 
2	0.0: 311 708 152 589 850 916 152 162 
0	0.0: 71 793 103 476 809 914 215 183 
0	0.0: 151 774 97 530 857 807 156 319 
2	0.0: 536 802 131 401 857 1070 109 198 
0	0.0: 1 770 102 676 832 998 75 285 
0	0.0: 127 822 87 373 837 831 145 237 
2	0.0: 381 833 103 353 871 875 84 201 
0	0.0: 11 819 116 220 845 868 72 236 
2	0.0: 329 789 120 461 864 838 209 145 
0	0.0: 62 842 149 362 814 963 100 306 
0	0.0: 102 815 131 501 871 1002 219 231 
2	0.0: 419 777 131 318 844 995 157 161 
2	0.0: 414 816 139 472 826 912 131 171 
2	0.0: 321 791 129 471 830 864 80 223 
0	0.0: 273 804 90 211 811 933 152 192 
0	0.0: 98 753 111 408 878 854 161 310 
0	0.0: 140 843 121 486 843 935 118 229 
0	0.0: 79 875 119 270 826 791 145 152 
0	0.0: 1 758 121 489 868 861 89 173 
2	0.0: 415 770 112 323 859 1058 199 254 
0	0.0: 141 808 110 468 827 781 160 171 
0	0.0: 191 824 79 633 832 1007 127 295 
2	0.0: 386 736 54 367 851 938 93 145 
2	0.0: 246 822 106 534 847 884 48 196 
0	0.0: 244 796 94 525 846 903 185 292 
2	0.0: 352 733 151 716 855 825 151 182 
0	0.0: 221 826 143 396 825 820 69 283 
0	0.0: 155 804 143 578 834 621 154 214 
4	0.0: 101 714 75 865 828 1013 231 178 
0	0.0: 112 843 71 273 854 999 1 148 
0	0.0: 233 778 115 80 869 873 151 143 
2	0.0: 258 791 102 706 826 1050 122 224 
0	0.0: 71 796 114 361 867 935 161 218 
0	0.0: 23 829 128 493 846 932 150 146 
2	0.0: 316 794 120 465 844 815 195 180 
0	0.0: 100 795 100 415 837 962 91 181 
0	0.0: 216 795 157 425 808 1064 200 256 
2	0.0: 275 780 105 415 852 874 235 263 
2	0.0: 329 807 130 248 840 910 134 297 
2	0.0: 318 744 106 353 857 774 114 177 
0	0.0: 217 699 73 343 829 982 85 200 
2	0.0: 419 792 96 359 844 1121 171 182 
0	0.0: 224 780 72 449 848 926 149 277 
2	0.0: 236 770 126 533 866 745 219 192 
0	0.0: 147 860 86 492 848 927 164 211 
0	0.0: 74 763 108 445 851 970 166 156 
2	0.0: 417 838 116 412 857 1078 119 191 
0	0.0: 71 807 119 617 803 1022 93 297 
2	0.0: 264 796 101 316 848 907 149 114 
2	0.0: 323 714 96 372 840 821 168 253 
0	0.0: 57 749 86 585 817 837 112 228 
0	0.0: 147 702 95 323 863 909 189 200 
0	0.0: 98 740 69 240 839 732 165 132 
0	0.0: 260 753 100 465 829 1011 161 365 
0	0.0: 203 751 89 680 824 800 84 314 
2	0.0: 391 824 79 555 844 1023 234 233 
2	0.0: 491 789 114 548 832 1045 176 186 
4	0.0: 201 756 85 653 821 917 237 168 
0	0.0: 202 754 104 527 851 885 1 169 
0	0.0: 140 782 141 247 836 749 95 254 
2	0.0: 309 726 109 300 858 963 109 142 
0	0.0: 214 766 108 459 838 918 92 213 
2	0.0: 351 761 100 487 818 936 194 227 
2	0.0: 364 763 100 429 833 935 203 142 
0	0.0: 281 779 151 237 871 981 86 209 
2	0.0: 455 861 117 445 822 856 181 251 
4	0.0: 96 733 139 542 867 975 136 121 
2	0.0: 319 777 128 386 835 963 150 247 
2	0.0: 245 831 131 589 864 1025 182 199 
2	0.0: 250 865 96 750 849 751 143 255 
0	0.0: 84 746 78 496 850 844 83 209 
2	0.0: 427 755 97 774 822 966 66 197 
0	0.0: 1 786 140 432 851 914 245 252 
2	0.0: 225 756 127 611 841 850 214 218 
0	0.0: 1 812 91 526 847 857 30 280 
2	0.0: 244 827 95 389 828 753 166 210 
4	0.0: 224 821 114 754 861 1028 129 163 
0	0.0: 1 832 131 134 869 939 248 272 
0	0.0: 191 852 110 360 858 985 172 268 
0	0.0: 182 814 148 121 838 941 179 191 
0	0.0: 258 797 100 492 838 1003 184 237 
0	0.0: 22 770 129 389 804 984 79 239 
0	0.0: 1 808 109 316 858 984 219 244 
0	0.0: 150 829 97 308 869 1024 121 147 
2	0.0: 327 763 105 491 823 862 110 274 
2	0.0: 433 781 108 462 843 784 106 121 
2	0.0: 474 762 114 351 847 1015 117 196 
0	0.0: 1 747 122 433 887 856 229 221 
0	0.0: 199 787 131 427 852 967 95 148 
2	0.0: 381 803 126 244 808 707 242 187 
0	0.0: 184 819 127 118 837 904 125 268 
0	0.0: 113 796 123 274 840 926 186 108 
0	0.0: 219 823 109 210 881 1101 174 188 
0	0.0: 153 860 160 468 858 995 117 193 
0	0.0: 191 815 143 502 861 877 117 207 
2	0.0: 330 801 120 659 862 979 130 220 
2	0.0: 605 783 88 579 835 837 91 183 
2	0.0: 311 814 142 347 857 921 201 292 
2	0.0: 522 830 77 275 858 956 62 222 
0	0.0: 1 757 89 475 859 1039 121 151 
0	0.0: 1 763 93 387 862 934 127 247 
4	0.0: 177 801 109 628 841 888 275 162 
0	0.0: 1 846 121 371 849 816 146 195 
0	0.0: 8 788 132 321 840 803 131 259 
0	0.0: 226 723 102 307 820 831 110 276 
2	0.0: 406 803 127 419 847 990 68 162 
4	0.0: 172 705 115 735 864 932 153 199 
2	0.0: 408 689 84 344 819 972 43 212 
0	0.0: 121 828 124 348 842 832 124 236 
2	0.0: 252 740 105 534 832 975 161 237 
0	0.0: 124 767 106 314 826 849 116 265 
0	0.0: 99 812 96 506 839 796 95 270 
2	0.0: 400 790 117 399 850 896 75 261 
0	0.0: 88 806 124 414 817 833 113 322 
0	0.0: 249 787 135 432 846 916 125 226 
2	0.0: 316 780 102 595 868 870 56 206 
2	0.0: 348 777 121 439 853 883 235 225 
2	0.0: 629 783 108 384 859 844 135 185 
0	0.0: 250 739 117 169 832 873 187 278 
0	0.0: 221 855 114 411 859 1050 69 255 
0	0.0: 195 744 124 332 829 910 66 175 
2	0.0: 265 845 83 702 898 889 144 252 
0	0.0: 140 792 131 400 851 1017 65 185 
0	0.0: 160 882 131 319 860 719 3 249 
0	0.0: 33 811 79 626 817 869 135 222 
2	0.0: 443 795 139 178 851 917 57 183 
2	0.0: 461 843 112 146 815 887 239 103 
0	0.0: 239 811 125 286 817 792 172 226 
0	0.0: 228 778 139 314 824 832 167 130 
0	0.0: 216 789 104 373 820 840 111 234 
0	0.0: 194 792 75 124 843 794 89 232 
0	0.0: 1 829 90 420 871 801 201 163 
0	0.0: 202 736 116 407 828 1002 229 275 
2	0.0: 397 777 128 266 816 810 113 191 
0	0.0: 115 785 121 470 838 774 168 184 
2	0.0: 376 789 142 173 855 911 123 210 
0	0.0: 1 817 86 556 822 731 152 205 
0	0.0: 1 796 79 316 843 974 200 218 
2	0.0: 419 752 145 502 846 976 129 224 
0	0.0: 104 737 128 362 840 957 222 145 
0	0.0: 69 715 172 421 846 763 110 234 
0	0.0: 169 807 122 333 813 932 175 165 
0	0.0: 263 734 107 314 798 875 219 235 
2	0.0: 295 758 101 359 828 950 147 228 
2	0.0: 349 768 75 55 851 668 58 111 
0	0.0: 103 752 96 295 831 809 195 247 
2	0.0: 367 796 120 506 854 830 218 177 
2	0.0: 416 794 105 458 851 956 182 232 
0	0.0: 196 768 134 614 838 983 81 247 
0	0.0: 178 800 100 374 842 758 195 222 
2	0.0: 323 727 89 63 842 814 117 209 
2	0.0: 316 745 98 537 875 919 76 290 
0	0.0: 207 822 135 617 819 970 201 226 
0	0.0: 95 772 96 403 878 891 150 237 
0	0.0: 1 801 103 214 893 736 118 221 
2	0.0: 312 786 109 586 845 647 101 231 
0	0.0: 133 758 109 424 828 971 96 180 
0	0.0: 102 793 125 213 855 863 33 189 
0	0.0: 149 848 121 252 867 909 200 158 
0	0.0: 195 799 106 261 814 979 42 220 
0	0.0: 119 762 98 267 816 874 137 167 
0	0.0: 226 780 111 404 856 910 86 186 
0	0.0: 1 760 100 462 841 908 166 255 
2	0.0: 298 743 102 447 833 832 146 244 
0	0.0: 95 766 131 405 859 897 222 170 
2	0.0: 342 775 152 461 883 962 161 290 
2	0.0: 344 784 108 383 822 933 182 236 
0	0.0: 241 846 102 465 870 879 96 250 
2	0.0: 359 791 138 627 868 838 118 198 
0	0.0: 33 795 104 485 861 907 56 186 
2	0.0: 257 782 95 363 864 831 132 246 
0	0.0: 196 837 124 301 873 875 143 196 
2	0.0: 399 801 126 622 862 1095 134 245 
4	0.0: 225 824 132 741 833 809 241 270 
0	0.0: 106 794 114 430 843 1096 54 217 
0	0.0: 1 827 129 436 856 1069 109 272 
0	0.0: 133 718 113 482 816 917 262 211 
0	0.0: 1 821 99 437 822 1018 201 249 
2	0.0: 261 811 104 541 851 967 186 252 
2	0.0: 284 819 103 711 834 983 128 291 
0	0.0: 208 796 105 224 849 858 118 220 
2	0.0: 394 772 146 479 893 887 192 254 
0	0.0: 201 782 148 596 843 1079 71 196 
0	0.0: 276 808 125 344 796 891 142 171 
2	0.0: 214 760 86 645 853 875 238 229 
0	0.0: 227 795 67 214 881 969 93 211 
0	0.0: 95 886 80 206 838 999 103 223 
0	0.0: 10 782 126 374 828 968 122 127 
0	0.0: 223 770 114 253 851 987 70 218 
2	0.0: 391 833 109 572 874 954 215 226 
0	0.0: 157 773 96 317 827 1030 77 193 
0	0.0: 200 830 141 272 834 847 205 272 
2	0.0: 310 829 127 491 832 654 170 225 
2	0.0: 234 777 129 596 860 796 230 257 
0	0.0: 43 806 116 376 803 871 6 272 
2	0.0: 318 899 93 472 869 1130 139 256 
2	0.0: 399 678 96 391 847 931 107 298 
2	0.0: 238 721 112 542 852 931 212 135 
0	0.0: 50 797 133 351 808 876 206 227 
2	0.0: 307 784 117 718 826 975 125 136 
2	0.0: 241 777 117 395 837 947 327 172 
0	0.0: 148 816 109 398 827 887 164 225 
0	0.0: 67 717 90 410 841 994 159 121 
0	0.0: 213 779 143 307 841 861 136 190 
0	0.0: 165 719 103 583 846 827 84 252 
2	0.0: 715 739 75 280 835 885 20 149 
0	0.0: 159 869 110 340 892 851 20 194 
0	0.0: 130 806 91 526 830 885 73 310 
0	0.0: 173 792 120 321 824 768 114 210 
0	0.0: 1 818 134 229 860 997 154 301 
0	0.0: 1 751 127 324 822 938 90 312 
0	0.0: 27 793 103 267 813 763 289 200 
0	0.0: 103 781 60 524 856 901 138 176 
2	0.0: 556 745 128 411 852 817 71 273 
0	0.0: 213 802 96 456 821 909 202 209 
2	0.0: 386 789 100 267 849 871 53 213 
0	0.0: 52 733 89 652 857 944 61 248 
2	0.0: 327 767 75 457 817 846 71 272 
0	0.0: 222 719 114 319 830 1134 147 251 
2	0.0: 380 751 135 372 847 873 93 198 
0	0.0: 164 858 103 100 878 748 86 228 
0	0.0: 260 804 94 631 827 1052 43 267 
2	0.0: 370 740 112 509 860 1030 14 225 
0	0.0: 1 784 119 412 815 973 92 167 
0	0.0: 310 798 112 46 845 909 197 199 
2	0.0: 282 757 104 286 868 796 115 207 
2	0.0: 298 730 96 767 847 1119 149 192 
0	0.0: 230 817 129 569 852 1073 205 278 
2	0.0: 341 812 102 718 834 1010 31 208 
2	0.0: 470 787 82 424 850 814 205 243 
2	0.0: 345 873 123 430 827 944 152 183 
2	0.0: 334 709 120 210 842 876 24 286 
2	0.0: 534 735 116 529 846 1066 261 302 
0	0.0: 74 763 127 37 829 969 177 165 
0	0.0: 1 743 130 455 871 809 92 137 
0	0.0: 1 837 115 319 822 923 205 149 
0	0.0: 178 781 109 446 876 854 124 168 
2	0.0: 434 754 98 398 837 866 132 277 
0	0.0: 107 728 131 384 832 998 112 226 
2	0.0: 462 871 137 462 869 888 50 284 
0	0.0: 148 810 107 381 875 1004 154 187 
0	0.0: 14 738 124 435 845 786 184 188 
2	0.0: 416 693 97 345 872 916 74 162 
0	0.0: 180 795 138 453 868 858 180 253 
2	0.0: 293 768 102 768 860 1073 84 185 
0	0.0: 67 814 116 433 833 864 143 193 
2	0.0: 365 790 123 574 821 897 204 185 
2	0.0: 462 812 116 213 808 943 204 286 
0	0.0: 196 837 100 159 850 988 169 236 
2	0.0: 330 765 106 416 842 870 183 319 
2	0.0: 263 817 124 351 854 803 63 231 
4	0.0: 39 842 132 623 838 824 214 197 
2	0.0: 400 800 102 384 821 718 135 195 
0	0.0: 1 816 113 485 824 810 118 129 
0	0.0: 257 816 80 394 831 803 81 224 
0	0.0: 1 805 85 524 837 870 78 167 
2	0.0: 300 773 90 379 825 887 182 269 
2	0.0: 284 836 112 423 816 975 150 138 
2	0.0: 332 749 122 158 854 824 104 239 
0	0.0: 252 761 99 116 860 832 175 255 
2	0.0: 427 766 141 397 867 767 153 190 
2	0.0: 347 785 121 470 830 786 147 171 
2	0.0: 289 806 116 490 835 934 113 195 
4	0.0: 19 815 91 574 836 975 303 248 
0	0.0: 122 698 97 576 873 939 51 267 
2	0.0: 246 738 121 713 846 800 95 248 
0	0.0: 1 865 132 217 827 914 153 302 
0	0.0: 140 909 72 363 858 1041 233 190 
2	0.0: 233 706 101 417 838 857 215 209 
0	0.0: 195 764 98 452 828 768 179 157 
0	0.0: 222 929 113 346 835 924 160 250 
2	0.0: 244 760 125 604 829 841 39 231 
0	0.0: 229 798 138 366 847 975 128 187 
2	0.0: 384 721 138 246 861 834 32 260 
0	0.0: 20 795 121 348 854 934 145 190 
0	0.0: 182 784 126 663 873 856 193 291 
2	0.0: 190 855 105 579 870 754 205 197 
2	0.0: 265 876 107 535 834 813 135 196 
0	0.0: 102 819 109 307 873 986 45 280 
2	0.0: 255 773 104 589 849 889 140 266 
2	0.0: 368 763 109 65 824 947 195 254 
4	0.0: 73 816 106 628 886 973 206 151 
2	0.0: 313 854 103 500 825 936 93 166 
2	0.0: 278 772 132 573 846 839 126 128 
0	0.0: 109 833 130 482 816 985 190 266 
0	0.0: 225 777 113 259 880 909 262 144 
0	0.0: 1 793 142 420 842 968 178 174 
0	0.0: 95 799 110 340 843 838 209 181 
2	0.0: 293 814 99 440 867 837 138 177 
2	0.0: 389 797 144 200 872 880 56 175 
0	0.0: 44 778 106 362 868 963 75 150 
0	0.0: 30 710 88 328 862 992 60 259 
2	0.0: 338 830 134 180 832 982 135 184 
2	0.0: 334 806 114 519 841 915 112 267 
