1	0.0: 155 423 577 568 444 240 616 267 
1	0.0: 148 552 386 709 504 104 580 239 
1	0.0: 177 555 517 635 501 116 577 253 
1	0.0: 88 614 566 407 355 134 574 284 
1	0.0: 93 583 505 532 420 65 573 221 
1	0.0: 174 561 433 492 608 216 586 280 
1	0.0: 129 591 261 333 642 45 565 168 
1	0.0: 158 527 401 596 364 67 610 389 
1	0.0: 52 537 422 410 461 161 589 458 
1	0.0: 86 499 264 390 507 2 606 310 
1	0.0: 34 513 526 451 571 280 616 244 
1	0.0: 95 513 504 528 420 186 592 257 
1	0.0: 55 531 585 408 501 59 601 269 
1	0.0: 112 583 377 684 397 128 589 329 
1	0.0: 19 461 462 436 586 189 586 280 
1	0.0: 48 534 506 508 329 139 569 253 
1	0.0: 76 542 401 428 547 108 541 342 
1	0.0: 109 510 581 504 117 199 601 248 
1	0.0: 81 568 445 551 193 87 604 345 
1	0.0: 138 558 602 595 140 135 614 257 
1	0.0: 121 526 380 639 538 202 578 232 
1	0.0: 121 551 600 675 336 166 642 188 
1	0.0: 32 545 546 532 132 1 581 183 
1	0.0: 22 521 472 335 376 92 585 154 
1	0.0: 106 498 315 341 422 325 557 347 
1	0.0: 134 537 447 579 478 131 615 416 
1	0.0: 132 556 618 526 413 1 562 336 
1	0.0: 130 482 319 502 542 1 593 244 
1	0.0: 225 588 390 572 82 271 596 333 
1	0.0: 41 515 565 654 558 297 586 361 
1	0.0: 61 490 482 635 544 213 576 277 
1	0.0: 118 541 554 673 351 144 559 267 
1	0.0: 119 590 412 509 414 1 636 275 
1	0.0: 60 535 286 572 253 185 554 211 
1	0.0: 104 545 434 498 448 11 615 301 
1	0.0: 68 511 328 478 336 150 588 293 
1	0.0: 6 568 468 618 577 6 565 435 
1	0.0: 77 637 597 705 324 42 580 274 
1	0.0: 74 499 388 660 160 260 589 462 
1	0.0: 135 558 389 515 118 203 594 281 
1	0.0: 171 512 453 405 320 214 615 308 
1	0.0: 116 524 318 541 215 125 605 302 
1	0.0: 102 548 495 438 231 70 602 231 
1	0.0: 108 586 395 438 628 204 593 237 
1	0.0: 47 560 454 525 381 1 551 317 
1	0.0: 132 654 365 663 230 1 603 326 
1	0.0: 80 570 512 650 325 1 573 333 
1	0.0: 97 536 380 707 26 279 614 355 
1	0.0: 68 532 506 488 199 261 542 403 
1	0.0: 192 524 587 219 344 75 614 340 
1	0.0: 73 576 482 389 430 27 580 268 
1	0.0: 161 514 421 649 485 127 587 264 
1	0.0: 92 528 506 590 501 1 643 371 
1	0.0: 99 538 413 619 298 73 604 336 
1	0.0: 86 527 381 554 464 164 629 396 
1	0.0: 65 539 433 416 549 273 597 255 
1	0.0: 59 514 538 546 285 232 575 271 
1	0.0: 132 535 468 533 763 107 592 352 
1	0.0: 41 540 488 488 335 121 609 271 
1	0.0: 63 523 354 394 434 49 568 307 
1	0.0: 133 586 529 462 506 1 558 352 
1	0.0: 101 504 406 596 434 326 583 216 
1	0.0: 29 540 450 487 355 207 548 224 
1	0.0: 85 550 379 331 328 101 640 300 
1	0.0: 96 532 556 538 406 320 573 135 
1	0.0: 97 527 519 419 501 1 603 330 
1	0.0: 117 522 525 557 19 339 557 332 
1	0.0: 105 560 409 396 527 77 603 312 
1	0.0: 144 530 611 639 567 154 565 350 
1	0.0: 128 564 583 492 489 143 611 337 
1	0.0: 96 556 321 489 213 72 540 300 
1	0.0: 134 540 493 644 305 30 577 266 
1	0.0: 158 603 360 674 320 112 582 317 
1	0.0: 26 589 453 464 178 163 575 297 
1	0.0: 146 549 350 518 293 296 583 413 
1	0.0: 113 515 366 477 197 24 620 360 
1	0.0: 51 522 415 580 323 103 580 258 
1	0.0: 175 569 411 332 286 178 571 332 
1	0.0: 26 583 550 623 585 76 565 349 
1	0.0: 162 466 219 438 519 113 578 366 
1	0.0: 8 554 560 529 497 168 557 275 
1	0.0: 80 469 589 521 514 5 567 300 
1	0.0: 100 539 465 444 245 111 580 231 
1	0.0: 87 537 412 492 251 1 557 291 
1	0.0: 54 585 586 695 239 166 618 232 
1	0.0: 122 531 452 591 391 189 597 274 
1	0.0: 99 533 429 545 451 1 624 277 
1	0.0: 149 542 603 592 488 196 552 230 
1	0.0: 100 608 402 620 797 78 615 312 
1	0.0: 76 555 604 592 148 90 569 311 
1	0.0: 36 558 402 506 367 94 565 240 
1	0.0: 120 551 432 610 462 148 576 299 
1	0.0: 4 596 623 527 370 1 613 266 
1	0.0: 62 566 296 566 498 103 585 389 
1	0.0: 107 563 469 398 536 119 568 328 
1	0.0: 180 511 324 478 206 147 573 332 
1	0.0: 48 510 550 404 288 1 577 303 
1	0.0: 117 553 429 688 178 171 589 200 
1	0.0: 171 585 505 642 319 1 593 337 
1	0.0: 165 549 562 627 638 208 562 220 
1	0.0: 9 530 558 541 457 41 618 281 
1	0.0: 54 558 438 526 242 70 603 272 
1	0.0: 103 478 387 664 538 164 591 349 
1	0.0: 37 522 539 511 389 18 587 185 
1	0.0: 24 518 440 614 497 1 590 251 
1	0.0: 100 496 465 565 498 1 556 268 
1	0.0: 80 609 540 535 505 259 601 238 
1	0.0: 52 524 512 456 676 188 563 195 
1	0.0: 79 537 475 477 241 65 560 283 
1	0.0: 1 538 498 574 228 134 615 332 
1	0.0: 76 538 369 686 460 91 607 336 
1	0.0: 163 593 338 629 385 2 620 405 
1	0.0: 161 470 461 659 158 42 575 296 
1	0.0: 153 542 347 586 432 187 567 344 
1	0.0: 149 549 412 527 374 177 587 343 
1	0.0: 113 551 476 441 203 193 585 351 
1	0.0: 1 554 373 578 444 188 577 245 
1	0.0: 151 432 589 339 342 284 572 149 
1	0.0: 32 587 438 552 365 64 606 300 
1	0.0: 143 530 488 515 469 124 583 315 
1	0.0: 56 567 439 776 302 118 609 218 
1	0.0: 165 522 295 394 245 102 556 265 
1	0.0: 111 476 422 367 523 113 562 281 
1	0.0: 40 561 444 514 201 139 593 298 
1	0.0: 188 616 525 626 310 17 601 269 
1	0.0: 138 547 332 324 510 98 572 307 
1	0.0: 101 498 592 583 339 1 611 290 
1	0.0: 195 514 602 431 412 32 560 272 
1	0.0: 41 551 502 436 409 22 603 217 
1	0.0: 46 536 518 552 696 303 569 211 
1	0.0: 38 551 563 608 370 106 583 181 
1	0.0: 46 545 560 630 486 117 601 187 
1	0.0: 95 468 551 452 315 164 571 373 
1	0.0: 24 587 632 371 440 136 590 272 
1	0.0: 47 526 341 612 305 239 617 292 
1	0.0: 110 560 503 317 229 158 623 279 
1	0.0: 1 517 506 645 348 145 632 344 
1	0.0: 154 493 600 366 271 103 634 288 
1	0.0: 178 486 404 347 594 53 606 277 
1	0.0: 132 561 597 632 448 168 611 269 
1	0.0: 29 506 374 513 206 202 601 469 
1	0.0: 168 522 302 495 393 148 587 268 
1	0.0: 7 528 458 524 713 74 591 334 
1	0.0: 148 571 283 577 338 132 614 236 
1	0.0: 160 604 555 555 435 1 621 283 
1	0.0: 101 502 447 319 426 177 563 319 
1	0.0: 137 566 495 431 238 188 589 200 
1	0.0: 122 584 545 684 379 86 591 258 
1	0.0: 80 542 479 656 451 262 606 371 
1	0.0: 64 535 510 346 671 203 596 368 
1	0.0: 82 471 359 603 430 1 628 319 
1	0.0: 21 577 419 471 352 192 600 358 
1	0.0: 74 572 446 508 342 1 624 230 
1	0.0: 44 501 266 519 416 57 591 363 
1	0.0: 81 493 400 396 370 169 561 375 
1	0.0: 125 513 452 706 493 51 575 224 
1	0.0: 131 522 485 829 491 139 595 304 
1	0.0: 147 500 530 667 439 125 580 421 
1	0.0: 110 544 488 670 374 75 613 158 
1	0.0: 98 528 435 628 547 159 570 189 
1	0.0: 24 599 442 533 590 141 597 242 
1	0.0: 110 548 424 336 197 195 613 272 
1	0.0: 119 548 443 338 561 354 596 158 
1	0.0: 14 553 357 588 118 154 573 236 
1	0.0: 49 559 457 606 347 250 585 383 
1	0.0: 106 582 545 400 313 119 617 316 
1	0.0: 79 514 734 615 299 106 614 269 
1	0.0: 148 516 505 559 279 58 572 274 
1	0.0: 131 517 490 466 450 220 556 308 
1	0.0: 1 523 374 693 267 96 560 212 
1	0.0: 64 538 377 445 93 138 581 412 
1	0.0: 74 549 448 458 368 404 555 336 
1	0.0: 96 526 448 492 370 46 632 220 
1	0.0: 90 495 248 708 263 91 620 128 
1	0.0: 74 485 455 388 239 245 612 348 
1	0.0: 42 516 498 521 642 118 584 226 
1	0.0: 118 518 454 674 45 26 562 295 
1	0.0: 61 603 430 632 496 148 609 272 
1	0.0: 65 568 537 602 543 197 603 355 
1	0.0: 1 538 567 704 286 272 594 338 
1	0.0: 127 529 655 374 370 187 567 411 
1	0.0: 170 509 443 613 679 317 560 297 
1	0.0: 27 526 398 392 444 168 606 316 
1	0.0: 45 566 579 403 462 160 602 360 
1	0.0: 40 518 504 368 452 99 551 177 
1	0.0: 148 472 411 629 646 173 606 397 
1	0.0: 90 546 563 459 342 63 604 322 
1	0.0: 102 499 406 312 548 243 619 299 
1	0.0: 136 564 431 564 182 146 596 335 
1	0.0: 105 531 476 560 544 183 583 307 
1	0.0: 57 519 417 657 262 205 608 225 
1	0.0: 52 561 386 495 239 162 591 303 
1	0.0: 110 566 569 651 638 285 655 289 
1	0.0: 107 556 320 602 341 245 614 202 
1	0.0: 74 480 397 723 498 246 570 302 
1	0.0: 79 490 543 432 500 111 587 341 
1	0.0: 26 545 381 340 240 54 553 281 
1	0.0: 111 561 438 609 350 39 588 398 
1	0.0: 65 539 493 790 486 1 584 351 
1	0.0: 40 558 463 545 405 1 605 309 
1	0.0: 115 497 540 601 199 274 578 270 
1	0.0: 57 539 341 452 438 143 554 313 
1	0.0: 145 483 347 496 260 83 605 327 
1	0.0: 41 537 564 517 745 181 606 105 
1	0.0: 128 567 448 688 515 255 596 237 
1	0.0: 55 532 505 258 356 134 607 294 
1	0.0: 129 638 422 521 245 162 644 159 
1	0.0: 1 525 375 527 449 176 596 272 
1	0.0: 54 516 489 534 572 214 584 254 
1	0.0: 104 540 697 536 529 274 548 385 
1	0.0: 128 560 375 514 432 23 563 290 
1	0.0: 68 563 523 459 404 162 595 413 
1	0.0: 127 511 359 528 464 155 594 297 
1	0.0: 20 466 434 385 322 189 583 335 
1	0.0: 152 528 411 606 498 47 575 373 
1	0.0: 109 464 365 457 546 9 622 155 
1	0.0: 63 468 460 507 502 40 608 234 
1	0.0: 79 551 476 517 691 1 599 368 
1	0.0: 41 504 476 463 509 38 591 293 
1	0.0: 34 547 505 455 436 192 565 362 
1	0.0: 89 522 562 517 458 207 586 387 
1	0.0: 165 565 382 713 507 86 621 333 
1	0.0: 174 559 421 400 602 73 619 266 
1	0.0: 79 474 390 619 392 158 589 428 
1	0.0: 35 505 336 771 366 112 596 266 
1	0.0: 104 518 403 425 677 182 575 335 
1	0.0: 23 519 372 604 356 94 596 290 
1	0.0: 77 541 423 432 285 83 578 294 
1	0.0: 60 567 524 525 448 1 600 388 
1	0.0: 41 509 391 538 737 271 610 367 
1	0.0: 118 505 662 559 476 107 606 340 
1	0.0: 57 528 434 520 377 234 565 362 
1	0.0: 66 630 343 558 490 275 594 323 
1	0.0: 115 568 331 631 426 144 636 388 
1	0.0: 31 565 335 499 586 264 627 191 
1	0.0: 12 550 629 371 391 170 582 313 
1	0.0: 1 547 448 496 526 100 555 318 
1	0.0: 42 519 380 495 569 1 562 317 
1	0.0: 83 512 594 623 432 270 557 257 
1	0.0: 55 602 321 417 249 143 576 320 
1	0.0: 89 590 323 470 144 191 618 332 
1	0.0: 106 555 319 461 172 258 589 216 
1	0.0: 91 550 594 466 292 273 582 402 
1	0.0: 1 534 537 364 306 45 610 244 
1	0.0: 139 547 364 494 214 135 590 217 
1	0.0: 79 500 561 510 280 294 606 222 
1	0.0: 1 529 378 514 440 72 600 282 
1	0.0: 40 470 522 658 320 12 573 156 
1	0.0: 119 518 479 539 442 326 568 227 
1	0.0: 148 471 390 500 249 304 621 281 
1	0.0: 1 560 408 577 182 59 607 318 
1	0.0: 178 495 298 499 348 134 587 302 
1	0.0: 81 560 492 371 427 253 571 127 
1	0.0: 66 534 465 559 507 102 588 356 
1	0.0: 192 451 456 427 324 1 549 213 
1	0.0: 177 587 530 538 252 88 598 220 
1	0.0: 171 523 500 462 135 91 572 466 
1	0.0: 105 513 479 485 463 163 591 377 
1	0.0: 129 568 611 457 522 220 579 313 
1	0.0: 92 626 279 508 554 172 589 306 
1	0.0: 95 517 408 553 480 86 603 281 
1	0.0: 38 555 322 360 491 1 579 239 
1	0.0: 111 546 453 533 490 51 571 238 
1	0.0: 53 510 542 548 666 81 610 289 
1	0.0: 92 574 368 549 286 235 619 272 
1	0.0: 68 539 523 512 359 214 607 145 
1	0.0: 48 622 384 488 515 219 584 371 
1	0.0: 231 525 432 568 579 206 599 257 
1	0.0: 70 482 489 707 685 199 595 404 
1	0.0: 102 594 359 555 307 149 626 302 
1	0.0: 69 467 550 510 185 90 561 148 
1	0.0: 125 503 693 544 222 71 580 330 
1	0.0: 39 478 481 410 346 43 585 310 
1	0.0: 225 525 446 553 295 141 565 211 
1	0.0: 100 567 543 418 356 69 603 375 
1	0.0: 199 527 528 562 479 44 562 218 
1	0.0: 20 513 547 472 363 202 591 321 
1	0.0: 5 513 412 639 330 141 608 268 
1	0.0: 129 501 460 663 185 77 618 295 
1	0.0: 75 559 519 513 294 174 626 222 
1	0.0: 38 538 622 546 332 129 545 327 
1	0.0: 158 564 585 523 342 172 600 266 
1	0.0: 137 520 524 381 415 84 567 316 
1	0.0: 121 521 495 620 91 1 592 273 
1	0.0: 62 447 417 695 356 141 554 233 
1	0.0: 36 523 458 579 260 205 592 275 
1	0.0: 108 533 385 502 389 85 598 257 
1	0.0: 36 522 686 547 268 135 593 293 
1	0.0: 64 518 588 595 720 1 616 431 
1	0.0: 1 528 524 517 530 1 611 336 
1	0.0: 37 467 511 376 256 26 563 190 
1	0.0: 109 539 367 573 64 181 566 290 
1	0.0: 116 542 383 430 181 197 595 231 
1	0.0: 62 540 415 557 350 186 555 242 
1	0.0: 133 547 438 522 1 175 587 239 
1	0.0: 111 544 607 632 259 1 584 256 
1	0.0: 145 487 526 634 456 214 591 357 
1	0.0: 87 445 285 531 115 142 618 313 
1	0.0: 60 551 420 571 276 158 595 338 
1	0.0: 113 534 366 368 326 1 548 233 
1	0.0: 26 520 434 614 207 226 607 308 
1	0.0: 1 527 399 697 446 138 582 308 
1	0.0: 97 581 302 734 279 156 579 289 
1	0.0: 65 520 546 482 435 147 617 216 
1	0.0: 165 480 527 452 175 70 601 284 
1	0.0: 100 488 250 546 375 238 630 410 
1	0.0: 1 607 480 535 565 147 606 138 
1	0.0: 87 528 410 582 530 111 574 276 
1	0.0: 133 526 357 534 238 53 594 196 
1	0.0: 76 532 679 540 399 234 591 291 
1	0.0: 113 521 476 554 402 41 596 386 
1	0.0: 61 492 434 483 558 1 611 136 
1	0.0: 121 505 528 566 431 267 578 228 
1	0.0: 138 566 608 577 754 218 605 440 
1	0.0: 56 566 361 353 98 31 582 343 
1	0.0: 126 510 538 488 403 113 574 228 
1	0.0: 135 537 482 623 668 226 609 274 
1	0.0: 125 501 391 473 173 129 622 308 
1	0.0: 89 541 580 492 399 150 598 224 
1	0.0: 21 543 508 559 323 164 576 225 
1	0.0: 101 535 522 611 330 132 619 210 
1	0.0: 6 531 369 714 343 140 591 339 
1	0.0: 43 566 388 470 120 76 555 333 
1	0.0: 193 497 458 430 83 180 612 317 
1	0.0: 127 574 479 580 1 13 592 345 
1	0.0: 97 572 491 639 257 292 567 184 
1	0.0: 79 562 545 571 456 20 597 234 
1	0.0: 40 511 433 481 281 203 605 261 
1	0.0: 107 514 424 526 439 62 595 223 
1	0.0: 58 565 353 554 326 18 595 351 
1	0.0: 40 574 483 682 80 113 619 304 
1	0.0: 102 512 465 561 410 1 581 196 
1	0.0: 95 498 496 410 420 46 635 344 
1	0.0: 1 496 373 675 457 36 579 285 
1	0.0: 84 559 563 507 516 153 574 153 
1	0.0: 77 500 533 620 414 114 583 115 
1	0.0: 59 484 385 486 524 202 585 211 
1	0.0: 98 538 399 635 360 229 614 386 
1	0.0: 79 563 473 584 612 213 575 224 
1	0.0: 60 534 318 528 234 119 554 198 
1	0.0: 152 481 277 501 220 69 581 413 
1	0.0: 85 492 537 583 873 111 602 293 
1	0.0: 131 471 542 548 314 159 635 383 
1	0.0: 79 479 413 514 290 332 604 254 
1	0.0: 114 523 499 516 401 203 618 318 
1	0.0: 97 529 531 438 610 160 580 328 
1	0.0: 116 548 503 646 646 84 607 133 
1	0.0: 50 517 350 453 427 83 619 249 
1	0.0: 137 526 445 520 666 64 594 245 
1	0.0: 96 563 576 441 380 1 607 221 
1	0.0: 64 618 525 612 725 120 586 315 
1	0.0: 100 586 482 481 458 354 597 255 
1	0.0: 13 612 398 586 463 1 575 291 
1	0.0: 123 570 343 528 687 6 584 342 
1	0.0: 116 546 444 526 445 160 570 343 
1	0.0: 51 510 513 712 143 123 624 98 
1	0.0: 1 547 690 555 472 189 581 313 
1	0.0: 90 614 427 588 229 116 582 344 
1	0.0: 182 530 304 500 522 195 565 243 
1	0.0: 18 547 521 552 171 1 586 203 
1	0.0: 82 527 365 551 620 132 621 324 
1	0.0: 36 473 385 430 229 54 609 437 
1	0.0: 58 514 528 501 340 188 598 362 
1	0.0: 135 527 304 455 386 134 558 282 
1	0.0: 77 491 418 527 153 129 605 258 
1	0.0: 78 544 327 680 226 99 589 297 
1	0.0: 33 543 395 393 237 60 605 338 
1	0.0: 154 515 331 387 793 152 592 295 
1	0.0: 5 538 499 402 225 1 576 177 
1	0.0: 108 526 379 247 411 1 571 208 
1	0.0: 189 579 355 527 661 44 600 316 
1	0.0: 9 535 672 667 283 103 597 390 
1	0.0: 112 532 429 496 546 95 577 413 
1	0.0: 15 526 262 678 502 141 585 222 
1	0.0: 137 574 555 636 228 253 623 207 
1	0.0: 165 500 427 358 1 230 598 237 
1	0.0: 132 585 342 457 190 298 577 296 
1	0.0: 102 582 503 673 654 86 571 205 
1	0.0: 121 454 509 614 292 200 609 271 
1	0.0: 145 513 267 562 427 151 604 301 
1	0.0: 9 486 471 349 432 63 621 287 
1	0.0: 97 466 506 544 349 133 623 350 
1	0.0: 94 534 416 504 336 76 574 313 
1	0.0: 88 448 508 500 1 55 600 230 
1	0.0: 78 567 342 541 401 66 538 153 
1	0.0: 124 529 329 542 136 177 582 279 
1	0.0: 28 510 425 576 202 36 561 212 
1	0.0: 76 535 450 610 354 161 606 298 
1	0.0: 86 520 487 735 483 216 575 327 
1	0.0: 12 521 372 500 664 297 590 247 
1	0.0: 1 542 557 533 355 212 609 204 
1	0.0: 22 524 551 637 201 135 587 217 
1	0.0: 77 528 523 392 320 123 599 327 
1	0.0: 12 515 426 500 499 64 657 321 
1	0.0: 105 496 549 718 492 169 615 247 
1	0.0: 29 543 424 648 445 77 593 466 
1	0.0: 69 507 423 317 671 212 573 300 
1	0.0: 186 549 419 469 613 357 622 248 
1	0.0: 82 555 426 572 118 115 538 264 
1	0.0: 65 571 556 459 155 162 614 269 
1	0.0: 33 558 270 537 326 11 578 312 
1	0.0: 130 559 491 557 327 149 574 260 
1	0.0: 129 610 565 616 360 194 610 239 
1	0.0: 37 499 490 608 168 55 561 268 
1	0.0: 1 518 431 446 474 177 595 210 
1	0.0: 85 517 301 748 542 292 592 289 
1	0.0: 61 522 449 612 386 135 625 321 
1	0.0: 137 523 688 327 615 279 605 236 
1	0.0: 48 584 468 687 486 60 607 374 
1	0.0: 48 479 534 498 348 142 610 295 
1	0.0: 37 535 509 447 506 3 586 294 
1	0.0: 165 498 553 532 397 149 645 337 
1	0.0: 1 451 437 646 102 141 572 276 
1	0.0: 111 548 384 465 441 124 611 333 
1	0.0: 90 464 563 624 209 162 593 324 
1	0.0: 63 512 450 544 387 287 569 174 
1	0.0: 102 524 503 387 537 240 616 383 
1	0.0: 1 495 411 365 260 77 605 295 
1	0.0: 84 518 383 626 298 148 567 278 
1	0.0: 97 535 356 398 717 107 590 192 
1	0.0: 112 579 331 414 529 1 582 186 
1	0.0: 75 599 544 360 647 246 608 367 
1	0.0: 198 496 370 578 583 28 607 185 
1	0.0: 1 555 472 497 427 355 625 244 
1	0.0: 102 586 436 459 327 179 593 209 
1	0.0: 191 466 342 615 344 116 585 220 
1	0.0: 96 528 462 664 647 218 586 316 
1	0.0: 34 546 286 507 436 153 602 236 
1	0.0: 71 449 674 595 500 190 610 227 
1	0.0: 66 530 459 619 550 274 588 261 
1	0.0: 107 546 472 417 439 203 572 251 
1	0.0: 1 556 358 574 619 36 537 238 
1	0.0: 67 550 400 451 392 56 609 300 
1	0.0: 28 565 502 457 653 118 632 296 
1	0.0: 179 550 377 411 493 19 577 279 
1	0.0: 102 608 620 451 448 271 541 162 
1	0.0: 7 574 293 511 300 203 617 370 
1	0.0: 130 579 467 705 496 1 594 294 
1	0.0: 203 542 566 666 782 87 625 256 
1	0.0: 184 489 431 518 496 241 601 329 
1	0.0: 163 557 503 585 113 70 622 373 
1	0.0: 90 533 570 579 446 21 598 358 
1	0.0: 133 606 441 527 526 152 595 229 
1	0.0: 84 525 376 607 205 69 609 287 
1	0.0: 144 512 514 668 292 138 593 274 
1	0.0: 118 558 621 317 268 1 627 247 
1	0.0: 18 521 439 591 283 131 635 351 
1	0.0: 60 542 589 543 417 144 625 230 
1	0.0: 251 583 555 399 602 2 634 299 
1	0.0: 36 573 384 634 484 90 616 315 
1	0.0: 125 529 390 580 448 227 563 313 
1	0.0: 101 598 485 413 360 186 605 250 
1	0.0: 101 546 342 541 140 157 573 183 
1	0.0: 56 538 504 507 389 266 557 349 
1	0.0: 130 508 518 470 561 94 586 217 
1	0.0: 107 522 536 515 265 166 564 275 
1	0.0: 42 565 530 616 201 180 574 190 
1	0.0: 52 563 358 607 563 173 576 143 
1	0.0: 130 576 487 436 370 186 555 162 
1	0.0: 50 551 576 703 409 149 613 208 
1	0.0: 182 587 465 559 319 143 617 254 
1	0.0: 84 545 453 351 473 278 568 353 
1	0.0: 69 543 535 567 264 119 591 325 
1	0.0: 106 495 391 660 107 86 601 374 
1	0.0: 146 573 589 580 332 221 570 350 
1	0.0: 48 480 478 462 487 1 641 404 
1	0.0: 133 514 506 569 342 186 605 421 
1	0.0: 25 478 475 496 273 124 551 328 
1	0.0: 51 541 397 529 514 93 595 311 
1	0.0: 165 535 397 572 352 257 628 302 
1	0.0: 61 542 382 394 675 265 624 259 
1	0.0: 152 560 316 353 252 73 608 402 
1	0.0: 127 556 247 349 306 107 587 357 
1	0.0: 46 579 584 371 538 83 601 288 
1	0.0: 175 593 470 681 25 137 573 272 
1	0.0: 100 500 448 354 478 190 577 274 
1	0.0: 16 625 357 676 564 71 558 272 
1	0.0: 51 581 498 600 561 239 602 197 
1	0.0: 144 518 275 561 82 229 566 300 
1	0.0: 206 549 414 427 196 96 639 213 
1	0.0: 145 515 479 567 589 177 610 340 
1	0.0: 148 547 363 635 325 339 558 274 
1	0.0: 100 539 590 553 674 23 570 329 
1	0.0: 143 535 673 464 622 134 612 282 
1	0.0: 1 510 401 531 231 119 615 358 
1	0.0: 132 538 468 593 164 7 616 312 
1	0.0: 146 579 550 255 532 93 611 238 
1	0.0: 91 579 521 470 326 32 573 249 
1	0.0: 30 531 606 649 387 139 599 341 
1	0.0: 77 565 545 599 218 107 624 351 
1	0.0: 122 467 598 420 502 87 630 273 
1	0.0: 111 556 583 624 280 84 624 326 
1	0.0: 13 561 435 367 237 99 602 279 
1	0.0: 45 526 349 447 1 313 556 318 
1	0.0: 95 494 397 561 582 233 586 304 
1	0.0: 86 496 575 429 550 263 559 289 
1	0.0: 15 539 516 416 444 223 615 284 
1	0.0: 78 486 388 464 267 304 586 338 
1	0.0: 29 611 592 447 581 81 634 227 
1	0.0: 70 489 380 495 603 89 632 284 
1	0.0: 116 622 626 414 445 275 610 202 
1	0.0: 98 568 413 526 554 184 593 361 
1	0.0: 73 543 319 646 454 45 612 108 
1	0.0: 27 487 402 369 347 149 567 278 
1	0.0: 137 591 573 568 359 92 598 245 
1	0.0: 140 570 542 507 367 138 569 252 
1	0.0: 127 512 314 446 558 242 602 169 
1	0.0: 142 478 441 506 1 114 588 265 
1	0.0: 12 516 598 619 555 240 591 264 
1	0.0: 5 555 628 558 449 289 573 315 
1	0.0: 138 512 378 503 144 1 626 377 
1	0.0: 161 510 422 503 505 116 593 284 
1	0.0: 131 540 329 546 576 252 610 285 
1	0.0: 13 499 403 500 379 60 592 292 
1	0.0: 91 462 516 348 461 319 617 378 
1	0.0: 76 549 637 506 98 218 608 281 
1	0.0: 94 543 239 647 507 141 578 272 
1	0.0: 128 588 466 516 84 204 598 192 
1	0.0: 129 478 449 649 180 195 570 348 
1	0.0: 98 561 279 505 590 126 608 239 
1	0.0: 74 507 662 566 559 4 586 245 
1	0.0: 39 514 484 682 394 91 583 379 
1	0.0: 73 533 430 344 349 97 622 262 
1	0.0: 70 555 447 446 643 196 591 293 
1	0.0: 54 524 507 598 271 97 601 339 
1	0.0: 155 572 401 580 446 123 622 361 
1	0.0: 16 611 691 544 406 130 582 215 
1	0.0: 60 480 325 460 456 130 613 300 
1	0.0: 62 587 352 478 600 192 594 148 
1	0.0: 128 523 600 378 678 127 613 378 
1	0.0: 138 557 445 534 273 39 555 357 
1	0.0: 79 492 428 548 364 1 596 256 
1	0.0: 36 573 508 463 786 121 566 268 
1	0.0: 153 511 401 646 186 247 592 333 
1	0.0: 100 512 589 395 354 58 601 301 
1	0.0: 112 561 529 597 377 173 560 230 
1	0.0: 60 583 444 384 286 293 591 383 
1	0.0: 87 544 418 580 397 30 587 217 
1	0.0: 1 537 460 529 234 73 591 264 
1	0.0: 58 582 588 620 100 112 611 331 
1	0.0: 75 500 445 536 417 175 594 159 
1	0.0: 42 520 473 575 343 226 588 306 
1	0.0: 173 596 560 549 365 77 573 203 
1	0.0: 54 460 531 334 195 200 604 249 
1	0.0: 64 583 491 613 66 231 605 249 
1	0.0: 160 575 558 629 582 287 618 290 
1	0.0: 113 457 384 473 510 22 616 285 
1	0.0: 85 490 574 689 267 57 616 386 
1	0.0: 141 526 293 833 720 71 553 186 
1	0.0: 44 535 468 625 316 174 614 378 
1	0.0: 97 496 403 320 449 101 604 265 
1	0.0: 36 567 384 316 410 165 573 274 
1	0.0: 203 582 564 570 352 160 590 293 
1	0.0: 33 511 447 478 622 248 586 312 
1	0.0: 123 545 514 656 332 105 570 251 
1	0.0: 51 635 485 590 466 22 584 361 
1	0.0: 156 570 387 547 174 203 583 391 
1	0.0: 163 562 536 475 711 2 582 344 
1	0.0: 125 556 395 366 296 1 579 336 
1	0.0: 95 599 366 516 408 168 613 288 
1	0.0: 96 525 435 534 365 228 592 267 
1	0.0: 100 499 516 265 622 8 609 373 
1	0.0: 76 492 751 389 330 307 589 235 
1	0.0: 75 536 526 555 226 138 582 398 
1	0.0: 90 578 454 515 116 48 586 372 
1	0.0: 70 527 419 453 273 255 600 255 
1	0.0: 106 529 357 386 467 208 598 317 
1	0.0: 90 497 443 664 404 128 564 242 
1	0.0: 118 591 465 780 453 1 606 348 
1	0.0: 146 485 277 420 404 213 581 362 
1	0.0: 63 501 255 493 376 101 592 495 
1	0.0: 49 520 555 587 467 94 615 354 
1	0.0: 39 574 510 699 526 268 585 221 
1	0.0: 110 539 407 533 301 92 592 275 
1	0.0: 91 514 498 384 512 106 570 198 
1	0.0: 95 621 336 632 347 185 589 236 
1	0.0: 62 558 163 460 262 242 560 328 
1	0.0: 81 523 581 557 411 186 618 370 
1	0.0: 78 556 615 590 493 19 617 342 
1	0.0: 61 498 512 512 83 46 587 348 
1	0.0: 76 591 426 431 229 206 569 286 
1	0.0: 1 515 351 392 321 113 576 184 
1	0.0: 40 614 333 524 357 24 596 322 
1	0.0: 1 501 455 608 198 146 567 195 
1	0.0: 131 534 445 534 629 113 574 309 
1	0.0: 155 597 449 470 507 145 637 348 
1	0.0: 83 522 488 499 371 495 597 260 
1	0.0: 56 583 346 567 486 308 561 311 
1	0.0: 120 549 474 511 396 294 584 102 
1	0.0: 90 563 441 334 409 256 551 282 
1	0.0: 140 490 460 512 384 80 610 199 
1	0.0: 68 501 315 485 599 48 590 279 
1	0.0: 169 521 590 459 325 136 622 257 
1	0.0: 180 566 423 487 429 301 551 336 
1	0.0: 39 538 368 480 476 147 612 338 
1	0.0: 107 522 402 537 274 111 585 306 
1	0.0: 96 520 316 506 508 231 606 378 
1	0.0: 71 545 548 375 333 250 570 300 
1	0.0: 29 534 260 298 168 259 557 299 
1	0.0: 117 556 569 476 630 135 583 281 
1	0.0: 74 579 487 517 385 160 582 210 
1	0.0: 130 535 519 677 92 196 578 294 
1	0.0: 119 531 338 508 443 1 613 328 
1	0.0: 102 595 531 519 738 18 612 384 
1	0.0: 119 516 500 336 687 90 564 370 
1	0.0: 136 523 605 520 47 207 570 297 
1	0.0: 199 579 354 729 382 1 570 280 
1	0.0: 100 509 525 497 409 87 618 285 
1	0.0: 75 582 480 583 547 226 620 320 
1	0.0: 62 569 579 606 451 155 577 366 
1	0.0: 1 549 398 657 399 232 603 108 
1	0.0: 1 538 445 580 310 389 565 242 
1	0.0: 153 487 505 441 782 109 591 189 
1	0.0: 60 558 397 618 368 95 574 267 
1	0.0: 105 515 548 567 425 182 551 335 
1	0.0: 91 544 680 555 296 143 578 311 
1	0.0: 114 581 418 548 485 229 572 253 
1	0.0: 144 521 507 478 773 54 606 352 
1	0.0: 83 525 591 581 542 114 616 241 
1	0.0: 57 533 393 684 511 160 591 468 
1	0.0: 1 538 443 688 733 1 582 273 
1	0.0: 77 528 309 509 681 210 603 277 
1	0.0: 9 496 512 649 658 182 584 237 
1	0.0: 201 462 416 496 329 62 559 277 
1	0.0: 53 482 514 333 633 57 631 322 
1	0.0: 125 511 480 515 737 118 594 373 
1	0.0: 128 552 533 387 182 159 592 370 
1	0.0: 182 577 437 412 487 355 598 382 
1	0.0: 142 534 519 515 394 79 547 302 
1	0.0: 105 534 507 643 506 1 590 350 
1	0.0: 79 521 388 550 466 165 604 340 
1	0.0: 69 526 556 682 504 14 605 326 
1	0.0: 84 557 292 463 678 17 627 322 
1	0.0: 69 560 447 445 318 1 565 260 
1	0.0: 44 535 620 453 312 165 593 354 
1	0.0: 138 568 494 545 378 81 585 268 
1	0.0: 142 528 508 649 372 183 612 261 
1	0.0: 99 568 495 417 507 131 553 293 
1	0.0: 135 549 424 580 301 254 587 329 
1	0.0: 38 579 318 497 459 80 565 396 
1	0.0: 140 531 331 645 357 135 576 207 
1	0.0: 4 540 341 479 279 77 629 348 
1	0.0: 196 535 521 466 313 219 607 175 
1	0.0: 109 555 397 648 485 194 646 364 
1	0.0: 48 496 429 621 733 72 585 275 
1	0.0: 25 523 381 559 539 18 599 325 
1	0.0: 179 508 572 782 526 19 584 289 
1	0.0: 68 505 314 793 197 50 598 404 
1	0.0: 82 514 599 622 303 139 561 283 
1	0.0: 1 547 361 516 419 9 610 242 
1	0.0: 214 547 343 407 492 106 578 240 
1	0.0: 125 538 423 313 1 84 595 267 
1	0.0: 121 550 466 385 225 41 592 390 
1	0.0: 64 515 530 558 394 32 611 315 
1	0.0: 30 528 388 736 523 1 575 329 
1	0.0: 116 488 538 513 230 99 585 197 
1	0.0: 1 471 549 411 406 134 566 351 
1	0.0: 1 500 468 639 248 1 540 211 
1	0.0: 31 547 488 322 644 117 576 430 
1	0.0: 179 569 579 519 260 235 579 143 
1	0.0: 113 576 513 510 468 153 605 393 
1	0.0: 82 576 438 560 492 201 618 252 
1	0.0: 38 518 396 419 472 194 575 299 
1	0.0: 68 520 456 528 264 265 594 393 
1	0.0: 107 554 473 554 1 232 612 379 
1	0.0: 78 548 390 555 326 113 567 416 
1	0.0: 119 548 465 458 934 228 599 293 
1	0.0: 128 553 349 458 519 65 581 296 
1	0.0: 120 526 508 569 410 142 636 311 
1	0.0: 162 536 410 501 494 242 616 248 
1	0.0: 195 478 517 653 509 241 601 229 
1	0.0: 156 541 416 540 608 37 539 320 
1	0.0: 74 545 445 447 425 188 599 242 
1	0.0: 44 482 432 364 466 3 581 323 
1	0.0: 58 538 605 641 1 1 602 291 
1	0.0: 1 557 477 541 443 10 570 255 
1	0.0: 6 512 408 601 1 162 563 312 
1	0.0: 64 529 467 518 445 238 581 187 
1	0.0: 122 511 423 440 541 251 583 272 
1	0.0: 49 568 489 506 167 293 586 219 
1	0.0: 157 582 313 150 430 124 607 259 
1	0.0: 146 450 382 446 503 198 572 302 
1	0.0: 1 556 230 533 246 1 584 288 
1	0.0: 157 485 455 420 562 75 596 229 
1	0.0: 158 507 453 468 461 177 605 262 
1	0.0: 173 547 415 512 665 243 598 336 
1	0.0: 181 632 431 596 426 160 542 186 
1	0.0: 29 567 518 630 430 164 564 325 
1	0.0: 7 604 447 348 519 105 603 265 
1	0.0: 62 541 341 515 540 87 631 390 
1	0.0: 41 540 338 437 112 143 599 312 
1	0.0: 71 544 473 501 1 1 581 306 
1	0.0: 76 468 513 670 514 248 570 355 
1	0.0: 176 538 535 560 355 91 598 267 
1	0.0: 58 557 468 413 477 162 575 245 
1	0.0: 98 528 401 240 382 75 617 239 
1	0.0: 75 530 549 530 230 36 593 390 
1	0.0: 191 508 477 596 498 246 558 311 
1	0.0: 199 494 422 693 566 158 554 277 
1	0.0: 158 565 525 417 459 20 617 302 
1	0.0: 115 471 424 581 440 92 591 198 
1	0.0: 147 528 413 492 518 131 637 341 
1	0.0: 39 488 573 584 423 263 625 384 
1	0.0: 31 519 590 372 416 119 552 353 
1	0.0: 44 558 464 434 439 134 590 296 
1	0.0: 136 548 473 389 153 21 563 302 
1	0.0: 136 518 427 332 190 84 560 332 
1	0.0: 102 509 191 448 462 93 592 247 
1	0.0: 130 577 352 619 212 56 548 204 
1	0.0: 68 493 431 568 699 61 602 251 
1	0.0: 49 615 623 292 655 129 634 334 
1	0.0: 146 553 489 595 285 294 626 287 
1	0.0: 171 515 295 606 309 193 594 337 
1	0.0: 175 627 496 465 323 174 604 310 
1	0.0: 82 536 370 456 215 259 597 194 
1	0.0: 112 498 406 576 636 199 562 386 
1	0.0: 46 522 322 746 255 89 613 312 
1	0.0: 50 530 485 243 820 155 551 306 
1	0.0: 88 520 482 494 365 152 637 353 
1	0.0: 44 531 413 389 225 299 533 278 
1	0.0: 75 547 459 415 187 125 549 200 
1	0.0: 140 523 504 582 608 167 585 301 
1	0.0: 176 604 529 360 447 11 567 292 
1	0.0: 224 603 447 544 550 254 547 302 
1	0.0: 60 545 329 532 460 148 600 303 
1	0.0: 22 457 434 413 434 186 621 366 
1	0.0: 88 523 432 473 329 1 565 381 
1	0.0: 17 551 402 608 630 171 574 314 
1	0.0: 16 473 544 633 365 1 626 248 
1	0.0: 48 457 552 479 503 33 572 285 
1	0.0: 120 502 492 546 519 55 602 276 
1	0.0: 100 515 540 539 657 148 560 314 
1	0.0: 128 468 573 516 139 19 570 341 
1	0.0: 28 530 369 586 253 220 637 301 
1	0.0: 115 515 266 684 458 67 620 226 
1	0.0: 123 525 421 305 326 169 605 166 
1	0.0: 138 516 503 655 164 148 621 304 
1	0.0: 114 471 398 530 431 24 580 317 
1	0.0: 104 570 391 390 411 439 647 341 
1	0.0: 117 524 424 477 409 162 591 277 
1	0.0: 84 517 612 567 458 1 601 396 
1	0.0: 124 562 593 642 316 1 589 347 
1	0.0: 125 545 511 518 281 100 616 378 
1	0.0: 54 547 543 505 583 197 605 192 
1	0.0: 69 545 584 686 358 100 599 438 
1	0.0: 141 520 392 388 588 141 608 320 
1	0.0: 50 555 716 535 472 164 626 227 
1	0.0: 177 485 290 643 300 191 568 303 
1	0.0: 186 543 475 487 407 45 596 218 
1	0.0: 63 573 468 521 356 27 591 210 
1	0.0: 136 605 428 331 301 129 579 308 
1	0.0: 1 522 381 437 515 1 611 318 
1	0.0: 153 542 496 683 159 246 594 245 
1	0.0: 20 515 384 619 412 160 606 295 
1	0.0: 67 464 445 551 603 267 577 319 
1	0.0: 144 563 655 600 320 165 604 265 
1	0.0: 100 567 598 538 419 101 589 217 
1	0.0: 177 580 476 522 276 35 585 242 
1	0.0: 71 514 575 335 222 241 597 269 
1	0.0: 151 613 530 598 493 96 576 230 
1	0.0: 108 543 497 497 412 162 624 306 
1	0.0: 73 544 549 520 621 246 593 258 
1	0.0: 212 490 373 454 214 247 621 232 
1	0.0: 39 560 465 654 524 132 551 336 
1	0.0: 85 536 561 483 320 226 590 308 
1	0.0: 81 532 336 424 325 166 590 275 
1	0.0: 59 538 493 689 783 155 608 223 
1	0.0: 66 497 432 556 609 133 576 328 
1	0.0: 102 529 354 349 390 34 587 362 
1	0.0: 19 517 512 610 373 174 589 251 
1	0.0: 87 535 440 714 820 235 580 176 
1	0.0: 46 538 446 556 574 86 623 313 
1	0.0: 26 563 389 518 167 222 594 207 
1	0.0: 129 555 366 509 411 1 586 224 
1	0.0: 76 590 474 544 352 1 623 352 
1	0.0: 78 560 363 454 574 129 583 183 
1	0.0: 168 564 519 487 374 163 629 194 
1	0.0: 36 479 542 379 254 89 609 171 
1	0.0: 97 508 469 464 152 203 617 323 
1	0.0: 59 508 551 379 484 35 558 273 
1	0.0: 97 486 504 591 691 123 576 241 
1	0.0: 136 529 507 311 510 1 575 376 
1	0.0: 47 546 376 540 409 1 618 291 
1	0.0: 3 546 423 492 330 191 606 193 
1	0.0: 50 561 405 553 393 102 595 187 
1	0.0: 71 576 441 697 409 89 619 225 
1	0.0: 1 583 430 478 757 139 629 421 
1	0.0: 59 506 522 611 620 218 597 177 
1	0.0: 120 497 380 527 366 13 615 307 
1	0.0: 106 523 449 648 388 79 593 142 
1	0.0: 31 490 339 607 460 21 562 339 
1	0.0: 40 490 591 463 366 65 597 417 
1	0.0: 131 544 486 614 228 131 612 310 
1	0.0: 83 488 556 564 105 1 578 278 
1	0.0: 18 514 519 600 238 1 600 270 
1	0.0: 87 494 426 843 457 79 610 269 
1	0.0: 115 558 436 458 328 72 572 306 
1	0.0: 57 545 492 529 493 201 561 279 
1	0.0: 116 562 593 591 366 56 579 275 
1	0.0: 48 508 437 211 496 134 592 238 
1	0.0: 46 525 585 515 373 227 559 199 
1	0.0: 6 500 595 672 271 131 615 331 
1	0.0: 1 523 525 471 513 68 584 379 
1	0.0: 80 566 509 630 609 139 628 233 
1	0.0: 144 473 540 385 339 54 540 288 
1	0.0: 81 541 421 621 172 294 590 210 
1	0.0: 188 621 472 454 659 132 622 321 
1	0.0: 1 526 668 461 337 122 598 225 
1	0.0: 1 529 575 501 260 180 558 273 
1	0.0: 1 491 451 355 228 181 601 353 
1	0.0: 105 549 545 567 414 8 574 322 
1	0.0: 89 548 355 519 48 10 620 239 
1	0.0: 214 567 457 638 47 246 578 368 
1	0.0: 33 555 218 682 352 158 592 218 
1	0.0: 44 554 185 547 507 77 613 260 
1	0.0: 35 525 391 687 333 14 610 326 
1	0.0: 172 591 252 550 617 91 597 375 
1	0.0: 74 534 492 638 477 29 608 249 
1	0.0: 88 572 480 448 742 204 592 436 
1	0.0: 91 491 464 424 508 58 599 334 
1	0.0: 67 534 465 405 436 294 623 315 
1	0.0: 123 570 511 403 319 176 571 180 
1	0.0: 130 469 378 610 390 153 578 272 
1	0.0: 1 544 363 445 531 156 593 274 
1	0.0: 92 539 511 519 278 1 590 295 
1	0.0: 135 528 555 508 158 181 598 325 
1	0.0: 89 510 457 558 359 41 591 272 
1	0.0: 132 543 452 516 231 41 568 314 
1	0.0: 107 535 486 479 262 235 597 324 
1	0.0: 160 516 353 558 594 99 580 284 
1	0.0: 123 537 417 514 411 75 574 119 
1	0.0: 87 576 417 556 464 178 617 351 
1	0.0: 131 577 431 391 497 263 605 234 
1	0.0: 190 546 587 505 676 141 604 192 
1	0.0: 24 503 317 550 287 11 639 214 
1	0.0: 1 514 429 604 520 316 603 315 
1	0.0: 92 536 442 645 618 258 645 311 
1	0.0: 139 472 337 237 444 194 611 185 
1	0.0: 154 567 443 554 447 45 597 352 
1	0.0: 35 561 357 497 497 180 582 347 
1	0.0: 20 527 437 522 523 103 597 263 
1	0.0: 131 565 208 425 273 182 590 340 
1	0.0: 1 509 581 423 300 219 616 220 
1	0.0: 93 522 211 546 219 218 617 195 
1	0.0: 106 564 428 387 421 18 639 398 
1	0.0: 85 557 356 583 473 110 589 193 
1	0.0: 156 557 447 506 266 94 609 327 
1	0.0: 76 530 625 630 418 80 587 343 
1	0.0: 165 584 511 537 579 39 628 382 
1	0.0: 93 565 479 636 317 219 587 243 
1	0.0: 95 532 513 557 200 26 641 198 
1	0.0: 86 515 444 596 587 197 557 370 
1	0.0: 59 507 431 517 602 275 648 223 
1	0.0: 92 535 455 451 187 337 602 363 
1	0.0: 74 591 480 602 231 62 644 228 
1	0.0: 112 588 362 644 281 129 602 340 
1	0.0: 1 504 335 534 452 8 580 171 
1	0.0: 145 498 714 445 343 133 622 348 
1	0.0: 1 571 440 488 189 61 602 382 
1	0.0: 1 552 385 647 383 123 533 197 
1	0.0: 155 571 371 144 582 187 571 274 
1	0.0: 59 473 382 585 128 304 582 239 
1	0.0: 23 534 252 573 574 208 581 249 
1	0.0: 130 506 443 561 469 334 566 254 
1	0.0: 38 541 480 478 247 251 578 210 
1	0.0: 203 493 485 421 189 1 610 324 
1	0.0: 98 514 429 626 388 164 556 291 
1	0.0: 99 522 393 706 591 73 598 314 
1	0.0: 43 550 521 563 380 183 622 197 
1	0.0: 98 497 439 265 227 232 601 323 
1	0.0: 15 535 592 411 1 207 575 298 
1	0.0: 75 534 446 563 511 157 593 231 
1	0.0: 160 548 345 603 346 217 585 322 
1	0.0: 109 461 462 586 609 42 565 192 
1	0.0: 85 481 397 636 320 216 601 450 
1	0.0: 11 548 372 376 470 406 612 275 
1	0.0: 91 529 444 448 472 198 604 337 
1	0.0: 112 555 569 489 296 300 604 320 
1	0.0: 36 556 554 381 286 217 588 232 
1	0.0: 112 544 616 549 571 129 608 263 
1	0.0: 35 538 560 472 319 136 514 358 
1	0.0: 96 546 469 414 180 314 600 247 
1	0.0: 92 562 499 519 344 115 580 331 
1	0.0: 133 558 737 601 527 218 619 310 
1	0.0: 110 529 396 526 412 64 600 318 
1	0.0: 118 569 544 577 630 71 579 307 
1	0.0: 178 554 460 282 153 154 605 234 
1	0.0: 25 554 417 386 536 88 574 303 
1	0.0: 1 498 532 491 481 193 626 351 
1	0.0: 82 540 289 643 513 143 573 301 
1	0.0: 102 580 601 542 873 131 597 300 
1	0.0: 111 566 480 539 384 177 596 278 
1	0.0: 86 549 506 541 392 241 617 326 
1	0.0: 96 551 428 539 609 216 582 265 
1	0.0: 179 530 478 459 376 72 580 410 
1	0.0: 143 550 371 437 448 1 624 429 
1	0.0: 109 544 442 431 261 309 617 393 
1	0.0: 61 499 618 414 87 216 619 409 
1	0.0: 84 510 537 606 518 11 656 235 
1	0.0: 44 565 406 446 322 345 592 273 
1	0.0: 145 515 467 571 517 49 624 302 
1	0.0: 69 548 472 448 568 150 557 351 
1	0.0: 190 531 499 530 381 57 570 254 
1	0.0: 96 532 645 404 283 109 596 297 
1	0.0: 78 534 269 483 174 179 568 213 
1	0.0: 153 533 203 598 364 1 601 201 
1	0.0: 30 608 483 409 411 149 557 221 
1	0.0: 161 524 440 585 206 97 593 188 
1	0.0: 21 550 393 507 306 113 632 211 
1	0.0: 64 499 449 521 453 1 573 284 
1	0.0: 65 490 284 499 238 104 613 127 
1	0.0: 141 462 384 481 470 30 602 306 
1	0.0: 102 498 393 697 260 153 545 291 
1	0.0: 60 556 397 554 471 193 594 245 
1	0.0: 95 527 500 553 159 154 602 336 
1	0.0: 59 542 266 376 199 297 595 295 
1	0.0: 71 529 458 433 521 173 592 342 
1	0.0: 131 515 447 555 423 135 562 338 
1	0.0: 48 535 543 448 460 1 610 273 
1	0.0: 1 513 384 473 388 46 576 262 
1	0.0: 51 563 585 400 348 141 621 236 
1	0.0: 95 556 264 417 363 1 557 320 
1	0.0: 82 512 467 598 243 1 602 298 
1	0.0: 104 540 559 370 581 250 556 269 
1	0.0: 190 503 489 595 441 236 603 236 
1	0.0: 102 533 407 545 623 119 574 288 
1	0.0: 79 500 532 676 632 204 613 306 
1	0.0: 80 562 473 467 519 97 599 216 
1	0.0: 79 560 438 389 167 233 575 265 
1	0.0: 117 553 718 200 308 81 606 364 
1	0.0: 97 509 375 459 524 280 573 204 
1	0.0: 66 577 462 438 705 141 601 406 
1	0.0: 99 591 314 536 455 94 592 315 
1	0.0: 17 560 284 497 329 108 564 198 
1	0.0: 123 514 504 547 564 115 601 232 
1	0.0: 194 531 505 561 148 162 596 239 
1	0.0: 79 553 325 725 488 77 571 270 
1	0.0: 61 582 478 613 629 191 622 304 
1	0.0: 128 493 430 348 130 109 596 207 
1	0.0: 76 536 406 560 453 215 592 354 
1	0.0: 102 526 273 443 554 194 590 315 
1	0.0: 135 481 372 385 611 77 589 256 
1	0.0: 29 603 547 472 386 223 556 354 
1	0.0: 95 548 323 447 189 196 590 380 
1	0.0: 1 541 296 577 334 150 581 318 
1	0.0: 91 513 347 658 571 265 571 257 
1	0.0: 92 558 334 630 512 163 617 280 
1	0.0: 78 574 582 447 424 246 573 288 
1	0.0: 62 559 367 470 478 1 625 231 
1	0.0: 33 579 426 405 107 159 562 314 
1	0.0: 9 522 504 564 629 233 550 317 
1	0.0: 103 567 359 499 398 68 597 289 
1	0.0: 71 543 539 619 149 65 617 230 
1	0.0: 72 533 480 560 225 178 556 330 
1	0.0: 134 504 660 495 472 76 617 363 
1	0.0: 86 495 305 601 406 189 641 96 
1	0.0: 97 534 469 602 532 56 564 211 
1	0.0: 47 567 489 462 465 202 576 286 
1	0.0: 108 550 508 469 427 186 560 234 
1	0.0: 107 456 461 535 451 127 600 334 
1	0.0: 47 492 452 315 530 95 588 213 
1	0.0: 193 552 446 414 319 107 595 218 
1	0.0: 80 584 567 607 689 14 562 353 
1	0.0: 52 560 603 778 478 288 612 175 
1	0.0: 133 565 805 549 523 1 621 169 
1	0.0: 98 626 375 449 448 151 601 253 
1	0.0: 164 549 409 595 472 8 556 341 
1	0.0: 57 550 527 475 382 12 614 203 
1	0.0: 27 541 397 527 512 149 588 328 
1	0.0: 167 530 447 578 289 143 593 317 
1	0.0: 131 446 586 456 270 207 594 272 
1	0.0: 216 524 400 387 386 146 609 257 
1	0.0: 53 596 510 619 494 220 573 392 
1	0.0: 8 529 408 807 376 165 607 378 
1	0.0: 68 513 527 538 425 1 607 368 
1	0.0: 52 576 485 561 502 267 595 411 
1	0.0: 70 538 494 458 620 5 610 340 
1	0.0: 70 544 499 567 466 226 604 230 
1	0.0: 57 581 453 444 160 185 624 343 
1	0.0: 64 531 390 587 349 118 628 342 
1	0.0: 119 508 580 648 81 53 602 343 
1	0.0: 44 570 491 522 383 178 546 284 
1	0.0: 77 586 434 416 443 78 659 238 
1	0.0: 56 625 522 685 517 10 593 440 
1	0.0: 179 594 426 640 286 121 593 277 
1	0.0: 82 553 321 309 369 32 589 290 
1	0.0: 34 530 411 368 102 195 620 403 
1	0.0: 80 489 520 563 406 116 551 270 
1	0.0: 132 588 299 417 610 288 562 372 
1	0.0: 72 584 674 469 542 283 523 386 
1	0.0: 84 546 360 516 166 156 598 297 
1	0.0: 50 536 377 586 36 42 615 237 
1	0.0: 131 552 502 563 311 176 570 378 
1	0.0: 20 520 440 386 386 8 579 368 
1	0.0: 144 517 407 651 357 241 594 234 
1	0.0: 112 584 330 519 373 214 592 287 
1	0.0: 122 577 365 561 350 217 613 328 
1	0.0: 75 573 410 544 520 31 663 226 
1	0.0: 96 566 520 472 403 211 638 332 
1	0.0: 82 542 497 465 185 108 525 260 
