3	0.0: 709 550 604 592 518 910 244 844 
3	0.0: 687 943 612 574 776 1039 288 829 
3	0.0: 673 920 822 704 731 922 258 883 
3	0.0: 703 951 426 453 808 1070 209 874 
3	0.0: 695 825 372 573 676 998 335 992 
3	0.0: 675 521 623 543 847 1031 340 815 
3	0.0: 669 758 587 434 838 981 250 1112 
3	0.0: 680 1018 539 613 806 961 292 649 
3	0.0: 709 583 306 537 902 995 217 783 
3	0.0: 676 499 484 580 702 1150 337 897 
3	0.0: 691 836 535 465 936 854 704 983 
3	0.0: 678 916 807 339 835 919 299 953 
3	0.0: 696 1006 584 483 674 923 169 880 
3	0.0: 705 626 581 619 723 1126 312 719 
3	0.0: 686 564 705 616 665 953 216 784 
3	0.0: 688 771 804 707 779 1104 338 935 
3	0.0: 712 432 601 452 760 958 125 915 
3	0.0: 697 478 473 674 1010 933 222 873 
3	0.0: 676 615 527 396 660 801 338 957 
3	0.0: 688 926 431 451 474 840 549 931 
3	0.0: 672 665 285 535 556 858 264 763 
3	0.0: 699 377 589 604 646 999 512 741 
3	0.0: 707 530 285 704 858 1099 259 876 
3	0.0: 695 645 565 513 739 955 232 914 
3	0.0: 699 352 666 635 672 1007 276 956 
3	0.0: 652 811 566 542 720 1003 767 783 
3	0.0: 679 611 409 717 566 1075 47 893 
3	0.0: 686 965 375 671 642 936 100 735 
3	0.0: 683 634 418 594 529 1093 515 812 
3	0.0: 699 713 575 439 573 935 277 944 
3	0.0: 691 741 486 430 680 976 334 998 
3	0.0: 686 792 584 581 833 856 311 871 
3	0.0: 702 722 585 415 700 765 278 782 
3	0.0: 685 593 576 691 523 944 70 1002 
3	0.0: 691 410 620 462 739 1020 265 863 
3	0.0: 689 896 619 671 757 1054 361 868 
3	0.0: 692 1035 579 592 749 1148 57 989 
3	0.0: 702 712 941 492 866 998 287 1081 
3	0.0: 699 743 520 506 689 945 368 907 
3	0.0: 673 597 541 514 824 974 1 693 
3	0.0: 667 902 662 284 758 974 253 804 
3	0.0: 657 694 485 539 895 951 360 1044 
3	0.0: 676 630 392 338 744 945 392 769 
3	0.0: 687 675 682 633 544 983 3 870 
3	0.0: 698 450 577 494 711 853 748 1133 
3	0.0: 671 648 598 564 548 1040 1 901 
3	0.0: 693 698 609 448 654 936 171 923 
3	0.0: 693 895 371 563 558 1042 696 1024 
3	0.0: 668 676 557 723 858 948 354 985 
3	0.0: 661 699 415 635 708 936 194 1045 
3	0.0: 700 1023 715 546 847 1048 304 870 
3	0.0: 697 689 686 655 717 911 526 850 
3	0.0: 670 446 446 613 605 866 278 963 
3	0.0: 695 657 486 555 789 1066 369 973 
3	0.0: 669 623 390 533 730 1081 183 709 
3	0.0: 693 654 466 729 727 932 25 978 
3	0.0: 702 642 586 513 900 906 453 997 
3	0.0: 696 743 523 545 795 1117 483 813 
3	0.0: 691 612 413 460 686 1112 418 899 
3	0.0: 678 814 767 537 725 947 396 957 
3	0.0: 676 733 592 517 684 1009 56 918 
3	0.0: 704 318 502 517 912 1000 594 948 
3	0.0: 674 601 586 611 786 1099 584 963 
3	0.0: 667 1052 692 555 897 978 407 930 
3	0.0: 695 834 544 585 448 923 18 1097 
3	0.0: 672 601 258 638 889 938 1 952 
3	0.0: 705 512 471 473 760 753 423 809 
3	0.0: 658 777 468 623 760 865 258 791 
3	0.0: 699 469 567 546 763 931 308 836 
3	0.0: 655 798 519 440 704 1108 434 991 
3	0.0: 683 584 582 421 769 934 299 1001 
3	0.0: 699 921 806 363 818 1023 414 710 
3	0.0: 687 575 679 489 615 930 225 1007 
3	0.0: 670 853 448 547 687 980 443 899 
3	0.0: 709 851 502 511 737 867 28 842 
3	0.0: 694 665 345 593 744 1010 518 805 
3	0.0: 704 644 378 548 715 1017 1 731 
3	0.0: 695 803 385 779 786 863 203 948 
3	0.0: 709 633 874 687 801 942 283 891 
3	0.0: 695 705 626 518 670 818 541 943 
3	0.0: 686 518 478 493 772 1007 309 934 
3	0.0: 724 466 757 345 661 996 172 972 
3	0.0: 697 916 692 497 578 899 269 928 
3	0.0: 698 856 346 648 737 1049 340 767 
3	0.0: 668 1128 431 518 890 848 582 891 
3	0.0: 678 668 423 584 714 850 249 721 
3	0.0: 696 714 549 563 899 972 252 789 
3	0.0: 702 560 495 500 794 1026 838 770 
3	0.0: 685 861 567 702 463 1037 386 718 
3	0.0: 699 525 508 673 622 1029 363 928 
3	0.0: 695 753 526 517 439 943 184 844 
3	0.0: 667 706 493 657 882 960 236 969 
3	0.0: 658 743 475 608 601 963 328 905 
3	0.0: 688 609 423 510 910 1062 218 942 
3	0.0: 691 687 365 652 626 1013 665 1028 
3	0.0: 682 749 632 671 818 942 105 508 
3	0.0: 696 467 549 457 724 1038 603 818 
3	0.0: 701 608 362 608 1002 1029 599 995 
3	0.0: 677 775 463 808 680 1096 259 881 
3	0.0: 653 742 397 479 564 971 383 781 
3	0.0: 669 1108 838 584 559 822 394 1035 
3	0.0: 686 774 300 506 677 810 316 865 
3	0.0: 688 816 518 536 783 895 1 826 
3	0.0: 660 770 665 457 761 982 150 1061 
3	0.0: 679 521 458 619 899 941 38 728 
3	0.0: 690 459 408 545 790 945 543 876 
3	0.0: 718 829 434 468 616 1011 319 965 
3	0.0: 687 824 392 662 727 1028 547 849 
3	0.0: 687 395 459 482 609 1082 113 872 
3	0.0: 677 1143 680 788 719 905 61 907 
3	0.0: 697 544 678 627 705 1027 43 747 
3	0.0: 696 446 97 675 786 943 219 798 
3	0.0: 693 559 677 554 963 1093 275 958 
3	0.0: 704 623 659 303 631 1003 256 810 
3	0.0: 690 469 513 549 599 1064 1 1005 
3	0.0: 671 930 856 520 505 897 386 768 
3	0.0: 703 789 659 498 796 960 277 864 
3	0.0: 705 906 623 552 518 929 235 806 
3	0.0: 700 690 537 704 487 999 82 792 
3	0.0: 691 508 411 588 699 1158 106 836 
3	0.0: 681 734 736 402 993 1031 361 699 
3	0.0: 693 843 718 628 752 855 212 849 
3	0.0: 709 565 445 540 608 988 179 1030 
3	0.0: 694 364 620 622 893 962 59 899 
3	0.0: 684 848 499 608 590 956 270 893 
3	0.0: 673 658 802 416 541 1069 182 960 
3	0.0: 682 780 434 734 809 934 289 1030 
3	0.0: 672 858 563 579 696 816 118 849 
3	0.0: 695 557 590 496 617 1047 17 904 
3	0.0: 669 815 464 554 722 915 149 1002 
6	0.0: 694 76 540 494 679 1051 251 830 
3	0.0: 700 775 448 431 899 907 453 871 
3	0.0: 665 505 624 549 809 925 356 963 
3	0.0: 685 694 628 405 706 1062 444 907 
3	0.0: 668 605 549 631 776 909 124 1025 
3	0.0: 681 859 636 325 940 1049 1 819 
3	0.0: 665 677 533 608 731 1034 129 948 
3	0.0: 690 830 695 822 421 1118 58 761 
3	0.0: 690 516 327 483 861 961 201 983 
3	0.0: 709 445 106 547 687 1066 56 828 
3	0.0: 675 736 532 678 778 930 361 1017 
3	0.0: 673 1013 814 390 679 1073 125 900 
3	0.0: 678 484 352 609 860 978 298 1090 
3	0.0: 699 654 525 680 651 994 408 883 
3	0.0: 684 515 590 491 859 990 439 924 
3	0.0: 673 628 515 594 951 959 667 999 
3	0.0: 680 456 755 682 396 1035 185 887 
3	0.0: 683 609 621 510 746 925 311 934 
3	0.0: 677 403 496 806 890 952 244 1086 
3	0.0: 678 625 484 515 666 962 280 896 
3	0.0: 686 905 564 651 892 948 201 846 
3	0.0: 696 801 607 439 643 860 303 858 
3	0.0: 692 838 508 488 682 939 147 958 
3	0.0: 706 823 693 570 460 975 25 821 
3	0.0: 723 707 719 668 803 1094 355 1052 
3	0.0: 675 686 447 361 773 995 568 857 
3	0.0: 693 788 398 585 844 853 698 910 
3	0.0: 666 866 590 565 843 863 338 897 
3	0.0: 697 476 591 534 716 1023 176 921 
3	0.0: 683 792 529 546 788 951 373 894 
3	0.0: 681 537 487 585 878 1065 161 939 
3	0.0: 689 864 539 535 637 1310 576 558 
3	0.0: 706 613 581 811 679 994 440 911 
3	0.0: 705 724 886 620 846 959 192 1023 
3	0.0: 680 1043 542 447 602 889 214 925 
3	0.0: 697 529 747 693 772 1063 528 792 
3	0.0: 706 570 820 518 1074 892 241 1023 
3	0.0: 680 987 439 457 670 1034 324 1003 
3	0.0: 705 283 658 757 923 903 98 847 
3	0.0: 671 819 792 720 527 836 47 928 
3	0.0: 703 725 649 563 954 1037 378 874 
3	0.0: 658 515 594 607 905 851 274 1021 
3	0.0: 701 517 508 729 522 965 206 941 
3	0.0: 701 797 615 574 531 1086 308 961 
3	0.0: 676 837 460 501 689 1067 293 1168 
3	0.0: 678 739 696 591 796 888 233 949 
3	0.0: 686 1014 876 525 915 951 527 858 
3	0.0: 695 655 599 598 914 1086 451 653 
3	0.0: 679 883 305 582 893 1019 98 917 
3	0.0: 700 672 346 582 684 970 1 888 
3	0.0: 696 636 417 458 605 1016 148 739 
3	0.0: 694 610 412 534 706 818 665 937 
3	0.0: 697 665 641 512 592 883 632 821 
3	0.0: 660 848 584 364 901 944 453 815 
3	0.0: 681 747 694 516 833 922 471 828 
3	0.0: 691 353 782 392 859 976 200 825 
3	0.0: 671 1021 682 517 1019 1033 1 967 
3	0.0: 672 790 756 539 693 954 124 1060 
3	0.0: 695 697 374 652 835 911 301 1058 
3	0.0: 699 1322 668 295 770 770 160 893 
3	0.0: 677 734 592 658 805 1018 649 867 
3	0.0: 697 601 503 612 711 974 191 851 
3	0.0: 700 727 427 437 655 900 93 1061 
3	0.0: 681 836 421 403 874 931 249 955 
3	0.0: 699 615 558 644 608 1132 361 993 
3	0.0: 693 723 449 558 445 1101 468 974 
3	0.0: 662 698 577 671 966 1025 535 1055 
3	0.0: 695 1038 496 593 528 1055 422 883 
3	0.0: 660 591 574 555 638 1031 613 978 
3	0.0: 710 395 661 707 773 1005 319 1062 
3	0.0: 697 588 315 571 618 1059 244 961 
3	0.0: 692 815 709 637 878 930 564 861 
3	0.0: 697 820 435 741 727 1002 200 845 
3	0.0: 689 780 597 590 898 979 1 937 
3	0.0: 665 695 536 456 733 1016 169 1008 
3	0.0: 698 781 513 450 668 1191 488 819 
3	0.0: 705 793 403 617 674 784 95 743 
3	0.0: 688 483 328 555 919 884 329 1154 
3	0.0: 724 860 264 513 802 989 500 823 
3	0.0: 703 802 441 634 751 991 231 991 
3	0.0: 668 848 369 667 1062 1138 80 764 
3	0.0: 668 639 806 593 588 1047 145 905 
3	0.0: 677 472 461 376 806 973 154 888 
3	0.0: 680 830 507 449 797 1002 338 1020 
3	0.0: 688 570 586 602 856 923 428 985 
3	0.0: 687 749 507 600 593 920 1 722 
3	0.0: 694 681 358 251 886 1158 509 802 
3	0.0: 703 460 481 695 913 1089 151 877 
3	0.0: 707 627 237 448 862 957 340 861 
3	0.0: 681 834 440 562 781 995 1 922 
3	0.0: 679 857 352 401 627 967 324 847 
3	0.0: 673 814 736 662 733 853 349 990 
3	0.0: 704 749 343 563 767 991 108 898 
3	0.0: 693 577 377 432 526 1131 419 847 
3	0.0: 685 831 783 654 506 842 417 956 
3	0.0: 652 741 430 548 901 861 221 1174 
3	0.0: 675 664 407 620 613 841 358 1099 
3	0.0: 701 707 605 416 830 1003 330 1024 
3	0.0: 695 633 523 624 897 905 311 1088 
3	0.0: 696 445 656 511 546 1065 131 929 
3	0.0: 669 615 476 708 923 877 299 1017 
3	0.0: 683 734 359 573 721 1048 430 762 
3	0.0: 704 699 439 546 704 1057 379 955 
3	0.0: 669 411 403 574 862 973 461 787 
3	0.0: 687 778 650 607 497 1075 226 947 
3	0.0: 712 584 251 646 934 971 765 822 
3	0.0: 705 824 487 542 1021 823 45 816 
3	0.0: 678 725 887 761 735 1049 506 883 
3	0.0: 703 326 564 481 948 1010 202 934 
3	0.0: 691 520 827 565 683 1108 242 889 
3	0.0: 669 810 468 499 914 912 324 876 
3	0.0: 684 540 361 688 626 1006 336 960 
3	0.0: 693 938 634 655 493 1046 307 972 
3	0.0: 713 681 270 348 700 987 158 1007 
3	0.0: 689 557 649 649 895 1189 411 883 
3	0.0: 683 764 309 527 1167 1037 281 872 
3	0.0: 672 1006 394 578 914 1107 328 643 
3	0.0: 677 655 523 570 686 1037 154 814 
3	0.0: 674 730 535 395 762 1101 147 889 
3	0.0: 677 725 439 550 688 941 301 868 
3	0.0: 658 551 535 690 809 990 440 883 
3	0.0: 697 565 416 648 638 924 4 991 
3	0.0: 679 836 567 558 998 1132 262 906 
3	0.0: 690 665 222 664 840 905 459 973 
3	0.0: 705 629 687 468 541 994 66 940 
3	0.0: 698 667 450 628 689 963 1 945 
3	0.0: 721 639 699 698 861 1070 349 861 
3	0.0: 661 846 206 514 882 866 106 902 
3	0.0: 697 897 657 653 711 758 443 888 
3	0.0: 695 613 476 661 835 962 1 778 
3	0.0: 695 571 677 420 470 1057 737 987 
3	0.0: 698 900 727 432 569 1088 394 831 
3	0.0: 690 756 657 776 833 985 359 816 
3	0.0: 726 894 533 691 589 1004 155 837 
3	0.0: 679 523 581 340 508 971 302 918 
3	0.0: 680 842 392 729 463 911 489 979 
3	0.0: 681 639 585 612 609 992 138 763 
3	0.0: 686 923 432 649 575 958 389 818 
3	0.0: 681 829 267 538 912 1007 1 754 
6	0.0: 696 225 449 448 345 920 278 912 
3	0.0: 699 798 617 606 806 949 534 914 
3	0.0: 659 934 341 476 477 1083 1 971 
3	0.0: 669 728 634 827 694 930 133 1004 
3	0.0: 658 638 497 771 787 1025 287 987 
3	0.0: 700 576 408 415 532 970 71 985 
3	0.0: 675 533 875 428 623 871 85 932 
3	0.0: 721 472 563 557 863 965 718 773 
3	0.0: 679 805 567 732 736 927 349 788 
3	0.0: 674 661 526 576 612 986 545 773 
3	0.0: 708 927 618 420 550 968 458 891 
3	0.0: 686 663 303 438 534 883 236 845 
3	0.0: 707 613 494 339 750 987 326 952 
3	0.0: 702 571 331 436 709 948 243 1013 
3	0.0: 703 889 977 476 535 1098 1 1079 
3	0.0: 687 968 779 583 642 1114 385 868 
3	0.0: 722 581 308 553 685 962 673 951 
3	0.0: 681 924 495 455 736 899 518 844 
3	0.0: 697 437 531 575 937 1066 604 991 
3	0.0: 680 739 528 516 832 903 1 946 
3	0.0: 706 1041 366 511 703 954 401 868 
3	0.0: 696 918 400 543 795 979 446 1035 
3	0.0: 704 587 531 670 1013 1054 321 834 
3	0.0: 683 642 561 458 894 966 265 788 
3	0.0: 683 895 452 568 860 967 203 849 
3	0.0: 696 870 573 528 867 1025 416 892 
3	0.0: 683 500 485 476 671 927 142 893 
3	0.0: 691 828 349 676 917 1015 1 950 
3	0.0: 679 652 687 471 729 864 595 786 
3	0.0: 690 507 288 591 912 918 1 841 
3	0.0: 694 1030 631 635 628 994 139 1019 
3	0.0: 702 397 567 689 796 960 63 1173 
3	0.0: 689 852 548 675 1040 944 114 736 
3	0.0: 704 439 631 485 893 977 1 908 
3	0.0: 678 906 600 680 1030 1088 104 916 
3	0.0: 683 639 543 434 812 1007 229 951 
3	0.0: 668 1049 439 668 652 927 1 1096 
3	0.0: 682 751 633 544 620 903 489 1023 
3	0.0: 707 338 386 494 802 1070 247 782 
3	0.0: 702 695 461 531 690 1055 293 1018 
3	0.0: 694 810 616 386 634 1008 166 1029 
3	0.0: 689 1124 424 799 913 843 530 819 
3	0.0: 679 954 575 773 802 851 208 823 
3	0.0: 678 757 378 601 786 1052 184 913 
3	0.0: 683 531 630 468 497 939 223 1016 
3	0.0: 679 490 562 440 650 1069 227 945 
3	0.0: 688 481 472 573 662 1089 475 849 
3	0.0: 658 690 666 507 962 1007 238 886 
3	0.0: 691 744 396 784 949 1068 113 949 
3	0.0: 682 833 357 596 818 1046 125 934 
3	0.0: 713 528 621 525 696 1075 343 932 
3	0.0: 661 865 980 546 723 928 577 944 
3	0.0: 711 777 407 477 731 1115 358 801 
3	0.0: 707 810 539 571 851 898 308 889 
3	0.0: 697 292 401 715 899 785 127 998 
3	0.0: 673 560 642 498 698 996 1 846 
3	0.0: 681 911 617 496 623 1026 320 904 
3	0.0: 684 261 817 625 788 1108 52 812 
3	0.0: 712 407 793 370 805 891 462 940 
3	0.0: 696 734 668 563 836 955 174 1082 
3	0.0: 675 614 555 301 677 975 236 929 
3	0.0: 694 779 693 527 800 997 296 952 
3	0.0: 681 590 521 539 563 871 484 971 
3	0.0: 674 785 350 348 552 951 224 875 
3	0.0: 677 846 471 479 776 999 549 986 
3	0.0: 691 631 709 611 749 932 1 985 
3	0.0: 680 549 627 460 844 1030 111 810 
3	0.0: 725 881 746 575 872 982 1 892 
3	0.0: 687 485 404 758 570 817 193 971 
3	0.0: 674 444 438 712 708 1091 271 947 
3	0.0: 678 649 666 354 868 875 605 843 
3	0.0: 692 693 587 567 783 950 479 911 
3	0.0: 670 482 419 758 912 1135 41 807 
3	0.0: 706 696 646 621 676 1132 138 773 
3	0.0: 682 737 561 521 697 841 1 1023 
3	0.0: 695 731 602 678 497 884 275 942 
3	0.0: 696 844 584 371 859 984 361 885 
3	0.0: 680 722 462 611 1029 1169 215 1053 
3	0.0: 674 797 578 473 670 1052 1 1063 
3	0.0: 699 602 659 373 703 791 251 789 
3	0.0: 699 702 638 509 806 883 596 918 
3	0.0: 687 798 378 585 777 872 167 811 
3	0.0: 712 1057 786 644 741 916 283 928 
3	0.0: 684 870 485 610 730 1072 342 1015 
3	0.0: 681 852 546 512 889 968 346 885 
3	0.0: 676 794 498 504 781 1136 81 845 
3	0.0: 659 744 304 677 584 987 485 1055 
3	0.0: 701 684 532 521 860 987 160 874 
3	0.0: 713 512 675 318 876 1049 585 905 
3	0.0: 706 749 352 688 1021 1080 246 965 
3	0.0: 674 470 575 493 915 1026 83 1064 
3	0.0: 699 707 773 688 1061 1011 240 914 
3	0.0: 700 759 710 568 631 911 2 883 
3	0.0: 687 931 321 584 596 1080 92 844 
6	0.0: 696 279 875 503 424 970 291 919 
3	0.0: 683 761 291 587 670 1150 311 705 
3	0.0: 696 507 626 534 665 1076 88 837 
3	0.0: 691 572 716 584 880 1038 363 945 
3	0.0: 684 768 572 647 1009 955 183 1068 
3	0.0: 691 675 582 484 662 778 285 918 
3	0.0: 690 880 397 860 958 947 1 1023 
3	0.0: 675 462 563 557 962 1044 254 892 
3	0.0: 710 667 585 699 829 1002 252 1035 
3	0.0: 686 767 467 474 761 969 397 873 
3	0.0: 681 750 565 694 926 1053 419 768 
3	0.0: 709 507 643 692 669 932 250 1027 
3	0.0: 656 858 680 561 743 887 340 1123 
3	0.0: 672 586 347 378 720 973 391 873 
3	0.0: 685 441 580 535 733 901 135 704 
3	0.0: 712 790 545 677 941 1021 253 977 
3	0.0: 667 452 261 391 763 966 149 772 
3	0.0: 702 883 593 320 607 1102 261 922 
3	0.0: 677 762 446 546 755 1002 1 983 
3	0.0: 682 1016 763 435 977 1101 415 987 
3	0.0: 690 819 527 412 835 991 83 986 
3	0.0: 686 520 334 477 967 1107 673 947 
3	0.0: 709 712 635 513 625 893 447 952 
3	0.0: 702 998 620 725 715 954 291 884 
3	0.0: 674 674 688 691 662 797 285 970 
3	0.0: 690 850 503 750 932 1122 92 1057 
3	0.0: 701 502 506 418 643 950 368 869 
3	0.0: 653 963 603 468 1128 997 108 880 
3	0.0: 697 614 489 561 822 888 470 970 
3	0.0: 695 476 528 615 698 1029 579 769 
3	0.0: 708 697 761 479 832 1040 342 847 
3	0.0: 708 656 700 475 1171 1048 65 821 
3	0.0: 690 630 720 545 666 1036 438 808 
3	0.0: 677 606 640 768 484 789 238 1041 
3	0.0: 691 504 497 687 684 858 392 947 
3	0.0: 677 893 419 650 807 980 300 884 
3	0.0: 693 1005 423 698 809 1107 82 745 
3	0.0: 672 888 663 516 654 982 141 856 
3	0.0: 710 594 579 424 857 1098 410 533 
3	0.0: 667 515 443 584 830 1080 631 844 
3	0.0: 675 858 572 675 835 1098 475 913 
3	0.0: 683 611 181 461 785 948 357 947 
3	0.0: 659 743 464 561 789 992 573 877 
3	0.0: 692 969 399 524 908 1013 330 906 
3	0.0: 708 481 635 602 887 893 215 894 
3	0.0: 688 705 590 523 728 998 546 953 
3	0.0: 651 560 329 512 688 901 330 1014 
3	0.0: 680 326 671 436 705 1025 300 1014 
3	0.0: 729 616 427 681 668 1005 218 1015 
3	0.0: 687 417 366 828 747 979 238 1101 
3	0.0: 688 609 475 336 558 1040 303 814 
3	0.0: 692 843 571 341 677 1144 39 1011 
3	0.0: 666 946 585 686 799 907 182 935 
3	0.0: 682 618 781 426 912 1013 300 848 
3	0.0: 674 787 633 764 732 988 319 866 
3	0.0: 701 558 631 426 719 1010 414 916 
3	0.0: 672 732 403 756 752 1134 330 957 
3	0.0: 699 969 552 544 654 1015 215 868 
3	0.0: 691 613 727 483 758 1143 450 921 
3	0.0: 704 1005 242 694 1083 1055 139 1055 
3	0.0: 669 654 440 753 615 992 37 831 
3	0.0: 685 765 630 595 642 846 227 991 
3	0.0: 699 615 510 445 698 956 345 943 
3	0.0: 688 713 313 638 606 788 304 924 
3	0.0: 693 655 719 489 984 1100 105 1040 
3	0.0: 687 497 816 523 714 1103 33 926 
3	0.0: 670 356 513 557 730 1016 240 863 
3	0.0: 705 713 523 488 614 993 274 960 
3	0.0: 694 737 695 595 691 1093 579 889 
3	0.0: 698 795 479 748 378 962 659 944 
3	0.0: 669 721 743 456 829 943 277 829 
3	0.0: 685 746 587 620 710 894 97 903 
3	0.0: 692 710 727 653 728 1144 381 925 
3	0.0: 702 511 431 615 630 1006 260 871 
3	0.0: 675 628 474 601 803 785 254 871 
3	0.0: 715 697 455 601 625 882 258 831 
3	0.0: 705 344 433 618 992 1019 405 824 
3	0.0: 683 854 432 788 480 888 211 725 
3	0.0: 696 896 671 613 704 972 626 1039 
3	0.0: 697 1001 683 606 560 998 388 877 
3	0.0: 700 475 304 587 746 890 59 899 
3	0.0: 669 649 302 625 872 1028 369 977 
3	0.0: 670 612 616 610 990 913 99 980 
3	0.0: 655 766 490 616 605 1031 376 959 
3	0.0: 671 756 588 639 913 911 623 982 
3	0.0: 684 668 462 743 736 999 123 799 
3	0.0: 711 498 538 537 722 1012 186 964 
3	0.0: 708 460 464 553 712 1029 595 1002 
3	0.0: 669 1135 365 297 667 856 310 992 
3	0.0: 689 1071 506 631 827 861 403 952 
3	0.0: 689 848 522 436 562 1007 823 841 
3	0.0: 652 612 713 619 765 904 234 797 
3	0.0: 683 625 560 446 743 978 315 984 
3	0.0: 694 464 358 492 717 957 255 859 
3	0.0: 711 530 413 430 659 1028 225 884 
3	0.0: 687 574 351 517 703 1095 197 830 
3	0.0: 715 940 533 647 718 962 1 869 
3	0.0: 685 969 321 644 829 928 299 1016 
3	0.0: 654 579 523 546 900 868 440 998 
3	0.0: 698 676 885 488 647 994 348 872 
3	0.0: 670 812 608 559 706 843 363 962 
3	0.0: 704 934 867 582 909 1176 245 923 
3	0.0: 710 548 402 598 640 954 140 844 
3	0.0: 654 629 530 559 894 1012 331 760 
3	0.0: 697 731 504 732 690 954 273 1035 
3	0.0: 679 884 403 547 861 855 163 853 
3	0.0: 687 272 563 432 806 1084 3 763 
6	0.0: 686 278 500 568 354 898 315 973 
3	0.0: 694 745 730 624 468 950 316 1002 
3	0.0: 691 810 547 429 568 823 90 821 
3	0.0: 651 642 631 435 539 1018 353 960 
3	0.0: 696 1100 539 530 725 896 507 977 
3	0.0: 667 862 351 385 572 872 390 965 
3	0.0: 685 648 632 342 856 972 240 858 
3	0.0: 668 325 295 694 626 1028 403 1149 
3	0.0: 663 976 810 728 943 1013 291 900 
3	0.0: 714 784 476 533 892 1108 419 931 
3	0.0: 662 597 604 537 603 942 338 1000 
3	0.0: 663 475 483 601 477 1120 241 921 
3	0.0: 674 661 474 482 798 1043 620 886 
3	0.0: 687 885 594 701 907 899 257 893 
3	0.0: 715 827 518 492 964 1057 408 754 
3	0.0: 686 844 543 625 567 922 1 1132 
3	0.0: 693 678 318 430 496 964 429 991 
3	0.0: 710 368 651 562 686 926 1 1008 
3	0.0: 681 461 721 667 648 886 184 777 
3	0.0: 704 834 742 437 678 997 1 697 
3	0.0: 682 742 698 521 916 1021 196 726 
3	0.0: 695 455 576 663 815 1060 462 1003 
3	0.0: 674 614 440 483 817 946 102 909 
3	0.0: 677 1105 433 354 809 1020 124 867 
3	0.0: 699 595 681 364 818 1010 290 1125 
3	0.0: 701 822 485 461 916 1136 1 996 
3	0.0: 686 518 482 604 831 948 444 815 
3	0.0: 676 721 637 663 719 971 394 914 
3	0.0: 684 822 262 734 602 1040 370 857 
3	0.0: 681 512 707 659 814 931 610 920 
3	0.0: 702 496 481 469 900 779 500 865 
3	0.0: 704 687 389 681 955 977 394 909 
3	0.0: 671 606 508 464 994 1194 576 829 
3	0.0: 670 912 351 538 904 1073 161 1091 
3	0.0: 686 748 710 494 974 1149 347 1015 
3	0.0: 696 419 753 659 674 872 186 1074 
3	0.0: 688 1010 566 734 951 913 37 925 
3	0.0: 695 609 425 624 824 986 167 973 
3	0.0: 701 701 364 553 702 982 96 1065 
3	0.0: 692 531 490 624 517 955 440 797 
3	0.0: 711 617 770 628 773 920 102 778 
3	0.0: 698 718 665 363 813 839 87 837 
3	0.0: 665 804 529 544 651 954 169 952 
3	0.0: 685 491 634 554 546 1098 88 914 
3	0.0: 689 581 785 680 723 1063 345 858 
3	0.0: 695 702 426 548 876 923 1 794 
3	0.0: 690 518 490 447 794 828 250 1028 
3	0.0: 690 938 535 534 644 1028 1 985 
3	0.0: 683 757 542 477 792 1084 83 804 
3	0.0: 700 287 507 410 766 952 7 856 
3	0.0: 692 587 525 496 666 994 424 1017 
3	0.0: 701 727 339 485 621 779 1 1047 
3	0.0: 689 835 383 665 980 1076 155 1051 
3	0.0: 693 996 630 564 982 835 64 973 
3	0.0: 676 737 627 487 885 1118 338 1139 
3	0.0: 704 631 428 545 551 869 327 797 
3	0.0: 681 654 573 595 727 992 464 942 
3	0.0: 667 701 517 557 702 1035 216 818 
3	0.0: 700 476 270 445 721 1052 160 799 
3	0.0: 699 637 592 654 854 960 233 968 
3	0.0: 709 689 609 858 814 1020 566 953 
3	0.0: 686 876 577 524 698 1047 199 856 
3	0.0: 692 606 543 585 654 929 153 819 
3	0.0: 679 574 503 519 917 919 182 968 
3	0.0: 688 774 766 590 641 1045 638 958 
3	0.0: 714 895 391 472 800 978 421 1172 
3	0.0: 695 745 582 466 750 827 644 1063 
3	0.0: 702 1021 719 554 551 962 74 854 
3	0.0: 702 461 619 501 704 996 196 1021 
3	0.0: 676 814 508 708 529 947 436 896 
3	0.0: 661 585 655 513 757 1019 1 922 
3	0.0: 698 871 502 598 716 1032 97 951 
3	0.0: 683 621 521 559 728 982 321 954 
3	0.0: 681 586 376 534 852 954 335 937 
3	0.0: 667 922 812 503 800 1015 230 903 
3	0.0: 697 424 535 539 805 911 446 918 
3	0.0: 685 578 308 531 684 1072 629 674 
3	0.0: 702 548 697 745 784 933 446 1113 
3	0.0: 697 683 709 458 1092 1014 195 1026 
3	0.0: 710 1027 384 203 512 929 252 981 
3	0.0: 694 863 653 553 707 1129 386 880 
3	0.0: 687 671 666 384 969 857 82 802 
3	0.0: 681 345 592 667 532 805 541 1127 
3	0.0: 708 801 472 432 641 978 274 844 
3	0.0: 668 555 919 560 663 851 503 840 
3	0.0: 686 399 477 565 872 892 383 1191 
3	0.0: 687 551 528 573 744 884 489 1142 
3	0.0: 708 739 567 550 922 1112 638 960 
3	0.0: 686 954 465 644 801 1039 361 861 
3	0.0: 702 800 527 424 931 935 389 918 
3	0.0: 678 606 526 663 959 937 376 876 
3	0.0: 681 867 303 585 868 978 108 1003 
3	0.0: 687 817 685 422 593 1135 363 909 
3	0.0: 676 511 479 508 822 1002 110 937 
3	0.0: 715 822 462 507 893 991 442 855 
3	0.0: 684 854 370 522 853 947 248 933 
3	0.0: 717 677 720 547 734 920 1 859 
3	0.0: 702 992 689 755 841 1109 67 945 
3	0.0: 669 522 565 599 960 816 354 892 
3	0.0: 687 745 371 654 558 912 40 1008 
3	0.0: 684 534 414 626 625 955 64 1062 
3	0.0: 667 431 466 572 965 885 329 872 
3	0.0: 687 550 399 653 768 987 377 838 
3	0.0: 713 560 721 361 902 950 83 668 
3	0.0: 688 669 561 458 785 1004 52 981 
3	0.0: 695 460 792 795 738 981 81 1061 
3	0.0: 685 645 492 601 841 1084 109 887 
3	0.0: 700 835 243 442 577 875 147 881 
3	0.0: 702 556 464 737 859 970 141 820 
3	0.0: 682 581 544 460 760 993 193 851 
3	0.0: 677 748 63 538 736 1106 243 979 
3	0.0: 680 716 465 544 784 1005 154 886 
3	0.0: 684 908 531 544 874 1107 375 797 
3	0.0: 688 577 600 598 642 1071 128 950 
3	0.0: 697 759 691 580 669 980 485 1006 
3	0.0: 693 799 686 558 629 1038 223 1061 
3	0.0: 687 704 460 599 689 891 58 702 
3	0.0: 715 806 688 486 566 772 605 890 
3	0.0: 681 708 355 630 727 962 521 959 
3	0.0: 694 831 456 422 627 960 1 1037 
3	0.0: 678 840 358 515 736 994 388 964 
3	0.0: 710 542 612 470 816 817 454 1018 
3	0.0: 720 926 480 785 606 1101 255 906 
3	0.0: 699 320 406 484 846 923 620 1056 
3	0.0: 674 888 405 576 709 1015 234 1098 
3	0.0: 698 645 541 394 524 790 196 877 
3	0.0: 709 700 438 539 697 843 694 905 
3	0.0: 705 750 494 752 850 849 321 788 
3	0.0: 682 942 663 765 687 854 262 723 
3	0.0: 692 640 538 650 548 888 19 915 
3	0.0: 668 1000 353 656 523 933 198 943 
3	0.0: 702 504 497 675 444 1003 315 977 
3	0.0: 665 857 658 596 982 922 156 913 
3	0.0: 687 769 421 341 667 975 381 1021 
3	0.0: 688 921 650 562 806 1002 1 954 
3	0.0: 679 706 428 472 723 985 431 1025 
3	0.0: 708 379 71 488 849 952 208 1050 
3	0.0: 685 589 648 592 678 854 789 719 
3	0.0: 675 665 607 564 883 1005 260 957 
3	0.0: 697 388 669 495 720 835 75 656 
3	0.0: 681 647 640 724 726 779 57 834 
3	0.0: 673 574 596 579 728 1132 252 1021 
3	0.0: 691 871 650 681 893 836 271 1057 
3	0.0: 685 852 511 569 980 890 119 890 
2	0.0: 675 948 294 370 790 841 505 853 
3	0.0: 687 174 438 631 844 958 54 917 
3	0.0: 692 702 425 590 770 1024 372 948 
3	0.0: 702 525 473 413 450 1022 289 781 
3	0.0: 669 699 730 608 1030 859 451 867 
3	0.0: 708 712 238 602 789 995 41 1082 
3	0.0: 656 509 551 538 824 1030 349 910 
3	0.0: 686 791 340 575 847 908 687 776 
3	0.0: 698 833 627 680 820 728 72 849 
3	0.0: 685 816 667 713 769 956 259 955 
3	0.0: 723 896 583 677 836 1009 343 810 
3	0.0: 702 898 543 591 741 897 325 739 
3	0.0: 701 297 321 608 713 1001 468 857 
3	0.0: 680 561 677 680 353 938 253 939 
3	0.0: 683 629 460 763 531 1022 648 829 
3	0.0: 671 320 188 718 845 970 115 956 
3	0.0: 708 931 551 595 661 1012 254 958 
3	0.0: 666 853 551 661 612 850 280 983 
3	0.0: 686 910 750 647 660 930 388 945 
3	0.0: 699 375 638 472 480 889 556 1060 
3	0.0: 681 832 314 497 802 978 544 908 
3	0.0: 706 229 408 385 688 936 653 966 
3	0.0: 701 642 755 451 477 1036 233 1059 
3	0.0: 730 709 768 625 460 1086 441 870 
3	0.0: 710 538 573 583 742 1010 416 1222 
3	0.0: 679 1065 628 615 1118 1078 87 888 
3	0.0: 698 534 547 624 652 894 274 1134 
3	0.0: 688 592 570 703 987 870 162 881 
3	0.0: 679 685 373 606 875 925 616 902 
3	0.0: 698 703 468 645 931 1055 1 1025 
3	0.0: 682 439 702 653 950 973 271 750 
3	0.0: 654 848 151 584 627 943 301 879 
3	0.0: 673 744 482 502 721 965 491 1108 
3	0.0: 702 724 491 616 770 913 593 998 
3	0.0: 701 731 803 709 1110 1010 268 745 
3	0.0: 698 269 605 490 559 960 325 1041 
3	0.0: 704 525 735 550 877 937 739 1074 
3	0.0: 700 665 649 621 957 992 372 960 
3	0.0: 686 557 554 568 1101 916 199 939 
3	0.0: 681 1127 380 522 546 987 316 962 
3	0.0: 662 532 618 440 959 1022 318 986 
3	0.0: 693 840 668 451 697 1037 361 914 
3	0.0: 715 763 546 455 534 1091 13 931 
3	0.0: 696 721 419 634 866 853 456 906 
3	0.0: 683 449 545 630 1012 897 401 810 
3	0.0: 671 415 658 422 727 989 449 1096 
3	0.0: 691 918 701 464 622 858 181 765 
6	0.0: 691 508 643 623 320 876 217 973 
3	0.0: 696 571 352 463 721 968 335 892 
3	0.0: 685 564 272 592 665 806 235 942 
3	0.0: 679 788 503 577 694 913 146 855 
3	0.0: 678 841 339 450 923 1027 479 902 
3	0.0: 693 885 504 662 803 970 357 929 
3	0.0: 677 632 424 567 711 925 197 769 
3	0.0: 654 991 776 552 886 1120 201 900 
3	0.0: 695 724 416 640 716 999 304 836 
3	0.0: 681 440 272 541 785 977 280 927 
3	0.0: 687 774 568 531 717 1028 253 1071 
3	0.0: 653 585 594 707 737 912 500 853 
3	0.0: 666 353 666 636 785 784 76 1113 
3	0.0: 682 550 447 684 791 873 190 820 
3	0.0: 705 756 815 575 761 912 253 906 
3	0.0: 685 596 507 479 959 937 161 985 
3	0.0: 695 595 747 702 686 982 48 1008 
3	0.0: 689 557 468 468 731 837 574 904 
3	0.0: 676 334 441 446 700 1113 1 653 
3	0.0: 681 493 695 519 769 826 225 863 
3	0.0: 682 529 631 539 1068 1022 266 786 
3	0.0: 679 476 881 551 844 831 1001 1100 
3	0.0: 684 679 532 552 735 1028 94 974 
3	0.0: 711 631 800 417 976 883 208 1110 
3	0.0: 697 1107 455 571 682 890 286 1016 
3	0.0: 704 757 511 513 785 818 275 776 
3	0.0: 696 893 577 662 836 847 70 886 
3	0.0: 674 760 471 769 677 987 458 960 
3	0.0: 680 444 676 540 779 869 296 993 
3	0.0: 685 752 346 511 931 1027 1 879 
3	0.0: 668 967 495 678 818 1107 524 1033 
3	0.0: 687 477 585 532 629 1033 244 947 
3	0.0: 676 401 235 619 847 947 184 1000 
3	0.0: 716 772 438 633 845 948 1 1037 
3	0.0: 690 764 661 428 530 894 105 898 
3	0.0: 695 803 549 567 589 1051 93 830 
3	0.0: 689 468 562 484 777 1059 264 927 
3	0.0: 677 428 559 551 581 826 418 1014 
3	0.0: 686 891 476 507 721 975 256 1182 
3	0.0: 685 948 588 784 853 949 283 876 
3	0.0: 685 618 195 423 657 1118 212 854 
3	0.0: 690 436 539 599 976 969 435 904 
3	0.0: 684 710 322 425 527 835 177 1125 
3	0.0: 701 921 521 594 777 724 326 1086 
3	0.0: 716 386 562 543 865 1051 410 927 
3	0.0: 690 644 317 723 671 1053 227 829 
3	0.0: 707 660 388 621 610 1077 357 1013 
3	0.0: 689 721 652 465 530 1089 307 831 
3	0.0: 692 870 317 513 700 927 438 712 
3	0.0: 699 561 635 640 1000 930 143 1006 
3	0.0: 686 660 730 405 765 955 72 652 
3	0.0: 677 801 657 742 646 971 352 823 
3	0.0: 698 362 655 220 694 1106 392 927 
3	0.0: 695 479 322 607 601 936 303 809 
3	0.0: 674 582 610 499 819 937 284 970 
3	0.0: 686 443 499 494 821 867 462 975 
3	0.0: 699 518 676 779 573 918 214 898 
3	0.0: 705 786 491 703 994 879 84 1080 
3	0.0: 682 720 462 510 580 811 470 897 
3	0.0: 682 566 522 608 490 965 142 924 
3	0.0: 702 828 309 481 798 990 100 1004 
3	0.0: 646 300 547 568 641 976 289 1022 
3	0.0: 689 548 688 626 1075 1010 187 1049 
3	0.0: 682 928 319 378 1043 986 192 1009 
3	0.0: 724 860 467 568 683 896 432 936 
3	0.0: 676 830 628 650 826 888 128 729 
3	0.0: 669 609 686 519 783 979 258 924 
3	0.0: 684 759 435 547 858 804 446 923 
3	0.0: 693 767 587 634 944 954 555 802 
3	0.0: 656 596 724 601 788 853 1 919 
3	0.0: 702 595 610 431 1064 987 463 888 
3	0.0: 697 823 581 490 533 1047 272 812 
2	0.0: 692 687 366 329 565 898 478 742 
3	0.0: 682 801 505 424 987 985 382 996 
3	0.0: 688 524 388 287 621 857 78 990 
3	0.0: 692 759 596 564 822 833 364 973 
3	0.0: 665 616 486 469 619 1040 315 955 
3	0.0: 662 872 768 619 744 847 66 830 
3	0.0: 688 564 418 541 612 921 199 761 
3	0.0: 716 764 388 487 1010 1020 257 960 
3	0.0: 682 830 705 629 703 918 255 908 
3	0.0: 687 792 604 573 730 983 189 811 
3	0.0: 672 770 805 671 583 948 481 1105 
3	0.0: 723 787 321 646 474 1068 452 856 
3	0.0: 688 868 356 399 946 831 106 960 
3	0.0: 674 646 461 762 435 1049 225 965 
3	0.0: 702 1013 783 703 549 806 500 729 
3	0.0: 670 751 390 469 927 928 449 914 
3	0.0: 660 857 464 518 721 927 312 993 
3	0.0: 694 662 642 520 893 923 240 912 
3	0.0: 679 692 395 695 795 941 360 918 
3	0.0: 698 735 81 555 682 1035 1 902 
3	0.0: 707 587 249 464 991 933 102 961 
3	0.0: 673 721 369 553 841 962 450 974 
3	0.0: 701 486 521 640 638 998 508 872 
3	0.0: 696 635 845 599 835 947 483 921 
3	0.0: 667 888 405 743 843 783 323 671 
3	0.0: 689 636 673 476 617 1048 517 967 
3	0.0: 694 597 688 425 410 896 761 936 
3	0.0: 680 719 764 454 592 977 397 992 
3	0.0: 669 984 433 688 862 951 289 925 
3	0.0: 699 623 564 620 676 1021 1 925 
3	0.0: 697 1028 421 298 815 978 343 953 
3	0.0: 683 808 604 755 1088 880 220 909 
3	0.0: 702 496 557 504 479 894 326 685 
3	0.0: 685 663 721 569 675 869 372 1115 
3	0.0: 692 1208 727 679 837 1039 209 977 
3	0.0: 688 796 279 422 711 930 356 758 
3	0.0: 696 691 737 524 695 954 145 892 
3	0.0: 717 846 767 550 621 828 69 951 
3	0.0: 686 871 351 527 545 961 385 993 
3	0.0: 707 326 816 358 766 1099 372 848 
3	0.0: 699 628 600 721 632 845 1 1031 
3	0.0: 656 622 395 531 631 1103 90 880 
3	0.0: 676 813 630 629 794 965 1 955 
3	0.0: 691 623 372 504 817 1036 14 927 
3	0.0: 671 684 402 537 988 840 196 1047 
3	0.0: 693 735 395 524 808 902 424 858 
3	0.0: 683 928 808 765 851 999 412 932 
3	0.0: 680 519 642 564 669 947 28 818 
3	0.0: 682 432 461 586 693 986 1 985 
3	0.0: 693 661 320 639 762 969 464 919 
3	0.0: 681 573 331 499 733 876 1 871 
3	0.0: 668 647 503 564 835 979 1 909 
3	0.0: 686 731 707 829 797 1033 323 766 
3	0.0: 704 542 730 492 697 849 815 658 
3	0.0: 676 735 412 425 791 955 1 943 
3	0.0: 698 553 455 537 405 933 607 821 
3	0.0: 704 904 544 409 847 981 253 787 
3	0.0: 684 604 637 548 667 871 572 884 
3	0.0: 716 827 638 417 765 773 527 795 
3	0.0: 709 547 442 669 816 1059 635 635 
3	0.0: 702 812 646 487 696 968 283 836 
3	0.0: 672 820 623 612 772 995 122 991 
3	0.0: 693 699 450 644 1030 956 532 829 
3	0.0: 702 884 762 522 588 773 347 809 
3	0.0: 714 902 481 578 704 864 326 1002 
3	0.0: 690 766 785 587 895 1141 337 854 
3	0.0: 663 828 799 602 597 999 275 982 
3	0.0: 701 246 570 301 947 1025 239 1110 
3	0.0: 680 625 586 608 589 986 419 839 
3	0.0: 714 627 590 803 884 880 1 980 
3	0.0: 681 638 722 656 836 997 492 1060 
3	0.0: 693 1110 543 525 933 1108 239 1010 
3	0.0: 684 345 392 563 815 919 231 1035 
3	0.0: 640 789 475 648 826 1134 366 883 
3	0.0: 668 711 538 468 931 939 256 825 
3	0.0: 687 751 266 614 959 953 140 926 
3	0.0: 695 919 826 664 529 893 1 766 
3	0.0: 683 1028 650 559 765 920 427 820 
3	0.0: 674 600 536 782 856 951 304 935 
3	0.0: 673 928 688 672 863 914 1 872 
3	0.0: 694 775 833 554 765 844 359 819 
3	0.0: 688 680 602 532 711 1106 333 852 
3	0.0: 691 597 529 542 755 982 474 857 
3	0.0: 695 532 508 393 603 845 464 870 
3	0.0: 699 418 804 470 621 992 263 949 
3	0.0: 667 924 486 547 1120 803 285 989 
3	0.0: 678 1044 807 431 520 969 527 927 
3	0.0: 720 963 455 435 817 757 255 925 
3	0.0: 675 506 688 495 658 1053 511 1095 
3	0.0: 692 599 618 562 781 879 356 887 
3	0.0: 705 1080 111 720 1087 1116 295 752 
3	0.0: 670 780 513 508 729 830 169 911 
3	0.0: 713 757 481 663 702 901 530 1013 
3	0.0: 680 456 318 574 645 932 659 912 
3	0.0: 666 992 626 740 468 902 212 879 
3	0.0: 694 268 548 606 651 1047 368 950 
3	0.0: 671 547 153 626 945 921 1 989 
3	0.0: 688 708 807 727 798 800 135 969 
3	0.0: 717 618 491 634 547 981 51 986 
3	0.0: 691 724 594 562 852 1048 364 750 
3	0.0: 690 812 833 539 943 1001 485 834 
3	0.0: 699 841 514 410 785 981 336 892 
3	0.0: 700 826 449 448 790 965 397 913 
3	0.0: 676 623 625 534 601 926 175 872 
3	0.0: 677 647 657 531 627 1067 462 601 
3	0.0: 699 859 718 468 626 887 515 922 
3	0.0: 708 499 272 568 587 983 207 1015 
3	0.0: 675 871 607 566 1010 902 347 774 
3	0.0: 684 799 719 616 938 753 519 864 
3	0.0: 677 536 531 739 932 1001 98 1062 
3	0.0: 687 757 356 474 721 999 2 981 
3	0.0: 721 716 923 576 506 1098 314 1115 
3	0.0: 668 836 624 490 540 953 514 1066 
3	0.0: 680 629 444 656 793 1002 220 852 
3	0.0: 670 1048 563 445 406 1121 191 852 
3	0.0: 687 882 297 425 995 824 91 863 
3	0.0: 703 994 537 501 742 788 75 821 
3	0.0: 700 627 371 547 787 794 413 986 
3	0.0: 711 734 354 704 689 1022 364 954 
3	0.0: 667 731 522 518 954 795 451 761 
3	0.0: 708 709 472 565 640 895 528 1004 
3	0.0: 697 619 436 770 535 796 524 712 
3	0.0: 696 553 602 698 551 857 473 952 
3	0.0: 680 645 634 606 886 1090 1 910 
3	0.0: 682 668 349 719 775 1022 295 1025 
3	0.0: 695 514 664 422 563 974 413 997 
3	0.0: 667 984 654 790 701 839 556 929 
3	0.0: 693 1025 472 771 784 931 301 819 
3	0.0: 661 603 766 483 749 861 272 903 
3	0.0: 676 868 418 733 501 1092 192 958 
3	0.0: 702 742 518 464 966 1059 207 1004 
3	0.0: 706 515 518 531 818 972 773 972 
3	0.0: 696 795 567 637 839 916 641 966 
3	0.0: 654 678 746 587 708 1185 481 882 
3	0.0: 670 1088 538 659 733 1049 238 906 
3	0.0: 673 697 622 579 602 874 760 929 
3	0.0: 694 759 560 397 563 992 77 1087 
3	0.0: 660 1004 491 609 561 1113 326 1084 
3	0.0: 678 626 598 692 864 982 312 1040 
3	0.0: 663 301 117 439 852 1060 245 917 
3	0.0: 698 727 437 649 498 781 1 1002 
3	0.0: 701 632 697 376 1187 892 444 838 
3	0.0: 685 1138 552 650 715 897 137 793 
3	0.0: 683 1020 237 675 762 993 498 779 
3	0.0: 716 839 358 475 803 962 251 916 
3	0.0: 663 780 677 497 765 1020 368 1117 
3	0.0: 680 704 587 461 515 1019 73 1037 
3	0.0: 658 637 735 595 474 1008 1 922 
3	0.0: 683 600 571 457 777 936 137 878 
3	0.0: 696 480 511 523 689 988 283 923 
3	0.0: 700 776 366 531 669 947 304 1126 
3	0.0: 712 660 412 634 497 905 358 973 
3	0.0: 663 358 494 613 615 1027 707 864 
3	0.0: 689 766 469 634 721 979 89 801 
3	0.0: 693 805 644 676 666 1158 216 995 
3	0.0: 678 1223 623 548 793 938 269 895 
3	0.0: 670 550 512 651 693 1055 579 1042 
3	0.0: 681 580 554 732 676 1069 345 811 
3	0.0: 673 656 561 633 1048 847 107 1140 
3	0.0: 691 470 571 550 703 890 187 1167 
3	0.0: 692 703 637 508 702 1039 469 984 
3	0.0: 704 450 427 325 525 1072 246 923 
3	0.0: 693 699 819 583 840 900 383 959 
3	0.0: 660 596 462 628 822 919 154 855 
3	0.0: 661 713 413 659 472 1034 1 974 
3	0.0: 691 824 418 440 677 905 362 1028 
3	0.0: 698 627 496 569 584 1058 267 1004 
3	0.0: 698 618 759 488 785 1032 378 901 
3	0.0: 695 430 506 531 762 969 183 872 
3	0.0: 683 553 552 663 640 1005 173 1058 
3	0.0: 708 731 499 595 798 926 388 926 
3	0.0: 684 409 448 567 800 1028 80 807 
3	0.0: 690 635 397 646 720 998 579 982 
3	0.0: 666 408 542 482 535 996 283 921 
3	0.0: 697 629 774 418 877 1017 7 905 
3	0.0: 737 313 630 752 715 1151 286 820 
3	0.0: 711 589 500 628 462 1163 91 909 
3	0.0: 684 533 503 518 625 801 383 1016 
3	0.0: 703 753 554 594 765 981 1 980 
3	0.0: 691 832 336 671 920 912 246 927 
3	0.0: 714 404 655 361 1170 899 376 817 
3	0.0: 674 311 342 733 509 920 447 871 
3	0.0: 705 750 537 508 910 968 563 800 
3	0.0: 676 713 602 611 731 993 373 1097 
3	0.0: 696 603 523 556 754 941 120 1030 
3	0.0: 693 539 488 607 517 745 1 957 
3	0.0: 723 946 636 725 807 913 296 1134 
3	0.0: 690 894 735 476 580 1037 84 918 
3	0.0: 657 803 566 507 489 861 162 952 
3	0.0: 705 671 378 638 714 985 304 1120 
3	0.0: 712 819 715 395 680 959 427 778 
3	0.0: 717 881 459 744 672 875 290 1062 
3	0.0: 657 724 478 521 531 926 332 853 
3	0.0: 687 684 510 622 1000 976 189 993 
3	0.0: 708 618 309 538 895 1085 363 898 
3	0.0: 675 635 402 749 784 956 281 899 
3	0.0: 668 716 400 503 412 931 651 823 
3	0.0: 675 650 322 660 1012 1024 345 886 
3	0.0: 682 515 575 294 693 863 185 888 
3	0.0: 693 1079 730 725 576 996 230 851 
3	0.0: 686 700 290 566 991 957 215 894 
3	0.0: 687 296 266 903 835 834 307 938 
3	0.0: 667 505 437 587 658 1003 239 831 
3	0.0: 689 480 711 791 593 900 119 883 
3	0.0: 694 851 493 461 696 1130 421 948 
3	0.0: 671 670 724 517 727 1119 435 916 
3	0.0: 707 782 295 509 814 989 422 837 
3	0.0: 678 483 438 580 668 1010 301 821 
3	0.0: 705 554 505 601 738 892 451 921 
3	0.0: 650 678 326 516 761 922 185 954 
3	0.0: 682 951 314 624 600 969 286 1045 
3	0.0: 694 832 412 581 643 954 198 776 
3	0.0: 703 577 807 777 657 1056 395 894 
3	0.0: 673 524 513 453 908 941 277 839 
3	0.0: 692 570 663 589 683 1072 415 953 
3	0.0: 686 769 486 466 747 963 34 924 
3	0.0: 692 821 635 398 579 947 341 892 
3	0.0: 673 698 560 673 729 885 86 898 
3	0.0: 675 1017 537 675 682 901 234 714 
3	0.0: 721 541 486 601 467 1037 184 1040 
3	0.0: 697 687 370 560 635 917 1 1043 
3	0.0: 675 913 318 543 858 966 359 868 
3	0.0: 695 655 650 348 884 935 723 1103 
3	0.0: 677 732 313 539 831 967 270 923 
3	0.0: 678 374 653 527 617 877 544 994 
3	0.0: 673 610 713 410 716 1036 580 927 
3	0.0: 639 673 522 714 687 905 186 1108 
3	0.0: 710 583 660 619 852 1051 466 965 
3	0.0: 703 865 591 582 434 860 468 1133 
3	0.0: 700 889 504 630 1133 1031 53 978 
3	0.0: 672 472 692 374 767 988 264 750 
3	0.0: 676 690 291 553 448 923 224 925 
3	0.0: 675 574 428 634 660 862 1 1002 
3	0.0: 706 838 353 643 750 1075 342 867 
3	0.0: 697 625 481 552 931 852 368 862 
3	0.0: 699 609 323 550 986 854 585 853 
3	0.0: 708 528 570 666 966 888 350 838 
3	0.0: 691 795 684 791 623 1032 332 900 
3	0.0: 691 709 518 445 632 1024 435 1040 
3	0.0: 688 980 797 588 683 936 312 1027 
3	0.0: 689 793 781 638 578 963 367 811 
3	0.0: 698 852 493 617 937 959 265 798 
3	0.0: 690 547 374 571 835 941 273 735 
3	0.0: 688 770 603 507 890 998 509 1007 
3	0.0: 665 699 627 599 889 852 30 757 
3	0.0: 707 594 663 513 836 1081 16 1026 
3	0.0: 694 825 722 462 599 872 462 889 
3	0.0: 689 849 712 377 840 1032 396 980 
3	0.0: 682 852 575 488 822 881 228 836 
3	0.0: 677 601 448 639 804 928 272 955 
3	0.0: 705 858 707 559 638 1216 528 1002 
3	0.0: 696 930 537 686 753 962 541 1006 
3	0.0: 696 698 437 570 853 1191 167 811 
3	0.0: 685 666 497 633 623 823 39 942 
3	0.0: 682 665 434 547 697 1053 223 891 
3	0.0: 677 645 497 629 579 973 101 662 
3	0.0: 676 509 557 466 702 928 233 873 
3	0.0: 693 771 684 601 725 1032 318 945 
3	0.0: 722 572 646 491 565 1047 377 958 
3	0.0: 675 826 518 580 781 943 425 1099 
3	0.0: 698 803 354 470 765 985 525 895 
3	0.0: 702 515 506 588 816 1035 232 1060 
3	0.0: 689 800 441 431 1052 1091 381 938 
3	0.0: 680 579 605 488 589 938 431 1014 
3	0.0: 670 1010 586 510 843 836 288 862 
3	0.0: 665 774 571 349 611 982 114 788 
3	0.0: 696 428 391 596 702 929 277 1089 
