4	0.0: 137 1002 394 988 575 664 715 433 
1	0.0: 131 877 518 1015 572 343 672 1 
4	0.0: 157 916 436 525 455 765 630 344 
1	0.0: 180 985 514 851 519 448 739 185 
1	0.0: 144 869 539 573 492 360 581 121 
1	0.0: 146 874 436 425 564 572 591 70 
1	0.0: 147 854 579 531 536 492 715 1 
4	0.0: 163 936 572 1030 640 511 565 32 
1	0.0: 148 874 468 906 544 316 665 207 
1	0.0: 169 1085 590 642 577 601 572 103 
1	0.0: 140 1009 530 1047 637 167 697 1 
4	0.0: 163 1010 344 969 583 591 698 167 
4	0.0: 153 805 539 882 558 492 773 1 
4	0.0: 144 996 446 852 590 558 557 62 
1	0.0: 165 887 549 774 500 360 588 179 
4	0.0: 165 991 536 891 542 850 693 156 
4	0.0: 155 933 612 990 493 467 663 1 
4	0.0: 151 1006 396 760 522 598 572 1 
1	0.0: 160 939 534 1209 551 307 655 315 
1	0.0: 162 887 468 940 656 130 746 705 
4	0.0: 156 939 580 1111 579 426 642 38 
4	0.0: 168 855 507 752 530 617 718 62 
4	0.0: 128 879 384 967 572 630 898 438 
4	0.0: 165 851 500 1036 487 401 738 1 
1	0.0: 158 939 534 841 467 436 666 1 
1	0.0: 160 926 405 1100 565 82 659 234 
1	0.0: 173 994 651 1115 414 469 728 293 
1	0.0: 156 818 526 507 652 415 566 45 
4	0.0: 154 790 630 855 471 625 625 122 
4	0.0: 139 828 420 827 488 521 577 1 
1	0.0: 147 960 482 694 629 222 661 223 
1	0.0: 147 907 509 1003 549 165 724 1 
4	0.0: 130 879 512 1140 534 534 638 1 
4	0.0: 157 919 495 1038 583 624 683 204 
1	0.0: 181 877 483 900 561 407 685 1 
4	0.0: 143 969 620 1015 541 579 697 17 
1	0.0: 120 893 549 461 560 157 694 258 
4	0.0: 144 867 555 1471 497 490 601 1 
1	0.0: 147 799 504 666 596 504 598 125 
4	0.0: 172 932 470 770 559 575 616 80 
1	0.0: 151 839 501 829 493 382 705 34 
1	0.0: 163 982 583 1045 394 452 611 1 
1	0.0: 140 966 459 834 584 398 722 284 
4	0.0: 144 776 496 1035 566 558 788 8 
1	0.0: 144 902 520 899 539 445 604 218 
1	0.0: 157 900 422 939 536 419 753 1 
1	0.0: 138 1007 433 979 569 471 643 1 
4	0.0: 151 943 561 684 580 618 516 91 
4	0.0: 135 830 356 871 461 636 715 1 
1	0.0: 161 944 508 1129 566 290 669 73 
4	0.0: 143 980 581 1011 469 591 558 65 
1	0.0: 159 909 510 925 548 487 648 161 
1	0.0: 153 937 557 811 541 291 644 399 
4	0.0: 185 905 409 1058 580 669 777 3 
4	0.0: 166 1001 542 957 610 593 605 32 
4	0.0: 138 847 489 875 605 457 680 50 
1	0.0: 145 997 465 804 552 481 608 379 
1	0.0: 167 935 528 574 591 404 655 102 
1	0.0: 138 1005 532 1241 570 122 663 103 
1	0.0: 163 978 533 551 655 239 659 65 
1	0.0: 114 905 459 984 705 390 684 12 
4	0.0: 157 966 582 998 479 598 557 93 
1	0.0: 157 1054 496 767 658 466 685 180 
1	0.0: 148 899 471 417 464 118 550 1 
1	0.0: 154 1089 507 861 531 364 649 289 
4	0.0: 136 1022 527 1087 500 516 578 36 
1	0.0: 156 1082 612 552 525 95 708 1 
1	0.0: 136 1020 526 659 508 1 631 270 
1	0.0: 147 803 435 799 471 284 652 84 
1	0.0: 143 830 528 875 480 313 676 1 
1	0.0: 152 934 525 1025 542 395 670 120 
1	0.0: 140 982 475 891 569 396 711 145 
4	0.0: 164 911 520 1181 541 508 654 200 
1	0.0: 157 1041 535 828 596 366 605 312 
4	0.0: 157 929 289 636 636 748 545 214 
4	0.0: 156 995 432 913 559 600 572 138 
1	0.0: 171 921 426 948 567 477 594 186 
1	0.0: 136 1024 461 949 623 373 595 1 
4	0.0: 170 872 360 900 674 489 669 24 
1	0.0: 145 938 438 1118 567 367 652 1 
1	0.0: 155 1035 667 1039 495 427 568 72 
1	0.0: 151 1053 398 769 492 443 625 1 
4	0.0: 139 849 468 847 453 707 639 1 
1	0.0: 173 874 552 788 618 370 877 43 
1	0.0: 165 1048 566 996 489 400 650 1 
4	0.0: 167 997 509 843 475 571 769 1 
1	0.0: 141 876 478 809 541 365 566 373 
1	0.0: 164 926 363 1008 513 309 664 365 
4	0.0: 153 817 449 915 587 508 674 207 
1	0.0: 142 907 502 971 546 222 588 1 
1	0.0: 159 1055 474 668 615 437 465 1 
1	0.0: 160 925 573 807 548 1 768 184 
4	0.0: 141 927 494 904 528 593 678 1 
4	0.0: 145 981 487 570 626 634 624 48 
1	0.0: 159 1041 536 910 738 262 741 128 
1	0.0: 132 988 481 812 667 211 667 433 
1	0.0: 140 968 541 706 415 387 710 285 
4	0.0: 154 946 535 1055 527 623 702 1 
4	0.0: 148 1070 461 1038 479 982 765 204 
1	0.0: 130 1106 513 1098 609 125 539 144 
1	0.0: 140 959 480 513 523 87 635 286 
1	0.0: 147 1065 610 693 630 435 688 1 
4	0.0: 167 956 564 925 595 516 728 1 
1	0.0: 142 878 577 893 494 192 681 111 
1	0.0: 145 1117 521 971 578 417 676 430 
1	0.0: 152 1087 544 455 573 413 766 241 
1	0.0: 145 960 627 677 546 345 805 130 
1	0.0: 138 882 467 1051 532 224 561 66 
1	0.0: 162 883 451 662 482 25 569 1 
1	0.0: 141 990 498 398 485 301 571 67 
1	0.0: 145 914 436 847 535 284 746 271 
4	0.0: 134 955 431 1284 502 386 672 58 
1	0.0: 156 967 480 722 503 195 640 150 
4	0.0: 159 1017 553 912 511 674 651 1 
4	0.0: 171 838 422 1087 540 711 739 1 
4	0.0: 146 859 428 891 489 812 774 524 
4	0.0: 156 822 489 686 678 593 669 62 
1	0.0: 165 1151 416 215 541 530 696 1 
1	0.0: 133 1018 502 1027 493 428 557 118 
1	0.0: 149 998 448 778 623 288 652 417 
1	0.0: 127 997 522 917 570 246 557 1 
1	0.0: 142 896 464 879 530 400 663 51 
1	0.0: 151 842 699 917 528 258 471 217 
1	0.0: 159 875 409 1162 502 371 558 324 
4	0.0: 130 944 411 909 444 611 556 71 
1	0.0: 157 888 550 807 611 419 615 1 
1	0.0: 150 814 472 698 427 327 534 1 
4	0.0: 162 817 476 1185 490 554 728 320 
1	0.0: 143 969 656 965 559 2 559 211 
1	0.0: 160 967 458 909 501 173 666 1 
4	0.0: 146 796 605 1153 533 722 768 249 
4	0.0: 171 1108 561 1255 639 565 710 63 
4	0.0: 168 878 481 831 505 576 575 269 
1	0.0: 165 1031 424 649 592 427 755 80 
1	0.0: 147 970 596 761 569 326 644 151 
1	0.0: 173 739 475 710 508 239 648 1 
1	0.0: 158 1070 511 952 566 182 723 280 
4	0.0: 163 1008 593 735 598 704 652 324 
1	0.0: 152 1077 384 1091 511 293 634 64 
1	0.0: 156 823 484 785 607 244 661 1 
1	0.0: 131 899 446 598 556 499 513 353 
1	0.0: 163 986 457 808 601 416 731 1 
1	0.0: 146 1023 507 739 484 553 632 1 
4	0.0: 156 1022 470 848 504 687 721 217 
1	0.0: 179 995 420 1263 610 391 596 198 
1	0.0: 158 974 547 923 526 437 498 164 
4	0.0: 146 856 607 914 542 534 594 60 
1	0.0: 147 975 504 922 479 324 629 132 
4	0.0: 147 888 302 1018 511 459 703 1 
1	0.0: 121 915 538 436 584 330 696 191 
4	0.0: 169 993 577 1257 510 410 705 1 
4	0.0: 174 1000 487 596 529 629 614 1 
1	0.0: 123 949 461 324 609 412 702 17 
4	0.0: 155 953 449 634 517 582 682 1 
4	0.0: 138 874 446 794 564 487 703 1 
4	0.0: 173 1100 479 547 680 724 548 106 
1	0.0: 144 945 419 1107 538 237 701 1 
4	0.0: 149 1003 509 1039 581 576 625 157 
1	0.0: 129 851 550 877 552 270 711 1 
1	0.0: 162 842 466 761 500 465 552 122 
1	0.0: 167 893 464 1188 574 298 766 1 
1	0.0: 169 1024 541 813 630 457 675 102 
1	0.0: 140 933 491 944 650 288 604 1 
4	0.0: 157 814 500 802 545 508 720 30 
1	0.0: 168 901 557 897 500 487 569 143 
4	0.0: 162 1011 461 949 563 789 604 1 
1	0.0: 155 839 567 860 604 423 775 197 
1	0.0: 161 899 512 801 636 182 741 1 
1	0.0: 150 965 425 875 509 360 701 245 
1	0.0: 150 959 411 680 528 387 633 71 
1	0.0: 153 972 563 1082 577 432 545 6 
4	0.0: 148 1074 458 977 521 662 570 1 
4	0.0: 157 852 477 851 487 524 770 30 
1	0.0: 141 1023 343 742 543 404 660 446 
1	0.0: 154 855 482 884 641 99 645 1 
1	0.0: 135 1039 568 822 582 361 614 28 
1	0.0: 138 898 467 1243 536 183 696 108 
1	0.0: 190 1080 557 645 459 444 608 83 
4	0.0: 163 896 416 1187 586 463 606 267 
4	0.0: 153 834 516 779 601 577 551 16 
1	0.0: 168 883 493 753 576 377 715 1 
4	0.0: 134 967 475 482 601 679 656 230 
4	0.0: 148 1006 415 735 574 694 694 253 
1	0.0: 150 902 511 1001 474 375 513 294 
1	0.0: 159 806 388 671 568 490 534 260 
1	0.0: 167 1034 529 464 623 179 640 1 
1	0.0: 169 961 480 944 462 387 769 1 
4	0.0: 168 988 443 1276 520 494 703 24 
1	0.0: 154 1023 472 1411 596 188 512 216 
4	0.0: 174 851 446 902 622 518 697 1 
1	0.0: 141 934 549 763 537 436 746 158 
4	0.0: 157 912 453 854 541 692 662 1 
1	0.0: 154 1040 507 641 575 524 684 1 
1	0.0: 145 1094 424 736 502 549 619 1 
1	0.0: 167 904 564 453 453 453 747 112 
1	0.0: 139 1021 487 978 462 239 717 22 
4	0.0: 155 873 407 901 587 521 667 1 
1	0.0: 151 1053 471 900 455 419 696 182 
1	0.0: 145 842 507 848 516 527 520 173 
4	0.0: 166 864 598 1323 579 602 718 166 
1	0.0: 164 992 421 661 569 357 703 274 
1	0.0: 155 1023 544 933 543 501 574 437 
1	0.0: 134 904 525 1222 597 332 723 35 
4	0.0: 167 1039 545 694 525 655 674 1 
1	0.0: 163 945 540 336 544 157 595 170 
4	0.0: 146 1074 498 796 527 577 680 1 
1	0.0: 167 1070 590 652 578 338 664 1 
4	0.0: 154 1046 395 1113 579 527 592 6 
1	0.0: 145 964 568 998 504 364 773 87 
1	0.0: 168 925 537 1026 435 96 646 143 
4	0.0: 169 1054 424 565 537 684 691 1 
4	0.0: 128 815 532 953 593 624 665 133 
1	0.0: 148 1111 549 748 641 557 591 1 
1	0.0: 165 1061 468 1029 500 272 743 65 
4	0.0: 152 912 286 713 487 580 659 1 
1	0.0: 159 943 512 1135 464 263 700 197 
1	0.0: 162 849 482 794 575 476 667 173 
1	0.0: 178 1018 556 1042 507 338 695 1 
1	0.0: 161 979 436 905 540 383 677 88 
1	0.0: 144 846 362 645 694 501 677 1 
1	0.0: 184 1077 396 829 588 543 674 110 
1	0.0: 146 1028 544 884 617 66 590 1 
1	0.0: 174 746 582 1040 560 316 659 1 
1	0.0: 147 894 457 894 467 361 670 1 
4	0.0: 146 837 481 955 491 540 651 293 
4	0.0: 158 941 546 733 645 818 663 199 
1	0.0: 145 970 457 915 599 315 696 364 
4	0.0: 144 820 396 1244 541 590 691 160 
1	0.0: 151 961 614 928 479 491 654 152 
4	0.0: 133 903 484 832 573 670 526 73 
1	0.0: 130 937 507 877 578 447 581 1 
1	0.0: 141 1024 487 940 537 470 586 120 
1	0.0: 131 966 474 990 562 196 516 147 
4	0.0: 157 991 561 671 600 685 762 224 
4	0.0: 144 892 429 828 520 563 773 1 
1	0.0: 144 923 509 635 581 97 658 141 
1	0.0: 161 926 395 688 488 351 596 373 
1	0.0: 134 892 511 910 514 361 614 402 
4	0.0: 143 1078 321 979 589 712 598 84 
4	0.0: 153 1128 463 827 457 722 786 25 
1	0.0: 165 1000 448 990 519 350 663 1 
1	0.0: 141 1075 466 804 474 320 574 101 
1	0.0: 137 1001 508 971 657 396 667 78 
1	0.0: 167 949 715 653 574 435 650 154 
4	0.0: 178 1027 503 890 560 617 594 95 
4	0.0: 171 913 414 1061 549 490 625 1 
1	0.0: 171 935 530 619 586 197 530 230 
1	0.0: 152 938 421 1001 568 395 691 1 
1	0.0: 145 987 544 899 496 195 596 69 
1	0.0: 160 1037 542 843 498 154 590 226 
4	0.0: 144 983 444 971 523 932 697 149 
4	0.0: 166 988 567 1205 595 655 582 9 
1	0.0: 141 1054 426 800 654 437 638 333 
4	0.0: 172 1041 529 964 594 871 704 100 
4	0.0: 160 893 519 934 554 515 632 160 
4	0.0: 178 964 525 602 463 636 678 71 
1	0.0: 122 989 593 793 499 311 669 1 
4	0.0: 149 1093 428 1164 615 501 602 97 
1	0.0: 148 941 456 466 535 473 530 126 
1	0.0: 167 985 370 1020 538 466 639 219 
4	0.0: 165 1009 486 1038 481 481 654 23 
1	0.0: 158 898 498 859 511 504 657 144 
1	0.0: 137 955 468 781 570 408 563 62 
1	0.0: 154 871 372 806 571 243 679 337 
1	0.0: 164 1104 569 616 556 319 611 248 
1	0.0: 142 1061 547 905 580 350 762 233 
4	0.0: 177 837 644 1070 581 547 717 227 
1	0.0: 153 1011 510 556 557 161 685 7 
4	0.0: 165 903 584 1003 610 853 654 1 
1	0.0: 136 1018 572 448 521 172 586 105 
4	0.0: 158 906 472 1127 592 678 518 336 
1	0.0: 179 1134 335 245 570 553 693 17 
4	0.0: 157 951 668 598 494 659 571 1 
1	0.0: 155 1026 563 716 484 479 679 85 
1	0.0: 149 1028 491 970 379 481 633 1 
4	0.0: 139 995 422 1068 546 936 554 1 
1	0.0: 118 1073 500 870 534 318 620 162 
1	0.0: 168 873 500 865 637 460 620 113 
1	0.0: 140 1027 612 790 645 1 624 1 
4	0.0: 154 1036 562 1086 517 557 736 116 
1	0.0: 153 1100 588 796 617 279 659 1 
1	0.0: 143 930 546 801 595 171 684 1 
1	0.0: 166 1080 420 885 538 477 616 123 
4	0.0: 167 941 350 1017 475 638 604 1 
4	0.0: 156 845 438 840 570 521 660 13 
1	0.0: 154 968 425 829 548 373 709 1 
1	0.0: 110 879 611 786 552 143 615 40 
4	0.0: 154 900 521 995 528 477 625 1 
4	0.0: 172 843 433 1153 552 472 601 84 
1	0.0: 154 1000 564 988 541 462 634 341 
4	0.0: 156 967 449 823 623 711 602 132 
1	0.0: 149 949 519 797 556 227 682 182 
4	0.0: 137 894 658 625 537 934 622 160 
1	0.0: 151 1040 355 890 626 335 649 261 
4	0.0: 159 954 494 585 510 698 655 133 
1	0.0: 176 1023 460 896 536 416 614 1 
1	0.0: 159 1039 485 615 607 422 726 3 
4	0.0: 154 980 564 867 561 763 606 163 
1	0.0: 160 939 508 992 522 464 643 240 
1	0.0: 145 1116 600 813 578 450 675 146 
1	0.0: 152 995 499 848 544 133 690 102 
1	0.0: 171 1085 704 721 560 11 641 1 
1	0.0: 147 943 538 774 538 1 695 124 
1	0.0: 151 1064 502 733 565 412 558 1 
1	0.0: 153 1047 527 934 542 228 594 1 
4	0.0: 143 925 579 1137 589 416 674 131 
1	0.0: 160 809 365 1054 549 339 581 1 
4	0.0: 167 976 440 620 477 656 609 1 
1	0.0: 140 901 336 726 580 27 661 1 
1	0.0: 150 870 450 891 565 419 663 209 
4	0.0: 166 1003 443 760 499 772 640 137 
4	0.0: 168 925 402 782 565 696 712 1 
4	0.0: 192 963 429 897 506 605 622 1 
1	0.0: 160 1021 608 722 626 427 611 59 
1	0.0: 157 849 474 886 595 218 682 386 
1	0.0: 136 1030 495 329 569 450 721 1 
1	0.0: 148 1085 386 962 583 497 622 116 
1	0.0: 171 1062 452 851 559 549 617 167 
4	0.0: 196 992 528 625 619 663 612 1 
4	0.0: 178 940 496 1062 543 554 593 33 
1	0.0: 167 935 527 550 513 210 779 9 
4	0.0: 158 1017 500 900 493 663 646 236 
1	0.0: 146 980 616 854 508 425 605 153 
1	0.0: 145 975 652 830 568 460 670 345 
4	0.0: 152 750 486 951 530 755 724 55 
4	0.0: 165 946 505 992 577 713 639 340 
4	0.0: 147 1052 349 1270 585 654 629 176 
1	0.0: 151 1101 409 665 549 275 581 245 
4	0.0: 158 926 467 912 485 541 635 41 
1	0.0: 162 997 443 864 565 472 589 367 
1	0.0: 129 883 366 846 520 398 640 1 
1	0.0: 157 871 529 874 436 335 801 12 
4	0.0: 130 997 430 1411 504 585 679 1 
4	0.0: 147 1023 469 908 507 912 845 101 
4	0.0: 164 989 552 873 575 598 649 39 
1	0.0: 143 1098 456 1113 523 443 746 195 
4	0.0: 163 1017 372 877 554 645 629 102 
1	0.0: 118 911 428 1037 598 281 779 230 
4	0.0: 161 954 488 835 562 553 675 172 
1	0.0: 126 1043 413 608 584 562 784 187 
1	0.0: 165 911 545 807 504 315 536 1 
1	0.0: 143 957 513 708 608 140 657 570 
1	0.0: 156 923 483 965 491 95 672 290 
1	0.0: 160 952 530 879 597 505 712 293 
1	0.0: 152 874 593 674 516 486 722 1 
1	0.0: 157 925 488 850 588 226 669 1 
1	0.0: 160 976 441 865 616 494 655 105 
1	0.0: 161 970 465 1121 549 431 637 470 
1	0.0: 141 860 625 605 506 327 618 1 
4	0.0: 169 1013 425 1293 544 495 606 289 
1	0.0: 150 1069 448 1027 510 361 596 1 
4	0.0: 169 986 447 717 602 638 618 258 
1	0.0: 166 989 627 927 555 446 590 304 
4	0.0: 163 891 524 1113 592 963 696 114 
1	0.0: 147 1003 455 409 591 304 559 203 
1	0.0: 148 1154 457 749 576 463 675 1 
4	0.0: 152 885 520 731 563 584 632 106 
1	0.0: 154 1026 396 1056 653 354 794 41 
1	0.0: 198 962 433 942 585 191 701 1 
1	0.0: 143 1007 393 993 566 457 745 128 
1	0.0: 163 998 497 991 582 112 707 79 
1	0.0: 157 989 550 600 550 391 489 1 
1	0.0: 154 880 486 789 543 266 693 266 
1	0.0: 164 1032 552 959 498 215 578 151 
1	0.0: 163 914 503 759 560 109 762 2 
4	0.0: 157 1024 508 814 510 686 659 45 
4	0.0: 140 951 521 787 645 839 665 163 
4	0.0: 148 834 391 822 571 689 589 254 
1	0.0: 139 925 575 902 584 236 567 247 
4	0.0: 150 878 479 904 585 555 621 33 
1	0.0: 142 1118 587 833 578 1 728 1 
4	0.0: 147 909 449 684 515 546 642 1 
4	0.0: 168 774 510 821 597 507 688 1 
1	0.0: 138 918 429 539 613 471 582 24 
1	0.0: 166 893 559 911 468 391 682 110 
1	0.0: 148 815 531 734 528 52 768 111 
4	0.0: 142 869 557 1227 410 634 651 357 
1	0.0: 165 898 525 1195 539 1 613 9 
1	0.0: 148 978 464 383 563 566 681 1 
1	0.0: 141 996 450 524 498 1 745 12 
1	0.0: 154 1033 503 1147 596 459 627 215 
1	0.0: 152 1099 530 774 526 461 545 440 
4	0.0: 137 957 434 736 451 698 502 222 
1	0.0: 135 900 450 603 615 496 799 190 
1	0.0: 159 961 372 1471 509 206 712 1 
1	0.0: 152 982 520 843 554 356 649 1 
1	0.0: 170 961 636 1245 511 105 629 1 
1	0.0: 166 977 551 1055 544 335 672 473 
1	0.0: 146 1024 422 1127 511 375 654 173 
4	0.0: 143 987 626 1201 551 500 702 310 
1	0.0: 184 1002 467 929 589 443 698 92 
1	0.0: 179 969 493 1046 560 285 609 383 
4	0.0: 145 1061 550 1113 588 518 728 1 
4	0.0: 171 898 534 946 524 785 594 68 
1	0.0: 131 966 595 836 592 447 712 128 
4	0.0: 160 996 518 1051 525 512 680 1 
1	0.0: 149 981 520 368 495 367 573 189 
4	0.0: 150 918 507 781 550 535 686 95 
1	0.0: 147 948 475 891 531 168 470 310 
4	0.0: 157 985 548 790 550 577 697 1 
1	0.0: 151 1016 634 798 521 247 678 132 
1	0.0: 163 891 470 759 525 274 668 59 
1	0.0: 136 938 476 825 539 307 622 21 
1	0.0: 147 863 511 1156 520 217 720 390 
4	0.0: 170 828 446 958 583 496 814 3 
4	0.0: 144 1134 603 501 631 800 765 1 
1	0.0: 149 995 744 782 500 333 611 1 
1	0.0: 136 872 527 677 463 20 649 1 
1	0.0: 144 963 450 1314 640 220 644 1 
1	0.0: 160 1016 575 1039 587 377 709 90 
1	0.0: 166 920 441 818 546 490 630 50 
1	0.0: 148 972 487 875 511 441 654 234 
1	0.0: 145 1046 576 847 519 324 655 170 
1	0.0: 168 1011 392 606 571 313 692 79 
1	0.0: 162 878 539 916 535 269 693 207 
1	0.0: 149 841 463 784 542 291 637 170 
1	0.0: 142 820 544 868 565 135 714 6 
4	0.0: 124 885 528 1077 505 654 678 81 
1	0.0: 160 958 637 601 471 569 596 1 
4	0.0: 147 847 572 1152 404 591 544 24 
4	0.0: 142 862 447 635 585 674 618 168 
4	0.0: 163 934 459 806 595 595 652 236 
1	0.0: 129 986 528 516 552 594 732 191 
1	0.0: 165 917 676 731 569 333 710 128 
1	0.0: 144 951 533 753 468 289 656 1 
1	0.0: 178 943 595 781 501 360 723 66 
4	0.0: 167 988 474 721 560 716 581 1 
4	0.0: 145 914 436 1105 601 586 670 1 
4	0.0: 155 797 427 1186 613 713 736 268 
1	0.0: 144 980 603 813 615 361 673 1 
4	0.0: 140 886 581 674 541 564 714 3 
4	0.0: 177 1057 511 829 570 770 608 38 
1	0.0: 151 835 603 1003 528 481 511 384 
1	0.0: 151 880 407 901 376 511 657 148 
1	0.0: 137 977 608 879 569 389 641 1 
1	0.0: 157 944 551 798 628 475 611 1 
4	0.0: 166 979 402 904 503 592 691 287 
1	0.0: 129 920 448 987 486 261 615 1 
4	0.0: 154 1053 607 827 656 714 737 1 
1	0.0: 157 1143 515 867 596 444 700 378 
1	0.0: 155 1066 460 1140 479 216 745 163 
1	0.0: 165 1002 473 1433 532 142 581 1 
1	0.0: 149 831 574 657 632 378 725 23 
1	0.0: 183 742 529 836 487 410 693 1 
1	0.0: 152 818 444 1195 663 185 701 214 
1	0.0: 163 815 576 778 598 358 644 336 
1	0.0: 180 988 482 811 503 334 628 1 
1	0.0: 159 920 408 1088 505 254 594 1 
1	0.0: 157 1026 415 1125 583 377 534 283 
1	0.0: 132 1085 497 982 497 275 671 1 
1	0.0: 156 978 560 788 543 283 566 301 
1	0.0: 171 1044 518 1123 565 372 612 19 
1	0.0: 156 936 561 815 589 101 475 80 
4	0.0: 156 979 576 1279 552 536 632 403 
1	0.0: 135 1032 408 1018 485 455 639 85 
4	0.0: 149 881 401 1079 545 710 605 170 
1	0.0: 161 864 427 1058 565 215 637 1 
4	0.0: 153 907 320 830 564 686 711 172 
1	0.0: 145 1005 515 843 583 295 588 266 
1	0.0: 173 826 458 897 456 348 663 1 
1	0.0: 178 990 465 787 502 527 637 186 
4	0.0: 185 985 518 764 510 657 570 1 
1	0.0: 179 899 373 560 526 379 746 240 
4	0.0: 174 899 520 1348 592 601 626 123 
1	0.0: 142 972 469 648 488 369 606 1 
1	0.0: 156 962 467 794 504 454 760 123 
4	0.0: 143 1004 559 1203 678 797 639 1 
4	0.0: 158 965 424 896 508 542 620 113 
4	0.0: 176 1061 467 930 568 729 693 1 
1	0.0: 135 971 496 975 562 410 766 235 
4	0.0: 151 1209 398 1151 514 518 723 1 
4	0.0: 132 883 531 727 557 782 728 1 
4	0.0: 147 989 451 889 572 518 756 1 
1	0.0: 168 921 420 953 516 54 683 218 
4	0.0: 132 1001 577 652 562 653 624 232 
1	0.0: 148 944 549 873 588 502 569 252 
1	0.0: 135 963 531 924 581 231 614 41 
1	0.0: 153 884 448 846 568 369 724 372 
1	0.0: 151 1041 495 831 554 538 625 96 
4	0.0: 163 857 475 1006 480 432 701 1 
4	0.0: 160 981 570 1041 507 906 588 283 
1	0.0: 158 975 530 1044 502 349 665 30 
1	0.0: 166 886 565 509 479 240 695 46 
1	0.0: 155 927 563 605 615 435 665 388 
1	0.0: 167 941 518 695 578 410 674 1 
1	0.0: 140 833 532 1413 493 168 711 252 
4	0.0: 145 918 517 734 568 493 780 1 
1	0.0: 135 987 642 1235 496 274 679 95 
4	0.0: 131 969 525 851 514 779 615 151 
1	0.0: 138 869 426 596 694 186 521 1 
4	0.0: 140 1066 524 833 503 657 654 213 
4	0.0: 137 902 607 995 396 498 647 136 
1	0.0: 164 911 601 695 531 343 602 1 
1	0.0: 129 997 624 507 607 1 692 302 
4	0.0: 144 990 480 791 551 623 640 1 
1	0.0: 140 1085 493 965 448 380 595 612 
1	0.0: 154 885 577 770 554 181 623 259 
4	0.0: 175 918 637 1111 567 454 604 1 
4	0.0: 139 951 489 358 493 725 583 101 
1	0.0: 163 1014 463 576 564 153 677 94 
1	0.0: 126 1015 443 839 589 238 514 46 
1	0.0: 177 932 484 660 529 546 667 366 
1	0.0: 150 841 531 691 618 271 713 1 
4	0.0: 153 765 569 1112 571 529 717 491 
4	0.0: 139 950 604 1185 557 417 773 1 
1	0.0: 171 1031 500 1026 584 502 702 269 
1	0.0: 166 949 596 898 579 243 684 1 
4	0.0: 151 916 541 998 650 483 662 78 
4	0.0: 148 984 436 779 580 854 723 104 
4	0.0: 175 956 403 850 568 692 600 424 
1	0.0: 170 904 467 891 522 477 595 221 
4	0.0: 170 1079 465 805 706 675 710 275 
1	0.0: 146 1035 639 1101 545 376 598 1 
1	0.0: 160 928 380 583 500 583 724 242 
1	0.0: 159 936 628 715 542 149 595 282 
1	0.0: 157 934 526 986 465 426 716 1 
4	0.0: 152 955 517 832 505 689 654 1 
4	0.0: 141 936 480 823 638 561 584 1 
4	0.0: 160 1020 576 955 485 727 681 205 
4	0.0: 133 959 571 973 503 721 613 1 
1	0.0: 131 956 534 764 381 350 733 156 
1	0.0: 157 1051 455 677 570 560 599 10 
1	0.0: 158 795 418 1004 537 294 587 8 
1	0.0: 149 856 444 637 510 516 634 37 
1	0.0: 158 884 537 730 401 448 640 1 
4	0.0: 124 1059 476 750 612 824 686 75 
1	0.0: 145 992 581 818 589 534 611 123 
1	0.0: 149 1063 368 907 376 449 636 101 
1	0.0: 151 1040 319 1107 539 317 693 207 
1	0.0: 155 842 529 850 505 497 657 443 
4	0.0: 141 966 478 1073 563 669 668 215 
1	0.0: 115 836 470 723 631 210 638 138 
1	0.0: 137 941 458 975 522 346 661 264 
1	0.0: 152 995 412 689 523 272 693 116 
1	0.0: 162 982 525 1029 564 454 536 1 
4	0.0: 166 992 590 716 563 684 611 418 
4	0.0: 123 907 543 970 603 583 573 1 
4	0.0: 149 827 457 634 559 798 734 47 
1	0.0: 149 1165 543 877 442 216 623 245 
4	0.0: 141 1100 516 490 554 673 596 1 
4	0.0: 119 821 595 534 561 804 565 291 
4	0.0: 152 976 415 1015 516 609 726 221 
1	0.0: 148 987 400 739 573 399 630 432 
4	0.0: 155 979 444 673 526 712 764 427 
4	0.0: 152 964 474 713 542 1011 636 306 
1	0.0: 153 1018 455 788 522 543 645 1 
1	0.0: 176 944 616 773 568 460 773 70 
4	0.0: 145 1009 386 937 473 782 588 1 
4	0.0: 127 868 566 1021 554 671 577 273 
4	0.0: 163 954 603 888 542 634 579 1 
1	0.0: 173 1056 543 620 547 500 699 68 
4	0.0: 164 904 386 1161 494 654 690 383 
1	0.0: 159 901 544 654 532 423 630 1 
1	0.0: 179 911 600 683 587 510 628 1 
1	0.0: 161 902 497 966 539 242 579 317 
1	0.0: 144 809 586 941 531 494 610 461 
1	0.0: 131 883 420 802 580 117 737 111 
4	0.0: 182 995 449 608 573 775 759 62 
1	0.0: 136 969 508 583 573 185 787 197 
4	0.0: 122 1107 431 1220 528 570 560 138 
4	0.0: 146 942 499 1278 485 572 662 97 
4	0.0: 140 956 462 859 583 740 728 1 
1	0.0: 159 1025 572 523 505 217 623 1 
1	0.0: 158 917 553 978 537 318 726 165 
1	0.0: 156 946 563 1030 549 226 697 168 
1	0.0: 158 909 536 779 534 226 432 1 
1	0.0: 171 1098 453 1016 481 203 620 1 
4	0.0: 140 1010 544 901 538 564 753 70 
1	0.0: 140 1002 504 860 574 54 518 198 
1	0.0: 153 912 567 899 611 362 713 1 
1	0.0: 151 864 443 654 573 501 689 142 
1	0.0: 143 882 522 1156 568 113 627 16 
1	0.0: 151 958 624 708 400 484 644 114 
1	0.0: 156 907 455 447 640 351 713 83 
1	0.0: 152 1138 424 1168 517 370 824 1 
1	0.0: 138 852 344 793 575 302 574 63 
1	0.0: 167 1030 436 1123 503 145 734 284 
4	0.0: 148 1000 390 1071 633 607 636 177 
1	0.0: 170 958 548 948 553 241 594 1 
1	0.0: 126 801 558 630 610 421 707 386 
4	0.0: 165 945 610 863 637 896 645 1 
4	0.0: 147 1180 431 996 485 733 776 6 
4	0.0: 158 931 413 879 425 622 615 1 
1	0.0: 167 860 513 876 577 67 664 1 
4	0.0: 141 867 430 609 517 609 643 31 
4	0.0: 167 821 529 739 571 774 643 132 
1	0.0: 167 890 579 664 597 286 634 203 
1	0.0: 150 1059 540 746 524 319 601 358 
1	0.0: 164 863 534 701 593 36 678 1 
4	0.0: 133 887 466 945 606 680 677 1 
1	0.0: 166 889 444 699 566 448 644 82 
4	0.0: 136 909 629 1008 613 455 725 245 
1	0.0: 141 958 523 979 541 299 770 49 
4	0.0: 173 947 503 865 533 558 575 1 
1	0.0: 164 960 480 717 504 272 583 84 
4	0.0: 143 913 457 584 523 683 711 5 
1	0.0: 134 934 413 668 619 291 591 277 
1	0.0: 163 855 694 936 446 296 553 168 
1	0.0: 154 946 344 948 618 202 555 1 
4	0.0: 167 860 634 1076 540 761 768 333 
1	0.0: 153 920 475 1307 518 160 746 122 
1	0.0: 138 1033 495 883 637 411 532 355 
1	0.0: 147 1083 551 941 427 393 613 1 
1	0.0: 154 956 474 953 545 297 627 116 
4	0.0: 173 850 426 1023 563 631 738 223 
1	0.0: 134 964 453 648 556 202 694 115 
1	0.0: 149 991 600 681 455 576 549 1 
4	0.0: 142 1006 389 1096 515 574 717 1 
4	0.0: 156 997 561 676 573 678 555 101 
4	0.0: 118 906 522 1013 520 567 655 80 
4	0.0: 163 976 486 1273 542 662 629 274 
1	0.0: 161 1002 413 793 541 478 597 248 
4	0.0: 170 933 505 886 576 618 664 1 
1	0.0: 184 901 470 1095 591 447 486 54 
1	0.0: 155 946 458 950 615 328 535 126 
1	0.0: 158 967 434 1325 465 249 572 211 
1	0.0: 159 873 524 754 489 369 526 232 
1	0.0: 143 1039 470 697 401 199 686 75 
1	0.0: 172 1023 570 449 446 404 749 193 
1	0.0: 161 905 473 932 531 449 416 110 
4	0.0: 143 930 517 945 590 688 668 30 
1	0.0: 139 954 475 602 520 564 670 151 
1	0.0: 160 867 522 1200 556 321 663 379 
1	0.0: 142 934 537 729 469 236 662 69 
4	0.0: 170 1018 451 625 529 618 681 1 
1	0.0: 147 911 308 971 463 454 479 109 
1	0.0: 147 942 497 977 529 445 574 72 
4	0.0: 167 944 467 1308 549 593 724 1 
1	0.0: 170 809 540 665 545 364 733 1 
4	0.0: 178 842 362 893 611 499 593 1 
1	0.0: 131 1000 573 871 541 451 718 210 
1	0.0: 166 1017 517 983 615 425 675 279 
4	0.0: 150 907 438 1034 524 705 576 207 
1	0.0: 160 1108 461 764 560 357 652 296 
0	0.0: 165 785 395 270 533 626 641 461 
4	0.0: 144 933 556 1407 567 549 685 39 
1	0.0: 147 1146 549 631 458 435 572 51 
1	0.0: 151 1024 470 836 537 282 605 119 
1	0.0: 169 800 445 839 582 153 597 172 
1	0.0: 149 1013 463 876 498 484 679 291 
1	0.0: 133 1108 493 950 556 28 705 301 
1	0.0: 172 876 536 1102 621 366 549 1 
1	0.0: 128 854 548 1191 548 306 597 216 
4	0.0: 170 861 368 1049 588 478 666 1 
1	0.0: 175 914 473 820 487 555 638 284 
1	0.0: 171 832 518 750 503 389 631 7 
1	0.0: 154 902 420 556 538 560 726 141 
1	0.0: 184 1139 468 732 513 521 714 64 
1	0.0: 149 1027 519 826 656 503 610 1 
1	0.0: 157 1126 556 710 565 494 638 316 
1	0.0: 171 983 434 1079 604 433 591 1 
1	0.0: 153 993 484 856 471 246 631 193 
4	0.0: 134 942 429 921 587 507 711 21 
4	0.0: 147 1014 459 1026 582 938 713 49 
1	0.0: 143 967 466 1171 488 368 612 328 
4	0.0: 128 995 441 445 521 923 584 1 
4	0.0: 175 942 448 1068 548 701 589 1 
4	0.0: 141 1015 365 867 532 752 722 448 
1	0.0: 166 943 570 994 559 307 638 1 
1	0.0: 149 945 446 909 528 369 671 1 
1	0.0: 135 1065 444 775 501 348 704 246 
1	0.0: 161 976 479 767 544 537 677 396 
4	0.0: 152 947 422 861 572 517 656 1 
4	0.0: 163 1064 560 533 590 635 781 37 
4	0.0: 184 972 409 1223 523 639 684 173 
1	0.0: 140 1037 437 698 637 512 616 125 
1	0.0: 161 916 509 596 468 375 555 155 
1	0.0: 182 910 481 642 532 491 674 233 
4	0.0: 122 842 439 797 500 962 708 1 
1	0.0: 169 1025 618 814 527 382 627 103 
4	0.0: 148 1028 558 906 577 552 713 73 
1	0.0: 170 1035 512 1058 467 452 546 1 
4	0.0: 167 1033 484 1107 547 509 632 175 
4	0.0: 157 822 587 900 556 570 623 240 
1	0.0: 144 790 550 571 539 496 616 402 
1	0.0: 165 923 505 846 543 346 742 24 
4	0.0: 143 1099 527 1077 444 766 818 134 
1	0.0: 172 942 494 762 473 525 634 1 
1	0.0: 149 812 533 950 496 14 646 1 
1	0.0: 153 872 438 1131 542 434 486 120 
4	0.0: 175 1008 439 943 547 727 688 379 
4	0.0: 157 1010 540 855 492 684 606 148 
1	0.0: 147 979 374 581 576 382 532 1 
1	0.0: 145 1109 590 1061 548 300 716 346 
1	0.0: 136 941 440 936 613 206 738 1 
1	0.0: 140 962 454 830 540 215 673 1 
4	0.0: 147 849 448 1055 570 588 671 1 
4	0.0: 149 975 526 635 537 690 640 175 
1	0.0: 137 968 510 568 612 315 669 111 
1	0.0: 153 963 432 901 646 424 632 50 
4	0.0: 147 924 353 826 414 632 598 1 
1	0.0: 146 952 505 558 520 307 649 1 
1	0.0: 154 971 543 866 442 489 651 248 
1	0.0: 150 1011 543 1223 562 250 695 1 
1	0.0: 143 871 492 1089 558 337 676 1 
1	0.0: 149 985 295 1014 477 328 623 251 
1	0.0: 157 986 478 699 502 562 635 123 
1	0.0: 138 942 546 657 495 90 670 217 
1	0.0: 144 1043 333 1087 546 103 589 212 
1	0.0: 140 967 403 954 507 395 591 1 
1	0.0: 173 958 551 1018 692 390 615 1 
4	0.0: 170 952 495 970 530 584 719 36 
1	0.0: 160 930 392 937 546 382 653 313 
1	0.0: 152 920 575 815 570 450 581 239 
1	0.0: 157 991 501 791 619 539 713 204 
1	0.0: 127 1013 505 1159 544 419 605 1 
4	0.0: 150 857 451 998 500 498 670 1 
4	0.0: 175 1052 399 635 613 652 707 1 
1	0.0: 145 986 523 841 577 432 565 1 
4	0.0: 176 1061 362 1175 495 609 714 1 
1	0.0: 165 1017 483 871 486 165 700 363 
1	0.0: 144 1039 384 845 597 421 657 348 
1	0.0: 151 944 497 659 539 301 588 279 
1	0.0: 158 923 449 701 473 532 659 51 
1	0.0: 150 955 550 727 496 54 623 86 
1	0.0: 141 933 470 1192 580 359 679 139 
1	0.0: 138 968 550 1026 506 255 670 60 
1	0.0: 159 960 467 1072 532 405 784 1 
1	0.0: 159 1077 597 1134 572 143 660 17 
1	0.0: 149 1035 521 804 591 402 649 309 
4	0.0: 153 866 564 915 630 644 634 421 
1	0.0: 142 955 509 1020 514 357 608 281 
1	0.0: 149 1041 390 623 546 350 690 177 
1	0.0: 147 891 508 423 520 443 632 167 
1	0.0: 130 958 447 1034 521 258 577 500 
1	0.0: 128 920 410 1014 525 346 663 208 
1	0.0: 125 975 447 1097 534 387 696 81 
1	0.0: 138 915 355 932 558 335 601 276 
4	0.0: 143 977 600 847 511 584 624 119 
1	0.0: 148 959 352 906 518 499 607 288 
1	0.0: 134 1095 629 894 621 241 662 1 
1	0.0: 163 1082 437 874 532 342 711 80 
1	0.0: 174 866 434 802 492 550 600 562 
1	0.0: 169 1015 453 1016 530 314 761 101 
4	0.0: 151 823 552 761 536 775 658 1 
1	0.0: 162 994 513 779 624 531 725 168 
4	0.0: 187 1073 553 785 498 643 633 1 
1	0.0: 144 1044 488 822 485 427 677 104 
1	0.0: 141 875 496 1024 525 1 723 80 
4	0.0: 149 985 503 875 571 692 651 216 
4	0.0: 161 886 452 1049 585 849 749 247 
1	0.0: 147 987 547 932 511 413 705 26 
4	0.0: 135 889 412 1148 516 458 683 1 
1	0.0: 152 840 379 942 513 344 597 138 
1	0.0: 175 949 523 881 543 473 553 72 
4	0.0: 151 1044 592 612 532 619 610 24 
1	0.0: 149 933 479 682 608 468 764 14 
1	0.0: 133 1107 543 663 616 554 595 1 
4	0.0: 174 944 535 1042 530 604 696 400 
4	0.0: 139 1031 366 960 665 699 722 23 
1	0.0: 147 909 555 865 583 278 678 81 
1	0.0: 169 1106 447 1185 599 370 637 10 
4	0.0: 173 1061 529 946 568 677 699 53 
1	0.0: 172 759 574 773 544 372 647 14 
1	0.0: 171 959 505 727 455 391 665 116 
1	0.0: 166 960 517 921 593 436 640 16 
4	0.0: 166 858 598 826 584 602 676 1 
1	0.0: 170 928 499 961 538 291 629 1 
1	0.0: 154 960 545 567 562 286 623 1 
1	0.0: 158 947 436 875 560 380 678 341 
4	0.0: 159 905 475 1369 496 509 721 1 
4	0.0: 140 981 557 968 617 496 553 1 
1	0.0: 142 963 528 993 619 374 610 19 
4	0.0: 157 1059 562 1046 529 633 676 241 
4	0.0: 140 1047 542 1086 628 529 801 1 
4	0.0: 157 1084 513 811 621 680 652 176 
4	0.0: 147 951 475 1125 491 730 548 451 
4	0.0: 154 902 448 1000 580 611 694 1 
4	0.0: 140 833 624 812 543 607 624 1 
4	0.0: 153 914 447 833 626 495 769 21 
1	0.0: 163 976 463 920 574 207 526 460 
1	0.0: 178 916 572 1106 522 206 525 1 
1	0.0: 152 1065 485 807 638 542 561 451 
1	0.0: 167 849 432 900 506 531 490 176 
1	0.0: 163 962 513 459 544 551 666 66 
1	0.0: 126 929 355 868 567 207 575 75 
4	0.0: 156 768 439 809 501 502 738 218 
4	0.0: 149 1069 505 1026 526 512 732 1 
4	0.0: 153 1009 421 781 509 597 641 71 
1	0.0: 145 982 406 1149 557 405 584 178 
1	0.0: 158 926 599 1014 589 197 614 1 
4	0.0: 147 1001 514 722 471 620 708 1 
4	0.0: 154 1015 620 927 554 513 650 1 
1	0.0: 149 933 565 542 515 404 622 79 
1	0.0: 154 1038 549 817 680 298 659 536 
4	0.0: 156 929 466 1002 489 525 638 119 
4	0.0: 142 857 551 766 518 516 694 37 
1	0.0: 142 889 448 662 462 329 747 133 
4	0.0: 151 1092 552 841 697 808 700 351 
1	0.0: 165 959 495 900 559 85 639 277 
4	0.0: 162 1048 485 972 475 723 603 504 
1	0.0: 164 1050 542 800 594 467 740 301 
1	0.0: 138 987 408 560 611 170 536 90 
1	0.0: 157 906 373 951 515 387 536 126 
4	0.0: 146 967 555 1411 515 539 504 65 
1	0.0: 159 862 442 604 588 385 747 1 
1	0.0: 154 1071 415 823 510 520 518 1 
4	0.0: 119 892 444 1032 590 454 555 1 
1	0.0: 126 984 424 893 628 498 664 379 
4	0.0: 172 955 379 861 547 767 662 105 
1	0.0: 162 793 515 579 634 434 544 238 
1	0.0: 171 930 568 1032 609 152 723 1 
1	0.0: 143 1048 292 727 613 415 788 209 
1	0.0: 151 1066 549 959 523 1 645 1 
4	0.0: 153 889 452 1024 582 505 682 114 
4	0.0: 134 998 526 843 591 681 645 1 
1	0.0: 154 928 593 945 580 344 566 97 
4	0.0: 130 1085 617 1228 577 771 610 182 
4	0.0: 185 928 498 698 611 698 743 1 
1	0.0: 124 890 485 716 528 407 587 283 
1	0.0: 140 962 587 799 591 457 722 243 
1	0.0: 156 951 490 1229 518 164 738 95 
4	0.0: 138 710 506 881 628 610 615 1 
1	0.0: 163 1050 691 969 532 268 742 1 
4	0.0: 160 982 510 1152 608 696 748 401 
4	0.0: 162 826 603 1068 591 608 559 1 
1	0.0: 157 1061 562 869 566 366 777 181 
4	0.0: 142 1029 415 1111 488 533 553 62 
1	0.0: 146 910 497 812 535 465 716 1 
1	0.0: 159 853 495 589 571 514 781 157 
1	0.0: 170 1125 465 1058 494 210 650 69 
4	0.0: 150 930 615 1009 520 479 641 110 
1	0.0: 122 980 343 1188 642 1 676 127 
1	0.0: 158 949 561 1182 468 184 696 1 
1	0.0: 141 948 464 982 569 315 710 392 
1	0.0: 154 854 468 647 654 152 566 186 
1	0.0: 147 956 530 1122 554 277 653 1 
4	0.0: 171 854 445 1258 499 454 672 4 
1	0.0: 153 1060 444 817 448 530 711 264 
1	0.0: 157 870 475 1186 532 165 521 1 
4	0.0: 158 1008 541 942 488 581 710 112 
4	0.0: 167 939 486 905 558 548 664 1 
1	0.0: 155 993 577 628 446 519 731 1 
1	0.0: 155 943 508 1369 584 111 781 5 
4	0.0: 164 995 534 990 462 675 675 143 
1	0.0: 166 921 470 1204 442 138 697 39 
1	0.0: 173 937 462 626 589 511 672 1 
4	0.0: 139 850 481 1040 522 662 703 1 
1	0.0: 161 1011 534 802 472 282 672 205 
1	0.0: 170 932 612 1054 508 353 580 1 
1	0.0: 144 1002 511 1116 525 285 694 1 
1	0.0: 139 1153 480 855 484 143 685 425 
4	0.0: 179 998 567 791 475 627 725 225 
1	0.0: 135 839 506 860 513 118 682 286 
4	0.0: 151 1067 485 886 552 689 769 94 
4	0.0: 156 940 462 805 578 574 431 1 
1	0.0: 152 873 410 884 678 125 729 1 
1	0.0: 132 977 529 691 550 317 609 83 
1	0.0: 163 921 475 952 545 547 526 284 
4	0.0: 145 988 670 1020 458 629 726 11 
4	0.0: 142 861 464 875 515 643 741 138 
1	0.0: 148 966 433 905 499 456 567 1 
4	0.0: 177 910 521 609 576 578 654 1 
1	0.0: 161 1024 416 702 487 435 772 186 
4	0.0: 152 1158 606 1065 541 660 741 1 
1	0.0: 136 941 445 1092 565 271 702 141 
1	0.0: 172 967 573 739 461 479 579 4 
1	0.0: 152 1047 418 369 485 551 706 97 
4	0.0: 161 950 629 1063 524 434 661 38 
1	0.0: 152 989 576 802 591 495 682 229 
1	0.0: 147 963 514 962 524 298 571 111 
1	0.0: 159 1067 487 714 567 606 748 348 
1	0.0: 168 975 564 958 561 376 810 135 
1	0.0: 141 899 592 692 588 489 643 534 
1	0.0: 173 928 563 1090 542 259 654 170 
1	0.0: 146 1037 466 1203 492 192 629 193 
4	0.0: 165 866 602 1042 541 607 480 1 
4	0.0: 160 900 481 1008 421 555 645 268 
1	0.0: 177 910 540 234 605 318 705 308 
4	0.0: 161 946 554 1000 589 794 710 1 
1	0.0: 165 946 472 854 476 340 628 27 
1	0.0: 163 1041 583 1067 472 448 570 166 
1	0.0: 149 934 575 965 651 291 716 78 
1	0.0: 147 1012 531 1007 504 298 627 22 
4	0.0: 132 1118 461 928 443 576 675 1 
1	0.0: 140 1067 612 1191 547 443 680 310 
4	0.0: 145 975 520 966 617 866 627 1 
4	0.0: 154 816 510 970 527 539 691 1 
1	0.0: 180 897 451 729 562 355 673 267 
4	0.0: 150 902 561 992 512 498 625 1 
1	0.0: 152 1062 445 928 521 235 727 59 
4	0.0: 167 704 497 1257 465 821 643 1 
4	0.0: 159 912 518 798 544 647 812 249 
4	0.0: 163 929 425 937 561 541 608 1 
1	0.0: 135 896 565 871 542 447 635 1 
1	0.0: 166 870 416 1335 441 202 576 184 
1	0.0: 147 855 592 601 457 237 608 1 
4	0.0: 145 944 507 955 611 525 727 166 
1	0.0: 150 1003 510 1080 512 54 648 169 
4	0.0: 161 975 608 580 553 867 625 1 
4	0.0: 151 867 659 876 543 1075 783 1 
4	0.0: 147 1005 449 1078 590 577 592 1 
4	0.0: 156 929 416 834 572 693 730 411 
4	0.0: 144 1007 419 1022 458 614 726 1 
1	0.0: 174 1137 508 803 517 223 645 173 
1	0.0: 161 1005 342 907 496 220 614 156 
1	0.0: 142 1012 455 720 460 406 701 1 
1	0.0: 145 917 443 948 612 108 659 314 
1	0.0: 154 931 471 1121 562 462 562 164 
1	0.0: 177 960 532 1109 605 249 669 1 
1	0.0: 143 1064 633 616 580 518 662 1 
1	0.0: 145 938 510 995 493 170 751 170 
1	0.0: 133 963 456 713 555 460 703 653 
1	0.0: 160 1118 413 664 562 412 702 273 
1	0.0: 163 1024 662 949 510 457 723 96 
1	0.0: 181 999 430 654 534 461 682 262 
1	0.0: 172 915 490 805 570 470 820 450 
4	0.0: 145 932 313 919 556 625 621 204 
1	0.0: 167 1105 587 971 497 429 749 10 
4	0.0: 180 965 558 629 552 598 640 51 
4	0.0: 165 976 503 937 563 572 762 219 
1	0.0: 141 932 397 706 528 472 663 298 
1	0.0: 165 895 470 827 505 309 600 180 
4	0.0: 151 915 550 697 552 600 712 8 
4	0.0: 158 978 495 1180 516 547 640 171 
1	0.0: 133 1031 546 968 567 95 672 332 
1	0.0: 152 881 384 563 501 491 731 1 
1	0.0: 140 1066 449 933 675 303 663 172 
1	0.0: 151 1095 585 857 649 380 672 1 
4	0.0: 146 1050 468 1060 512 679 728 1 
1	0.0: 140 846 494 880 583 471 671 234 
4	0.0: 152 856 535 1057 545 407 680 1 
4	0.0: 147 969 502 962 536 844 670 86 
1	0.0: 132 1021 446 527 557 302 667 1 
1	0.0: 150 865 408 889 531 170 502 289 
4	0.0: 173 985 537 1234 575 439 677 52 
4	0.0: 148 1099 377 1206 571 536 649 23 
4	0.0: 152 910 411 1172 616 866 577 58 
1	0.0: 142 866 420 1145 480 306 633 1 
1	0.0: 151 1035 568 928 500 445 711 122 
1	0.0: 152 862 562 977 654 442 613 274 
1	0.0: 157 980 393 543 446 283 570 1 
1	0.0: 153 993 492 848 530 317 579 261 
4	0.0: 155 993 558 802 621 649 703 403 
1	0.0: 158 1017 372 809 546 330 605 1 
1	0.0: 179 948 439 495 548 282 724 516 
4	0.0: 139 904 446 1027 615 559 629 1 
1	0.0: 155 821 420 782 483 513 691 396 
4	0.0: 165 1030 487 976 549 529 672 124 
1	0.0: 161 913 450 809 489 408 775 56 
4	0.0: 179 905 571 666 572 724 684 61 
1	0.0: 151 906 575 845 577 475 613 1 
4	0.0: 190 873 441 759 613 862 575 370 
1	0.0: 131 1016 592 764 568 153 589 1 
4	0.0: 130 844 377 886 531 822 619 278 
1	0.0: 168 984 450 754 543 1 601 358 
1	0.0: 142 951 582 878 534 363 606 120 
4	0.0: 172 996 448 981 548 571 732 47 
4	0.0: 188 1036 503 781 560 634 610 201 
1	0.0: 147 1052 422 1039 479 476 730 279 
4	0.0: 131 964 473 1266 554 787 657 1 
1	0.0: 155 947 486 641 540 501 643 280 
1	0.0: 163 796 588 532 468 438 648 1 
1	0.0: 146 960 573 664 448 248 697 159 
1	0.0: 173 909 474 627 553 422 638 409 
4	0.0: 152 1021 495 1159 599 553 696 86 
4	0.0: 177 1160 406 806 563 707 597 1 
4	0.0: 160 855 503 1159 616 361 659 1 
1	0.0: 152 877 494 611 565 506 565 158 
4	0.0: 172 983 487 1099 461 488 654 73 
1	0.0: 162 1049 579 817 545 377 699 1 
4	0.0: 153 986 386 737 551 630 647 79 
1	0.0: 175 879 497 627 547 558 646 135 
4	0.0: 164 999 564 1041 596 726 837 227 
4	0.0: 145 1050 461 963 621 530 598 1 
1	0.0: 161 910 486 457 484 195 680 95 
1	0.0: 176 1067 517 897 561 496 623 1 
1	0.0: 171 933 349 782 576 465 551 360 
1	0.0: 149 1066 563 783 536 548 701 97 
1	0.0: 161 784 486 953 564 407 657 279 
1	0.0: 148 1047 471 753 566 216 706 49 
1	0.0: 166 906 494 1179 493 300 620 122 
4	0.0: 167 919 416 999 514 644 657 107 
4	0.0: 139 932 377 1072 534 698 615 1 
4	0.0: 159 926 617 656 550 565 794 1 
1	0.0: 169 831 576 982 593 473 617 298 
4	0.0: 162 910 610 896 414 842 642 67 
4	0.0: 171 810 465 947 493 537 698 23 
4	0.0: 184 869 407 1081 585 652 806 238 
1	0.0: 161 1028 654 1031 534 224 691 161 
1	0.0: 153 1011 429 776 593 184 614 156 
1	0.0: 162 934 412 1095 569 308 789 1 
4	0.0: 151 1024 536 988 558 525 623 55 
1	0.0: 158 968 459 820 548 521 673 127 
4	0.0: 160 866 525 917 592 613 606 218 
4	0.0: 156 984 457 860 517 597 714 201 
1	0.0: 156 895 574 925 528 355 768 246 
1	0.0: 176 1037 494 680 451 292 645 361 
1	0.0: 159 841 483 517 523 286 760 1 
4	0.0: 142 912 501 878 480 920 628 1 
1	0.0: 126 968 551 716 511 549 692 157 
1	0.0: 164 850 507 749 501 338 701 82 
1	0.0: 136 1052 413 574 529 75 660 1 
1	0.0: 160 1098 525 845 536 365 737 177 
4	0.0: 166 1134 492 1065 621 576 608 179 
1	0.0: 145 1027 448 869 577 321 705 179 
1	0.0: 158 808 510 1165 653 47 555 225 
1	0.0: 150 925 425 1119 453 151 643 8 
4	0.0: 160 911 529 1246 521 445 584 31 
1	0.0: 140 939 374 520 548 595 565 400 
