5	0.0: 688 462 1 64 346 285 881 960 
5	0.0: 679 631 1 60 351 16 712 812 
5	0.0: 368 738 92 35 430 330 685 898 
5	0.0: 450 741 1 103 261 289 737 966 
5	0.0: 333 599 1 62 413 248 684 947 
5	0.0: 592 607 207 90 311 323 789 911 
5	0.0: 379 696 126 52 344 276 735 912 
2	0.0: 850 792 131 39 398 162 716 805 
0	0.0: 528 761 1 87 458 365 764 913 
5	0.0: 392 747 1 103 272 1 692 861 
2	0.0: 794 638 1 74 504 88 693 878 
0	0.0: 455 832 115 24 348 613 754 926 
2	0.0: 647 722 1 56 447 437 659 904 
5	0.0: 288 793 91 118 203 139 701 1035 
5	0.0: 524 578 1 127 316 1 740 878 
5	0.0: 403 780 74 84 455 43 729 848 
5	0.0: 226 611 1 57 333 17 713 863 
5	0.0: 564 643 49 5 130 346 763 994 
0	0.0: 619 810 338 79 369 593 676 1009 
0	0.0: 647 642 270 69 421 733 652 859 
5	0.0: 686 545 1 73 138 166 706 919 
0	0.0: 475 791 1 89 658 381 762 1104 
5	0.0: 559 693 1 160 366 1 702 973 
0	0.0: 558 827 1 51 537 332 780 919 
0	0.0: 571 694 1 52 471 566 713 917 
5	0.0: 279 606 101 60 480 441 709 927 
5	0.0: 209 654 25 111 212 117 827 832 
5	0.0: 307 558 190 32 438 442 775 1019 
5	0.0: 619 630 1 117 142 113 707 964 
2	0.0: 740 782 1 124 348 242 736 806 
2	0.0: 906 993 1 120 499 1 667 962 
5	0.0: 684 654 60 67 434 55 599 978 
5	0.0: 611 759 1 76 450 153 747 1002 
5	0.0: 408 460 1 59 222 425 736 998 
5	0.0: 603 616 37 80 230 133 701 981 
5	0.0: 521 737 1 63 579 292 861 887 
5	0.0: 559 667 1 75 481 251 671 949 
5	0.0: 510 666 105 34 557 257 750 936 
5	0.0: 165 824 1 67 379 456 751 940 
5	0.0: 475 520 36 88 303 472 633 952 
0	0.0: 521 745 1 120 347 409 674 948 
5	0.0: 195 506 1 99 402 307 646 774 
2	0.0: 641 802 1 76 691 200 822 921 
2	0.0: 769 774 1 54 315 237 815 875 
5	0.0: 721 719 83 46 195 212 776 858 
0	0.0: 698 719 1 26 257 519 735 823 
2	0.0: 663 805 43 23 448 371 699 799 
2	0.0: 892 486 103 108 313 389 703 838 
5	0.0: 199 702 1 171 320 113 849 939 
2	0.0: 731 632 30 50 464 251 745 796 
2	0.0: 723 675 1 53 413 328 745 972 
5	0.0: 609 666 142 50 169 182 797 836 
5	0.0: 655 521 5 100 339 562 667 1040 
5	0.0: 557 563 1 71 496 1 641 837 
5	0.0: 364 556 44 93 154 465 630 945 
5	0.0: 245 709 67 98 417 291 818 1013 
5	0.0: 443 601 1 106 347 399 787 940 
0	0.0: 486 591 158 74 352 599 790 805 
5	0.0: 628 678 52 75 312 152 722 919 
5	0.0: 131 731 113 94 202 621 660 956 
0	0.0: 647 711 1 70 132 293 667 828 
5	0.0: 601 609 1 109 447 291 710 898 
5	0.0: 750 549 61 74 204 123 611 910 
5	0.0: 527 781 1 68 502 119 655 904 
5	0.0: 382 523 31 68 452 1 731 869 
5	0.0: 772 597 76 77 207 340 703 880 
5	0.0: 481 599 1 35 434 311 752 1021 
5	0.0: 409 783 188 85 624 13 757 900 
5	0.0: 506 687 129 114 393 265 664 798 
5	0.0: 249 576 193 114 257 454 732 917 
5	0.0: 318 576 105 75 265 144 754 894 
5	0.0: 621 571 1 41 453 216 833 876 
5	0.0: 710 442 118 40 463 195 846 866 
5	0.0: 233 648 119 121 234 324 828 996 
2	0.0: 625 579 1 46 529 598 775 799 
5	0.0: 847 520 49 74 240 6 783 973 
5	0.0: 477 556 1 42 446 333 773 799 
2	0.0: 682 738 1 132 391 329 683 981 
5	0.0: 704 653 99 61 218 1 687 972 
5	0.0: 507 416 1 82 179 327 683 1034 
5	0.0: 425 571 11 57 429 352 784 982 
5	0.0: 396 718 1 66 263 384 774 958 
5	0.0: 318 592 1 84 302 461 770 874 
0	0.0: 565 782 49 94 322 366 768 862 
5	0.0: 497 704 1 50 291 316 656 870 
5	0.0: 737 700 315 38 152 159 750 952 
0	0.0: 431 608 1 70 376 636 756 879 
5	0.0: 387 696 1 109 313 261 728 882 
5	0.0: 482 559 261 57 305 441 770 939 
5	0.0: 214 348 1 92 321 346 830 857 
0	0.0: 466 711 25 103 314 552 786 834 
5	0.0: 422 723 1 61 338 123 715 842 
5	0.0: 525 608 186 75 327 335 760 937 
5	0.0: 350 763 231 81 234 1 725 964 
0	0.0: 313 1069 116 87 408 305 762 958 
5	0.0: 378 617 53 79 219 106 653 961 
5	0.0: 239 828 166 94 169 225 725 867 
5	0.0: 471 696 1 21 370 359 571 966 
5	0.0: 549 595 15 95 503 140 779 734 
5	0.0: 770 520 340 144 209 205 673 920 
5	0.0: 459 615 1 72 226 487 709 966 
5	0.0: 664 579 26 31 306 108 740 918 
5	0.0: 546 780 1 113 393 207 776 901 
5	0.0: 401 640 1 64 328 328 657 1008 
0	0.0: 488 708 1 109 488 704 741 831 
5	0.0: 610 650 195 41 340 1 738 912 
5	0.0: 198 592 205 118 267 1 745 920 
5	0.0: 645 691 96 93 337 1 662 1076 
5	0.0: 380 511 111 49 493 270 673 992 
2	0.0: 895 677 1 152 158 196 694 895 
5	0.0: 379 864 69 122 198 142 714 897 
5	0.0: 590 675 104 120 260 342 743 937 
0	0.0: 437 865 1 1 69 632 654 874 
2	0.0: 852 720 67 103 329 335 739 1006 
5	0.0: 405 783 20 115 348 97 738 927 
5	0.0: 174 670 40 6 255 35 790 855 
5	0.0: 670 479 89 79 186 265 688 794 
2	0.0: 801 618 96 81 174 393 773 977 
5	0.0: 650 710 1 94 530 51 666 835 
5	0.0: 558 637 105 99 197 324 626 916 
5	0.0: 503 566 1 97 571 317 720 1059 
5	0.0: 409 383 118 99 458 384 764 880 
5	0.0: 498 616 32 138 354 1 717 888 
0	0.0: 542 866 94 97 182 677 709 915 
5	0.0: 467 731 120 105 328 280 774 926 
5	0.0: 589 646 30 97 556 268 738 784 
0	0.0: 727 563 1 30 303 557 717 1012 
5	0.0: 368 557 159 57 466 327 726 858 
5	0.0: 824 628 165 9 314 1 673 763 
5	0.0: 516 729 242 113 249 1 679 1010 
5	0.0: 440 807 1 81 353 141 799 848 
0	0.0: 396 859 118 26 216 586 821 890 
2	0.0: 709 610 1 116 606 264 736 825 
5	0.0: 643 609 1 65 1 91 718 887 
5	0.0: 365 765 271 84 352 449 769 1015 
5	0.0: 323 544 1 74 236 350 716 827 
5	0.0: 775 642 1 17 220 25 552 847 
5	0.0: 643 629 103 72 363 73 803 873 
5	0.0: 485 686 145 67 308 313 773 906 
5	0.0: 366 619 284 81 394 193 669 810 
2	0.0: 666 781 1 78 551 410 791 924 
5	0.0: 626 646 1 110 230 348 673 908 
5	0.0: 746 509 138 94 289 128 682 768 
5	0.0: 239 694 1 63 188 214 663 919 
5	0.0: 291 834 22 41 391 238 671 949 
0	0.0: 454 920 152 92 376 388 770 960 
5	0.0: 496 586 63 116 381 186 732 1039 
5	0.0: 467 714 164 66 287 243 673 918 
2	0.0: 819 617 260 84 374 190 638 926 
0	0.0: 430 755 131 91 159 441 790 879 
5	0.0: 415 513 117 77 77 322 754 967 
5	0.0: 610 751 81 46 475 1 751 1036 
5	0.0: 676 661 126 57 231 300 770 951 
2	0.0: 802 707 1 93 303 471 696 1001 
5	0.0: 504 734 1 83 319 286 658 840 
0	0.0: 672 648 108 1 346 614 758 967 
5	0.0: 643 520 166 57 308 364 801 953 
5	0.0: 236 677 1 80 450 164 686 781 
0	0.0: 377 773 93 104 493 477 706 952 
2	0.0: 767 818 42 78 404 1 654 779 
0	0.0: 359 587 1 72 369 726 725 962 
5	0.0: 410 619 1 134 116 12 712 963 
5	0.0: 440 594 1 20 330 353 735 769 
0	0.0: 619 693 188 43 328 397 621 1023 
0	0.0: 583 700 62 6 381 353 718 837 
0	0.0: 571 624 1 87 378 516 677 1004 
5	0.0: 477 659 1 14 210 351 698 835 
0	0.0: 662 707 63 109 186 382 750 1009 
5	0.0: 326 613 99 20 294 322 754 896 
5	0.0: 549 568 1 76 340 1 727 932 
0	0.0: 461 783 1 56 99 444 826 857 
0	0.0: 686 804 1 57 228 348 714 918 
0	0.0: 715 663 1 64 102 524 667 861 
5	0.0: 549 450 1 111 197 386 752 963 
5	0.0: 605 584 114 65 194 1 725 960 
5	0.0: 603 627 210 75 258 236 723 824 
5	0.0: 452 620 110 125 390 1 883 894 
0	0.0: 617 724 37 75 330 376 801 893 
5	0.0: 613 818 1 79 382 1 694 902 
5	0.0: 510 796 176 68 356 143 727 1035 
5	0.0: 523 675 1 57 207 353 668 805 
5	0.0: 585 642 1 148 275 343 737 928 
5	0.0: 345 727 29 72 618 275 805 919 
5	0.0: 359 549 322 95 51 198 699 921 
5	0.0: 427 665 1 90 235 198 764 923 
5	0.0: 382 659 173 58 570 479 789 1000 
5	0.0: 368 534 1 87 204 118 815 824 
5	0.0: 426 579 91 108 256 459 665 950 
5	0.0: 584 643 1 87 367 276 693 939 
2	0.0: 864 789 60 88 272 400 737 768 
5	0.0: 483 626 159 45 316 514 737 958 
5	0.0: 523 681 1 69 258 118 695 910 
0	0.0: 824 799 1 124 159 676 755 1134 
5	0.0: 453 468 179 54 350 129 730 837 
5	0.0: 711 471 51 126 318 36 694 840 
2	0.0: 720 726 1 43 394 423 667 957 
5	0.0: 154 830 66 107 502 1 691 1064 
0	0.0: 686 633 1 38 279 435 621 740 
5	0.0: 703 490 1 80 326 563 804 895 
5	0.0: 441 727 1 130 382 23 814 848 
5	0.0: 664 718 262 45 317 165 683 978 
5	0.0: 616 667 1 54 240 11 756 910 
5	0.0: 658 565 1 108 335 84 773 1029 
5	0.0: 474 610 1 151 267 119 750 933 
5	0.0: 344 837 125 72 375 127 813 852 
5	0.0: 657 705 67 16 187 1 695 895 
5	0.0: 534 621 1 96 221 309 732 1051 
0	0.0: 559 652 1 50 532 482 692 917 
5	0.0: 401 541 52 64 188 474 658 952 
5	0.0: 483 673 3 92 371 69 688 914 
5	0.0: 528 668 58 47 430 328 707 922 
5	0.0: 365 772 1 86 82 150 656 724 
5	0.0: 356 781 159 12 409 18 678 847 
5	0.0: 620 505 1 55 304 366 730 885 
5	0.0: 490 693 1 43 295 84 823 1070 
5	0.0: 414 800 284 75 333 229 712 976 
5	0.0: 750 484 1 79 91 375 720 801 
5	0.0: 583 574 176 27 330 245 765 1009 
5	0.0: 732 789 1 99 323 134 764 1061 
5	0.0: 282 704 1 106 249 280 726 1106 
5	0.0: 510 608 82 111 167 154 739 1023 
2	0.0: 706 790 1 92 600 460 621 989 
0	0.0: 321 790 1 12 195 461 760 1007 
5	0.0: 344 653 70 28 203 43 620 969 
5	0.0: 692 560 121 56 349 81 762 912 
5	0.0: 354 635 175 30 252 1 686 826 
5	0.0: 624 407 110 113 309 175 666 914 
5	0.0: 626 609 520 106 140 374 659 966 
5	0.0: 659 550 1 41 545 207 711 944 
5	0.0: 617 681 1 103 329 80 694 928 
0	0.0: 582 849 1 92 184 221 726 907 
2	0.0: 758 571 81 79 544 338 766 838 
5	0.0: 679 731 1 94 352 196 761 970 
5	0.0: 330 633 1 24 262 109 672 983 
2	0.0: 866 704 1 54 113 307 665 968 
2	0.0: 719 784 42 123 265 78 681 818 
5	0.0: 364 629 152 38 286 333 725 883 
0	0.0: 383 919 227 52 425 322 651 828 
5	0.0: 627 565 1 104 235 110 657 777 
5	0.0: 46 634 1 69 356 181 702 895 
2	0.0: 791 780 1 139 520 146 738 955 
5	0.0: 571 715 13 70 651 122 739 837 
5	0.0: 523 634 326 95 172 96 816 922 
2	0.0: 704 672 35 87 442 472 893 946 
5	0.0: 308 465 1 44 7 232 722 911 
5	0.0: 414 754 130 10 221 270 617 1005 
5	0.0: 620 556 1 40 471 1 754 955 
5	0.0: 630 440 1 108 170 489 677 990 
5	0.0: 355 716 152 130 423 195 711 853 
5	0.0: 264 576 1 79 279 85 735 964 
5	0.0: 408 586 50 82 326 432 723 838 
5	0.0: 262 436 22 87 491 84 638 921 
5	0.0: 623 635 1 96 355 300 727 906 
0	0.0: 521 791 1 108 287 319 744 892 
5	0.0: 512 519 1 135 407 430 722 896 
5	0.0: 559 776 131 120 627 127 719 973 
5	0.0: 412 575 235 71 155 228 625 972 
2	0.0: 1062 568 51 81 227 390 772 905 
5	0.0: 645 734 1 86 329 236 759 960 
5	0.0: 460 519 25 104 253 228 789 980 
5	0.0: 501 533 58 95 309 66 563 896 
5	0.0: 333 635 1 109 538 1 733 840 
5	0.0: 468 699 1 70 408 1 701 904 
5	0.0: 514 698 156 59 482 1 663 990 
5	0.0: 597 747 213 115 321 156 761 1055 
0	0.0: 208 927 1 125 343 479 759 924 
5	0.0: 778 591 132 56 236 248 706 907 
5	0.0: 389 641 1 15 400 525 691 954 
5	0.0: 517 753 1 108 402 132 794 935 
0	0.0: 496 612 20 46 165 648 749 894 
5	0.0: 324 549 57 110 390 397 810 1010 
5	0.0: 717 738 51 64 153 145 769 1008 
5	0.0: 309 529 148 116 178 231 767 946 
5	0.0: 595 764 1 112 423 79 795 905 
5	0.0: 768 424 11 26 231 207 734 885 
5	0.0: 563 441 1 118 583 557 721 942 
5	0.0: 482 756 1 68 524 125 826 852 
5	0.0: 333 668 1 62 216 391 654 878 
5	0.0: 488 688 1 17 227 1 585 1057 
5	0.0: 632 565 1 88 398 231 732 951 
2	0.0: 678 849 189 79 435 435 770 828 
2	0.0: 747 591 41 73 458 201 721 857 
5	0.0: 416 568 1 56 181 408 806 1019 
5	0.0: 338 712 1 74 478 355 724 1125 
5	0.0: 498 581 199 59 283 245 702 861 
2	0.0: 781 910 89 45 248 115 728 914 
5	0.0: 406 367 1 85 280 229 670 1005 
5	0.0: 362 546 1 80 479 137 801 1031 
5	0.0: 423 592 31 73 125 311 787 852 
5	0.0: 425 731 103 141 403 294 638 858 
5	0.0: 309 626 1 38 180 330 588 916 
5	0.0: 832 576 164 46 108 124 747 942 
5	0.0: 582 661 43 53 329 373 735 902 
0	0.0: 517 720 1 130 396 466 704 973 
2	0.0: 646 782 56 114 654 461 678 826 
5	0.0: 316 586 1 147 369 420 785 864 
5	0.0: 550 386 33 101 18 230 719 926 
5	0.0: 398 547 2 68 335 19 725 808 
5	0.0: 339 529 1 25 217 144 750 907 
5	0.0: 446 606 317 105 322 204 746 792 
5	0.0: 558 707 1 94 316 252 728 978 
5	0.0: 353 667 1 116 475 153 725 845 
5	0.0: 694 647 1 100 338 123 650 1014 
5	0.0: 569 644 112 137 430 1 698 926 
5	0.0: 634 704 29 38 322 28 896 1002 
5	0.0: 389 738 1 58 111 342 710 840 
5	0.0: 560 663 149 88 79 432 782 991 
5	0.0: 403 539 1 112 375 127 747 1008 
0	0.0: 736 663 83 86 282 515 685 890 
5	0.0: 706 669 34 44 249 238 735 959 
5	0.0: 810 624 232 116 217 105 743 985 
5	0.0: 417 550 94 21 471 306 709 939 
0	0.0: 524 761 260 20 331 437 731 856 
5	0.0: 406 771 1 56 436 92 724 925 
5	0.0: 664 409 49 64 287 282 740 992 
0	0.0: 380 792 111 83 183 427 700 784 
5	0.0: 442 605 1 86 302 442 792 949 
0	0.0: 580 778 1 164 159 426 769 1001 
5	0.0: 608 572 1 47 318 306 795 854 
5	0.0: 508 670 96 71 335 4 754 980 
5	0.0: 529 635 1 8 322 349 728 861 
2	0.0: 913 636 1 65 179 352 710 939 
5	0.0: 385 894 153 76 434 171 735 949 
0	0.0: 375 752 1 84 469 601 854 969 
2	0.0: 884 617 40 74 415 173 742 1003 
0	0.0: 610 723 13 90 446 457 756 857 
5	0.0: 396 505 159 72 301 238 697 851 
5	0.0: 680 834 290 87 300 67 672 889 
2	0.0: 818 630 1 83 449 369 652 930 
5	0.0: 544 639 140 59 295 28 782 895 
5	0.0: 642 646 106 35 327 90 739 916 
2	0.0: 810 706 127 38 487 248 649 841 
5	0.0: 446 544 55 38 372 182 694 890 
0	0.0: 605 607 1 71 307 449 632 933 
5	0.0: 670 741 1 59 297 84 733 898 
5	0.0: 180 559 95 113 223 192 732 924 
5	0.0: 490 700 1 17 422 1 695 831 
5	0.0: 446 610 230 37 615 337 741 858 
5	0.0: 702 756 204 48 217 263 769 990 
5	0.0: 613 603 9 161 355 209 794 855 
0	0.0: 546 900 103 54 323 216 620 885 
5	0.0: 553 612 1 21 425 292 719 741 
0	0.0: 385 815 1 77 286 492 646 937 
5	0.0: 516 603 26 34 374 316 730 863 
2	0.0: 715 786 1 125 459 96 775 926 
0	0.0: 476 806 1 94 404 549 704 948 
5	0.0: 402 590 46 83 419 1 721 990 
5	0.0: 542 538 1 64 522 365 746 879 
5	0.0: 493 729 11 72 174 182 846 880 
5	0.0: 314 670 1 35 224 362 683 934 
2	0.0: 684 804 1 58 465 381 704 907 
5	0.0: 279 496 1 105 524 328 745 845 
5	0.0: 714 595 373 136 357 199 694 928 
5	0.0: 485 481 75 110 187 269 753 860 
5	0.0: 610 648 1 105 344 243 747 856 
0	0.0: 572 834 1 66 373 319 737 893 
5	0.0: 635 519 1 23 440 224 757 887 
5	0.0: 524 673 1 88 303 57 764 1075 
5	0.0: 566 470 73 98 363 169 812 1008 
5	0.0: 295 644 223 86 377 160 689 867 
5	0.0: 307 383 1 114 443 1 683 984 
5	0.0: 539 625 84 130 342 195 710 914 
2	0.0: 685 672 1 42 499 550 657 1031 
5	0.0: 425 692 57 113 494 273 717 890 
5	0.0: 402 800 211 91 318 108 658 868 
2	0.0: 742 687 1 61 425 394 743 820 
5	0.0: 531 619 79 93 434 242 674 809 
5	0.0: 384 698 107 55 375 276 684 953 
5	0.0: 674 829 386 101 197 171 768 964 
5	0.0: 201 709 148 33 239 345 752 961 
2	0.0: 905 733 1 38 228 371 840 900 
5	0.0: 336 761 1 75 312 76 749 937 
2	0.0: 640 726 1 67 418 323 667 835 
0	0.0: 423 870 1 130 459 261 754 837 
5	0.0: 365 680 160 21 720 337 799 862 
5	0.0: 219 489 1 66 378 575 726 775 
5	0.0: 542 768 2 69 534 1 773 850 
5	0.0: 594 588 1 142 114 136 769 919 
0	0.0: 471 731 53 77 236 755 732 847 
5	0.0: 327 739 120 82 547 282 661 837 
5	0.0: 483 749 1 115 347 116 743 903 
0	0.0: 693 736 62 66 241 192 607 819 
0	0.0: 608 849 1 44 146 298 721 802 
5	0.0: 1 792 109 84 413 593 736 862 
5	0.0: 524 740 43 9 233 258 779 823 
5	0.0: 504 597 1 64 408 1 726 892 
0	0.0: 511 839 1 58 357 355 785 957 
5	0.0: 350 612 1 133 448 190 651 955 
5	0.0: 475 662 1 74 144 244 664 1010 
5	0.0: 395 716 1 85 256 269 741 852 
5	0.0: 286 717 158 48 195 1 763 874 
0	0.0: 599 764 1 78 237 328 719 871 
5	0.0: 541 564 1 2 479 176 713 805 
2	0.0: 744 518 1 80 534 269 740 847 
5	0.0: 374 826 1 73 377 1 718 796 
5	0.0: 274 660 97 54 282 120 813 906 
5	0.0: 534 608 14 56 425 273 660 947 
5	0.0: 699 519 1 67 231 318 755 854 
0	0.0: 565 811 1 93 261 275 807 796 
5	0.0: 350 508 1 86 341 299 641 1021 
5	0.0: 792 575 1 34 314 291 755 1040 
2	0.0: 781 718 10 33 618 242 715 907 
5	0.0: 300 460 1 108 472 139 623 861 
5	0.0: 219 487 1 123 273 446 760 872 
2	0.0: 779 842 1 41 285 222 689 899 
5	0.0: 466 555 138 82 632 325 693 937 
2	0.0: 677 651 1 105 417 268 673 763 
5	0.0: 417 813 162 93 449 181 760 1091 
5	0.0: 493 560 1 70 382 215 719 802 
5	0.0: 267 720 344 104 294 377 743 930 
5	0.0: 624 645 163 110 285 209 762 938 
5	0.0: 274 744 97 70 198 421 719 873 
5	0.0: 459 712 110 124 354 274 727 947 
5	0.0: 470 476 255 75 283 232 818 901 
5	0.0: 604 542 1 99 453 1 743 867 
5	0.0: 380 761 47 146 286 227 686 899 
0	0.0: 600 814 1 1 389 264 723 774 
5	0.0: 876 623 1 102 13 210 746 905 
0	0.0: 622 716 1 36 209 231 641 740 
2	0.0: 643 666 287 88 533 370 705 843 
5	0.0: 459 891 1 64 232 139 746 904 
5	0.0: 323 691 1 78 467 271 725 881 
5	0.0: 438 631 344 44 587 309 745 918 
5	0.0: 444 753 89 77 1 117 735 873 
5	0.0: 337 561 42 105 470 120 702 882 
2	0.0: 795 671 190 43 222 288 748 882 
5	0.0: 537 460 1 87 459 178 756 999 
2	0.0: 835 774 161 75 335 85 834 910 
0	0.0: 584 671 1 89 178 519 769 1025 
5	0.0: 484 614 1 51 297 469 761 899 
5	0.0: 483 551 1 53 234 1 750 919 
2	0.0: 705 886 31 94 515 490 709 902 
0	0.0: 378 976 1 93 411 287 712 846 
0	0.0: 768 727 123 76 122 393 668 1092 
5	0.0: 369 648 1 41 283 406 696 848 
2	0.0: 929 651 70 57 361 505 758 884 
2	0.0: 524 842 1 106 609 165 753 881 
5	0.0: 596 552 172 65 301 387 737 999 
2	0.0: 530 843 1 99 570 262 773 916 
5	0.0: 504 644 78 57 219 375 708 805 
5	0.0: 602 695 1 141 167 231 746 890 
0	0.0: 542 749 108 82 309 418 798 928 
5	0.0: 264 806 1 57 202 288 689 992 
5	0.0: 501 454 1 91 535 406 686 800 
5	0.0: 592 699 1 75 318 185 698 900 
5	0.0: 416 508 1 52 259 1 751 810 
5	0.0: 521 713 232 118 325 174 729 896 
5	0.0: 468 595 86 52 447 61 739 601 
5	0.0: 570 614 52 102 339 444 693 920 
5	0.0: 388 664 23 101 328 139 718 896 
0	0.0: 510 616 1 63 337 693 786 953 
5	0.0: 355 584 1 67 187 389 772 976 
5	0.0: 683 636 1 13 282 353 752 945 
5	0.0: 256 838 1 64 453 414 782 952 
0	0.0: 515 759 109 79 471 696 690 892 
5	0.0: 447 502 333 113 288 1 799 964 
5	0.0: 371 555 221 103 384 396 622 996 
5	0.0: 228 812 1 22 416 209 640 935 
0	0.0: 629 690 1 86 285 421 788 1045 
0	0.0: 692 817 194 114 263 426 725 807 
2	0.0: 598 701 199 50 506 369 657 973 
2	0.0: 893 670 1 121 341 192 794 948 
5	0.0: 669 398 1 83 132 671 715 948 
5	0.0: 618 645 1 97 336 248 790 961 
5	0.0: 565 808 112 61 324 1 746 894 
0	0.0: 691 684 1 39 330 522 718 886 
5	0.0: 495 747 36 94 170 258 713 854 
5	0.0: 510 692 1 79 306 273 686 947 
5	0.0: 691 550 1 66 296 60 775 1006 
5	0.0: 444 577 340 64 189 562 784 849 
5	0.0: 560 629 1 147 428 65 712 920 
5	0.0: 521 642 1 138 223 325 730 976 
5	0.0: 555 738 152 11 110 225 729 847 
2	0.0: 644 682 1 73 428 398 776 774 
5	0.0: 418 547 58 71 311 130 712 898 
5	0.0: 744 726 1 172 383 85 738 917 
5	0.0: 595 640 1 51 256 193 748 880 
0	0.0: 309 845 23 74 504 378 736 856 
5	0.0: 372 677 1 44 151 110 645 1005 
5	0.0: 440 527 1 140 164 132 768 914 
5	0.0: 481 637 1 69 441 1 725 930 
5	0.0: 382 804 1 32 165 104 775 991 
5	0.0: 266 794 126 98 225 230 745 899 
0	0.0: 742 784 1 83 203 351 689 1048 
5	0.0: 493 655 1 65 106 257 804 1011 
5	0.0: 463 574 1 114 358 427 733 968 
5	0.0: 518 523 7 56 576 123 703 827 
5	0.0: 709 635 1 55 508 141 741 896 
0	0.0: 649 743 1 34 357 307 734 827 
5	0.0: 644 620 1 52 187 193 739 1034 
0	0.0: 415 916 9 87 535 158 662 782 
2	0.0: 932 585 52 45 175 322 742 1034 
0	0.0: 551 791 117 105 385 320 703 970 
5	0.0: 610 567 1 74 456 1 650 930 
5	0.0: 737 636 1 49 300 89 700 923 
2	0.0: 845 729 48 88 357 1 788 851 
5	0.0: 837 542 199 99 348 140 714 998 
5	0.0: 305 737 118 79 280 213 758 893 
5	0.0: 601 558 125 33 453 58 719 909 
5	0.0: 744 582 240 45 126 1 604 918 
5	0.0: 554 621 1 111 362 194 687 859 
0	0.0: 676 666 1 64 119 407 691 974 
5	0.0: 316 831 141 128 421 307 801 870 
5	0.0: 238 659 22 35 355 317 754 913 
5	0.0: 307 545 1 37 42 248 792 918 
5	0.0: 429 576 1 100 184 297 742 883 
2	0.0: 826 875 1 66 378 86 699 1048 
5	0.0: 180 705 42 80 140 239 736 1040 
5	0.0: 592 822 273 97 228 192 726 926 
5	0.0: 381 699 107 109 39 373 745 903 
5	0.0: 317 576 3 99 357 373 720 782 
2	0.0: 704 756 1 80 480 353 728 869 
5	0.0: 660 495 244 148 324 231 703 1004 
5	0.0: 155 781 1 91 285 194 746 1056 
2	0.0: 738 679 1 73 507 479 680 922 
5	0.0: 479 664 1 64 317 69 708 822 
5	0.0: 523 704 1 101 432 144 727 954 
0	0.0: 573 761 1 125 268 514 718 818 
5	0.0: 449 535 384 84 422 303 689 996 
5	0.0: 374 687 43 128 345 271 730 939 
5	0.0: 669 554 27 110 384 368 750 900 
5	0.0: 862 599 75 149 242 1 742 837 
0	0.0: 614 756 39 39 318 337 702 870 
5	0.0: 731 539 155 50 187 60 750 757 
5	0.0: 482 770 1 63 463 82 778 875 
5	0.0: 417 707 56 89 153 1 664 972 
5	0.0: 581 545 1 106 329 154 717 920 
5	0.0: 291 653 106 126 333 1 789 998 
5	0.0: 179 888 157 100 266 344 783 980 
5	0.0: 431 576 1 119 517 283 773 865 
5	0.0: 226 819 202 30 362 112 684 962 
2	0.0: 768 592 278 41 367 535 705 939 
0	0.0: 483 823 138 68 389 347 732 802 
5	0.0: 447 745 1 124 397 342 830 874 
5	0.0: 517 720 1 83 532 27 778 882 
5	0.0: 606 354 1 34 343 85 740 847 
5	0.0: 573 561 1 75 324 345 755 770 
5	0.0: 516 549 189 76 145 308 763 878 
5	0.0: 411 706 1 108 498 183 840 968 
2	0.0: 800 706 77 116 451 300 781 809 
0	0.0: 527 779 26 89 173 340 728 863 
5	0.0: 458 478 1 62 568 215 749 765 
5	0.0: 419 710 1 94 275 1 731 947 
5	0.0: 534 828 4 155 184 85 776 1045 
5	0.0: 454 838 249 93 258 156 723 892 
5	0.0: 617 617 149 27 544 232 748 977 
0	0.0: 627 675 1 75 289 393 783 834 
2	0.0: 768 643 73 50 425 344 647 997 
5	0.0: 335 603 1 95 240 355 705 991 
5	0.0: 651 556 189 76 283 161 767 923 
5	0.0: 363 664 157 73 187 1 693 924 
5	0.0: 320 705 122 65 272 457 707 818 
2	0.0: 752 714 1 74 187 205 791 778 
5	0.0: 427 692 192 35 153 289 765 998 
5	0.0: 713 625 1 23 357 298 820 950 
5	0.0: 285 565 91 87 439 323 829 856 
5	0.0: 582 844 1 44 412 69 686 798 
5	0.0: 558 487 26 62 422 167 635 851 
5	0.0: 659 558 1 95 127 177 679 871 
5	0.0: 547 704 1 118 547 81 661 870 
5	0.0: 545 678 1 191 196 40 669 973 
5	0.0: 430 658 182 72 95 469 703 915 
5	0.0: 365 616 102 100 27 204 665 932 
5	0.0: 367 682 1 49 255 369 723 792 
2	0.0: 923 808 1 103 313 173 718 991 
5	0.0: 761 618 235 105 1 418 782 1016 
2	0.0: 748 768 167 102 372 419 775 903 
5	0.0: 599 445 42 105 260 354 716 882 
5	0.0: 520 614 108 98 476 194 709 901 
5	0.0: 464 663 25 82 558 254 778 899 
5	0.0: 347 613 1 90 279 275 690 989 
5	0.0: 572 666 153 95 336 126 753 928 
5	0.0: 282 819 1 88 589 166 724 1064 
5	0.0: 503 462 1 83 402 104 791 873 
5	0.0: 209 737 90 109 514 143 800 958 
5	0.0: 372 634 20 30 406 144 784 895 
5	0.0: 561 669 1 90 206 140 719 926 
5	0.0: 681 674 1 61 251 106 695 1001 
0	0.0: 717 680 1 113 245 437 713 923 
5	0.0: 166 591 1 52 604 306 647 964 
5	0.0: 641 634 24 31 426 412 757 961 
5	0.0: 594 701 98 102 375 287 653 875 
0	0.0: 419 861 1 51 659 274 741 953 
0	0.0: 436 761 222 69 423 382 727 779 
5	0.0: 349 547 1 80 304 451 765 804 
2	0.0: 629 691 1 65 461 306 661 950 
0	0.0: 579 842 1 38 404 230 746 818 
5	0.0: 495 518 13 54 365 124 698 1042 
5	0.0: 604 736 1 80 159 99 704 911 
2	0.0: 790 779 1 90 423 74 706 995 
5	0.0: 502 584 178 69 352 231 629 860 
5	0.0: 530 624 1 87 349 121 739 876 
5	0.0: 423 741 181 47 358 237 759 1037 
5	0.0: 530 709 1 109 436 322 706 839 
5	0.0: 586 648 305 118 433 223 748 1037 
5	0.0: 82 927 1 31 312 69 708 926 
0	0.0: 527 877 1 39 419 223 746 958 
5	0.0: 594 578 1 60 403 305 747 960 
0	0.0: 474 911 1 44 386 516 674 925 
5	0.0: 502 728 1 54 405 1 638 914 
5	0.0: 787 527 12 117 458 165 807 794 
5	0.0: 691 509 45 40 551 189 720 921 
0	0.0: 516 811 1 106 474 574 670 1017 
5	0.0: 12 653 1 69 355 381 723 874 
2	0.0: 868 715 81 41 441 1 781 928 
5	0.0: 233 529 1 75 250 81 804 821 
2	0.0: 648 605 213 39 453 514 673 839 
5	0.0: 405 802 1 36 134 1 802 893 
5	0.0: 373 392 97 96 345 143 762 915 
0	0.0: 482 754 182 53 392 436 720 989 
2	0.0: 754 650 35 71 479 417 700 727 
5	0.0: 716 487 61 97 335 285 757 1018 
5	0.0: 381 659 63 57 703 432 712 1017 
0	0.0: 609 813 120 56 233 561 798 907 
0	0.0: 700 762 125 67 312 490 701 863 
5	0.0: 619 552 1 64 153 1 685 1000 
0	0.0: 322 964 1 123 174 229 665 982 
5	0.0: 466 557 1 57 153 118 742 802 
0	0.0: 448 795 1 111 310 510 683 820 
5	0.0: 421 554 1 65 460 550 720 907 
5	0.0: 327 732 1 45 499 114 740 962 
2	0.0: 689 774 1 1 327 135 678 874 
5	0.0: 327 851 9 138 415 234 754 845 
2	0.0: 726 703 278 87 421 287 639 713 
5	0.0: 143 712 1 83 438 403 695 936 
5	0.0: 601 670 168 69 431 1 753 943 
5	0.0: 551 566 72 46 301 123 861 866 
5	0.0: 122 672 1 10 593 529 782 967 
5	0.0: 320 576 1 33 245 194 734 875 
5	0.0: 523 862 47 71 341 1 653 896 
5	0.0: 628 569 25 90 256 181 764 898 
5	0.0: 354 637 49 42 452 212 725 909 
5	0.0: 194 562 1 43 406 377 693 889 
5	0.0: 352 598 434 101 164 231 770 910 
5	0.0: 455 391 1 95 319 320 656 860 
5	0.0: 825 491 1 100 388 103 719 814 
5	0.0: 508 679 1 42 199 52 803 855 
5	0.0: 510 637 1 73 616 108 780 945 
5	0.0: 477 423 63 25 343 431 791 1007 
2	0.0: 682 692 1 90 509 255 719 928 
5	0.0: 663 558 230 64 359 315 845 899 
5	0.0: 384 647 25 81 315 38 709 929 
5	0.0: 649 689 1 102 238 266 688 998 
5	0.0: 555 553 163 98 333 183 710 830 
5	0.0: 596 586 89 62 207 88 648 900 
5	0.0: 399 522 1 25 367 129 784 774 
0	0.0: 529 926 67 148 452 215 737 904 
0	0.0: 491 728 1 113 217 546 684 986 
5	0.0: 505 657 123 90 287 407 648 824 
5	0.0: 479 660 250 45 460 245 722 959 
0	0.0: 652 695 1 73 334 448 689 852 
2	0.0: 848 855 124 60 501 166 746 841 
5	0.0: 732 587 1 47 356 75 702 970 
5	0.0: 264 584 1 93 183 228 736 852 
5	0.0: 281 812 27 3 338 399 728 992 
5	0.0: 362 671 170 58 61 127 686 813 
5	0.0: 650 370 69 91 343 386 744 1079 
5	0.0: 451 833 191 119 506 160 675 1062 
5	0.0: 212 793 1 103 337 97 708 929 
5	0.0: 498 473 1 99 520 220 744 976 
2	0.0: 687 1025 133 67 418 237 759 910 
0	0.0: 264 923 330 29 433 403 792 816 
0	0.0: 582 794 1 29 502 505 697 953 
5	0.0: 577 536 1 15 332 212 719 891 
5	0.0: 270 604 1 54 341 300 669 874 
5	0.0: 659 545 17 100 494 230 616 944 
5	0.0: 750 377 98 95 430 155 686 911 
5	0.0: 699 640 31 112 510 156 754 825 
5	0.0: 380 445 123 120 403 186 793 887 
0	0.0: 583 618 1 87 390 758 746 915 
5	0.0: 611 644 1 79 646 167 722 865 
5	0.0: 354 681 1 59 244 206 772 885 
5	0.0: 281 476 1 105 243 148 714 798 
0	0.0: 457 769 64 3 510 469 728 998 
5	0.0: 525 433 1 97 375 331 834 776 
0	0.0: 582 845 1 106 280 346 759 928 
5	0.0: 531 592 1 118 343 438 755 925 
5	0.0: 436 763 45 92 285 355 757 1071 
5	0.0: 305 668 1 66 476 307 765 871 
5	0.0: 496 619 1 124 371 189 680 932 
5	0.0: 565 653 140 124 422 295 710 944 
5	0.0: 435 591 11 47 345 392 764 873 
2	0.0: 760 655 149 42 598 319 695 885 
0	0.0: 486 758 1 44 291 317 656 931 
5	0.0: 350 583 264 106 426 185 720 970 
0	0.0: 479 724 1 131 447 507 728 951 
5	0.0: 501 667 35 103 388 200 698 1043 
5	0.0: 303 666 180 91 542 441 714 900 
5	0.0: 390 560 1 33 371 252 668 993 
5	0.0: 552 699 227 77 328 417 738 917 
5	0.0: 281 655 200 90 290 252 707 971 
2	0.0: 888 666 4 36 331 275 656 1024 
5	0.0: 497 694 23 101 289 289 673 969 
5	0.0: 772 575 196 69 323 55 710 985 
5	0.0: 519 773 1 78 101 209 746 970 
5	0.0: 91 821 1 66 293 431 636 927 
5	0.0: 525 621 109 50 421 1 736 926 
5	0.0: 482 782 1 87 360 218 752 816 
5	0.0: 296 688 76 28 370 463 667 926 
5	0.0: 256 869 199 109 365 168 740 917 
5	0.0: 535 475 21 75 282 366 750 994 
5	0.0: 616 791 1 22 346 106 728 888 
5	0.0: 713 676 130 92 295 1 748 876 
5	0.0: 281 546 75 42 371 154 712 939 
5	0.0: 690 657 1 47 244 231 732 989 
0	0.0: 521 840 145 82 323 538 724 778 
5	0.0: 506 688 1 107 420 149 793 954 
0	0.0: 370 829 107 44 345 410 688 905 
5	0.0: 320 625 1 89 114 505 665 884 
5	0.0: 662 466 1 82 386 354 653 911 
0	0.0: 659 852 1 138 215 102 650 871 
5	0.0: 569 618 1 44 1 117 724 927 
0	0.0: 580 722 1 77 394 563 600 930 
0	0.0: 479 717 1 92 300 428 780 883 
5	0.0: 467 618 1 77 400 243 730 1043 
5	0.0: 695 680 137 141 316 1 746 953 
5	0.0: 523 552 102 34 125 201 656 953 
5	0.0: 301 366 105 49 447 226 757 959 
2	0.0: 993 694 248 76 357 238 725 862 
5	0.0: 194 814 1 114 326 1 766 898 
5	0.0: 653 613 138 19 270 281 625 926 
5	0.0: 318 650 1 67 142 222 693 855 
5	0.0: 556 547 1 128 274 325 767 872 
2	0.0: 776 615 1 103 294 373 778 912 
5	0.0: 283 611 333 60 160 278 745 935 
5	0.0: 532 557 1 34 123 470 783 801 
5	0.0: 606 718 157 64 342 276 806 950 
5	0.0: 440 738 1 107 286 311 758 996 
2	0.0: 698 903 49 115 355 185 740 858 
5	0.0: 284 790 247 114 270 173 711 788 
0	0.0: 634 577 20 43 152 541 701 971 
2	0.0: 900 640 1 33 176 470 723 965 
5	0.0: 536 661 1 38 377 97 803 973 
2	0.0: 808 592 6 131 429 194 744 910 
5	0.0: 466 625 22 83 230 254 734 858 
5	0.0: 287 560 1 55 251 225 659 1059 
5	0.0: 485 584 1 20 362 344 744 883 
2	0.0: 733 607 1 57 214 351 726 741 
2	0.0: 832 592 22 109 462 157 691 871 
5	0.0: 618 850 99 92 385 62 672 872 
5	0.0: 493 617 1 78 365 234 763 867 
0	0.0: 662 766 99 51 264 267 791 875 
5	0.0: 610 463 1 163 244 368 819 927 
5	0.0: 709 720 47 47 457 164 676 1032 
5	0.0: 417 645 270 36 376 332 745 920 
5	0.0: 532 603 1 85 435 10 657 912 
2	0.0: 810 912 191 74 306 212 774 824 
2	0.0: 604 740 97 36 468 413 677 774 
5	0.0: 248 739 27 169 160 13 737 909 
5	0.0: 448 547 93 63 335 30 763 966 
5	0.0: 561 508 1 123 300 63 827 943 
2	0.0: 826 674 254 77 451 347 729 819 
0	0.0: 657 807 1 98 348 325 664 911 
5	0.0: 464 707 6 64 302 250 726 846 
5	0.0: 341 581 1 81 204 418 677 859 
5	0.0: 833 551 1 82 118 232 837 907 
5	0.0: 247 688 1 81 623 308 720 828 
5	0.0: 524 737 158 71 437 217 677 948 
2	0.0: 760 635 1 139 418 390 738 898 
5	0.0: 373 908 217 145 412 209 734 955 
2	0.0: 674 713 121 21 285 268 724 783 
5	0.0: 505 744 1 86 355 1 766 858 
0	0.0: 609 779 1 76 337 450 707 985 
5	0.0: 556 605 40 97 392 384 701 1046 
5	0.0: 491 820 97 52 246 31 716 922 
0	0.0: 668 674 28 89 189 508 824 864 
0	0.0: 673 687 1 61 453 625 666 1011 
2	0.0: 714 648 1 37 455 397 735 918 
5	0.0: 293 611 1 85 445 411 695 1004 
0	0.0: 602 730 1 60 284 557 820 998 
5	0.0: 183 451 1 96 284 178 670 899 
0	0.0: 783 811 1 75 147 243 789 1031 
0	0.0: 607 816 237 96 335 585 760 1017 
5	0.0: 517 523 337 84 11 1 808 1077 
5	0.0: 585 590 1 99 162 408 841 819 
0	0.0: 294 862 161 85 372 542 696 946 
5	0.0: 560 665 1 66 232 238 644 854 
0	0.0: 548 759 1 56 501 319 753 945 
5	0.0: 458 525 1 37 410 67 716 828 
5	0.0: 151 572 19 78 320 300 781 957 
2	0.0: 752 516 1 1 397 437 742 908 
0	0.0: 432 641 1 43 185 569 716 890 
5	0.0: 356 576 28 133 137 396 719 864 
2	0.0: 851 589 1 80 231 268 788 893 
5	0.0: 561 601 185 78 311 210 650 933 
0	0.0: 582 818 1 68 433 302 737 934 
2	0.0: 898 639 1 88 344 481 781 1003 
5	0.0: 340 717 1 79 262 13 786 1059 
5	0.0: 467 735 5 54 286 133 797 865 
5	0.0: 309 639 69 116 401 312 618 959 
5	0.0: 393 762 1 40 251 264 712 896 
5	0.0: 361 745 86 68 512 393 749 936 
2	0.0: 825 777 1 90 299 119 677 742 
5	0.0: 378 508 1 134 282 440 548 1020 
5	0.0: 698 819 1 70 113 49 813 908 
2	0.0: 828 668 88 73 272 300 730 834 
5	0.0: 677 612 165 69 122 320 716 849 
5	0.0: 240 529 1 65 430 208 849 916 
5	0.0: 401 744 66 42 275 77 738 914 
5	0.0: 618 492 235 67 401 160 705 887 
5	0.0: 338 632 132 54 223 215 816 904 
2	0.0: 840 681 1 98 52 284 766 815 
5	0.0: 384 555 1 45 396 432 709 953 
5	0.0: 501 779 244 16 325 230 732 917 
5	0.0: 569 627 1 45 316 1 738 1017 
0	0.0: 639 689 1 40 353 495 668 974 
5	0.0: 418 888 1 115 362 35 831 966 
5	0.0: 547 619 157 91 416 439 708 940 
5	0.0: 257 644 1 65 345 192 728 965 
0	0.0: 660 902 143 93 174 333 725 872 
2	0.0: 697 532 66 138 413 499 715 979 
0	0.0: 435 906 1 1 306 332 754 916 
5	0.0: 672 375 1 69 441 233 743 900 
5	0.0: 504 678 176 110 362 161 710 947 
5	0.0: 304 660 1 96 409 115 619 883 
5	0.0: 541 524 1 89 356 37 725 936 
5	0.0: 343 802 1 107 339 253 750 894 
5	0.0: 605 482 34 51 568 573 730 930 
5	0.0: 618 713 1 46 494 183 637 948 
5	0.0: 549 529 1 71 313 46 778 968 
5	0.0: 412 713 1 68 346 317 769 887 
5	0.0: 339 565 38 90 439 51 687 1107 
5	0.0: 514 650 1 35 345 1 675 976 
5	0.0: 484 509 90 108 454 244 690 948 
5	0.0: 447 567 53 79 249 248 708 925 
5	0.0: 653 650 22 2 227 214 809 840 
5	0.0: 307 738 1 95 402 346 669 958 
0	0.0: 439 810 1 90 383 270 662 880 
2	0.0: 758 925 1 75 345 150 730 1049 
5	0.0: 373 699 77 139 429 271 697 864 
5	0.0: 557 633 93 30 421 199 741 999 
0	0.0: 393 828 141 71 165 407 825 820 
5	0.0: 532 480 28 46 432 257 777 822 
5	0.0: 505 777 112 83 333 262 775 936 
2	0.0: 876 803 1 103 398 325 758 921 
5	0.0: 598 638 36 54 319 277 737 1046 
5	0.0: 425 735 161 98 519 1 811 1040 
5	0.0: 590 618 1 96 361 368 787 1064 
0	0.0: 544 859 1 114 393 235 659 831 
5	0.0: 473 882 1 99 225 115 775 948 
5	0.0: 406 722 111 21 322 169 761 827 
5	0.0: 676 622 1 126 295 182 702 786 
5	0.0: 373 640 1 69 308 459 785 984 
2	0.0: 805 661 76 122 515 312 764 911 
5	0.0: 508 669 1 139 467 206 776 909 
5	0.0: 665 573 83 20 395 232 715 917 
5	0.0: 406 975 205 37 311 1 709 988 
0	0.0: 470 738 1 85 299 620 706 863 
5	0.0: 614 718 1 110 481 96 734 960 
5	0.0: 806 692 1 36 381 1 720 964 
5	0.0: 590 621 1 71 379 409 748 887 
5	0.0: 432 543 1 85 511 471 785 975 
5	0.0: 480 702 247 20 393 140 700 982 
5	0.0: 302 816 1 58 332 107 670 988 
5	0.0: 535 579 1 70 392 17 849 1039 
5	0.0: 460 634 204 17 303 161 682 830 
5	0.0: 654 576 146 61 161 414 731 912 
5	0.0: 212 584 127 162 342 58 732 959 
5	0.0: 303 855 89 88 285 226 724 840 
5	0.0: 537 706 1 52 495 322 835 1010 
2	0.0: 943 583 1 162 193 186 709 935 
0	0.0: 468 938 240 154 295 549 772 1044 
0	0.0: 566 796 1 21 274 415 699 919 
5	0.0: 595 777 1 86 223 178 717 1011 
0	0.0: 530 893 1 72 418 209 729 966 
0	0.0: 391 792 1 97 24 567 688 936 
5	0.0: 442 591 261 84 546 2 696 1029 
0	0.0: 527 716 1 82 506 382 753 817 
5	0.0: 383 652 1 58 291 80 747 1060 
5	0.0: 364 714 1 22 82 283 734 944 
5	0.0: 549 805 65 102 153 95 698 870 
5	0.0: 898 604 193 28 201 170 796 989 
5	0.0: 378 714 1 84 398 222 735 916 
5	0.0: 392 633 1 45 441 81 662 846 
5	0.0: 400 554 105 70 269 78 792 819 
5	0.0: 732 534 15 98 255 216 715 932 
2	0.0: 590 858 1 106 468 260 773 818 
0	0.0: 501 837 1 47 452 227 702 971 
5	0.0: 582 686 244 55 210 240 788 899 
5	0.0: 268 755 1 163 281 1 779 935 
5	0.0: 428 611 1 97 234 481 715 906 
5	0.0: 367 626 33 106 252 381 694 866 
5	0.0: 441 591 1 104 215 470 738 996 
0	0.0: 610 740 129 41 449 385 756 1103 
5	0.0: 614 848 158 104 473 45 764 892 
0	0.0: 612 746 1 48 39 394 766 1062 
5	0.0: 467 442 1 122 260 513 757 819 
5	0.0: 472 679 1 101 154 275 754 995 
5	0.0: 250 775 102 79 427 215 647 701 
5	0.0: 620 538 132 24 123 602 796 981 
2	0.0: 728 663 1 58 400 388 744 895 
5	0.0: 706 560 1 54 309 89 787 906 
5	0.0: 562 851 1 75 399 132 767 887 
5	0.0: 497 556 1 33 402 280 714 809 
5	0.0: 702 626 83 46 421 53 642 940 
5	0.0: 244 687 1 86 440 556 689 951 
5	0.0: 608 503 46 111 489 358 693 881 
5	0.0: 652 635 1 67 375 302 731 890 
5	0.0: 717 348 1 108 301 299 726 981 
5	0.0: 293 622 67 83 374 216 707 918 
5	0.0: 310 527 1 132 179 173 704 990 
5	0.0: 496 574 1 135 209 552 711 915 
5	0.0: 416 560 1 109 173 143 733 924 
0	0.0: 614 936 1 25 139 345 703 1079 
5	0.0: 621 545 1 81 432 236 673 965 
2	0.0: 874 520 99 100 361 418 667 904 
5	0.0: 619 450 1 47 330 368 647 946 
5	0.0: 630 720 50 140 348 283 659 919 
5	0.0: 435 687 1 70 412 121 727 976 
0	0.0: 718 734 85 62 263 471 690 832 
5	0.0: 503 783 1 75 247 1 704 963 
5	0.0: 377 685 165 55 330 65 760 710 
5	0.0: 301 640 122 26 403 289 784 879 
5	0.0: 737 585 149 29 321 358 795 898 
5	0.0: 258 403 36 69 334 483 831 925 
5	0.0: 93 579 1 94 217 282 664 1044 
5	0.0: 651 504 172 78 439 300 678 1015 
0	0.0: 262 765 1 148 472 512 667 890 
5	0.0: 317 746 1 75 347 272 765 952 
2	0.0: 753 655 324 103 362 478 738 889 
5	0.0: 268 325 1 83 376 497 743 706 
0	0.0: 783 724 1 148 108 349 726 773 
5	0.0: 502 618 1 62 409 441 696 876 
2	0.0: 685 751 1 70 503 59 725 882 
5	0.0: 143 813 37 16 408 274 767 963 
5	0.0: 376 664 1 64 26 1 805 946 
5	0.0: 290 511 1 92 396 191 762 956 
5	0.0: 519 589 1 22 366 172 790 1023 
5	0.0: 379 744 1 94 194 77 700 969 
0	0.0: 627 924 68 135 98 159 662 956 
5	0.0: 460 443 31 46 311 298 782 894 
2	0.0: 788 776 141 155 271 190 648 937 
2	0.0: 640 817 1 57 375 176 733 889 
5	0.0: 508 774 51 75 535 127 715 968 
0	0.0: 562 760 170 130 164 451 757 894 
5	0.0: 460 572 123 143 372 323 761 863 
5	0.0: 614 552 1 83 299 180 708 842 
5	0.0: 696 790 1 55 283 54 823 848 
5	0.0: 448 554 201 86 323 191 692 914 
0	0.0: 591 744 1 74 244 540 718 897 
5	0.0: 471 600 27 104 215 230 703 1012 
5	0.0: 762 622 8 24 426 225 736 1052 
2	0.0: 719 672 1 102 414 229 697 860 
0	0.0: 635 931 1 62 413 382 705 905 
5	0.0: 560 480 342 87 448 194 752 879 
5	0.0: 469 689 1 71 393 317 718 927 
5	0.0: 606 545 103 51 393 321 778 887 
5	0.0: 451 551 227 101 425 318 715 878 
5	0.0: 594 504 205 113 252 13 723 948 
5	0.0: 594 647 170 84 386 239 686 868 
5	0.0: 603 753 107 62 313 18 740 954 
5	0.0: 629 586 1 73 425 1 721 829 
0	0.0: 833 784 159 115 108 346 700 923 
5	0.0: 557 543 360 91 756 1 688 861 
5	0.0: 535 601 218 116 470 59 707 920 
5	0.0: 709 729 40 36 135 191 685 910 
5	0.0: 408 641 99 39 373 325 682 971 
0	0.0: 559 765 1 68 222 558 717 810 
5	0.0: 453 738 1 69 207 299 754 784 
5	0.0: 593 774 1 83 192 283 776 979 
5	0.0: 483 758 179 90 63 238 735 940 
5	0.0: 785 586 282 138 349 96 714 851 
5	0.0: 607 696 1 61 345 216 674 976 
5	0.0: 648 590 1 58 443 1 735 804 
2	0.0: 564 705 215 50 638 445 685 918 
5	0.0: 550 662 103 84 309 314 670 892 
5	0.0: 410 624 1 77 357 320 813 861 
2	0.0: 778 833 1 44 274 173 841 961 
5	0.0: 385 700 20 65 311 279 765 943 
5	0.0: 406 690 1 129 260 286 692 814 
0	0.0: 560 653 1 78 106 430 630 844 
5	0.0: 379 785 102 129 282 121 751 892 
5	0.0: 582 748 62 86 362 117 798 955 
5	0.0: 460 696 198 62 330 468 734 917 
5	0.0: 527 516 1 14 444 1 637 810 
5	0.0: 658 704 1 92 257 148 670 935 
5	0.0: 460 619 16 90 272 397 749 796 
5	0.0: 336 598 121 80 381 181 794 806 
5	0.0: 569 546 60 45 334 97 715 927 
2	0.0: 731 660 1 21 359 259 665 823 
5	0.0: 725 557 339 35 394 1 743 916 
5	0.0: 550 472 1 116 256 206 721 1056 
0	0.0: 636 797 109 62 443 472 632 932 
5	0.0: 367 583 38 95 298 295 629 908 
5	0.0: 509 535 1 52 496 224 697 897 
5	0.0: 526 713 55 53 371 232 687 888 
5	0.0: 543 536 177 135 272 290 712 967 
5	0.0: 495 700 1 87 207 127 683 788 
5	0.0: 774 491 219 48 229 473 630 953 
5	0.0: 211 1004 121 90 243 28 762 807 
5	0.0: 579 595 4 106 281 98 689 1020 
0	0.0: 575 808 68 50 422 653 787 1160 
5	0.0: 358 730 147 136 326 46 691 913 
5	0.0: 618 661 1 88 223 317 709 891 
5	0.0: 536 607 1 67 292 177 678 866 
5	0.0: 262 704 176 10 100 1 592 903 
5	0.0: 660 601 1 81 342 1 667 958 
5	0.0: 400 503 75 62 298 394 672 1068 
5	0.0: 425 804 261 96 166 250 767 914 
5	0.0: 532 801 1 108 508 195 766 811 
