5	0.0: 235 239 66 372 769 531 513 770 
5	0.0: 172 311 146 201 803 431 530 1067 
5	0.0: 110 262 1 301 806 417 527 593 
5	0.0: 173 326 90 285 764 424 504 815 
5	0.0: 135 385 65 350 762 488 519 399 
5	0.0: 99 243 1 353 688 430 501 579 
5	0.0: 100 238 122 293 764 413 505 709 
5	0.0: 94 356 22 315 801 538 531 857 
5	0.0: 104 337 1 281 800 466 548 725 
5	0.0: 84 374 1 278 777 471 529 709 
5	0.0: 136 308 1 322 745 455 507 1049 
5	0.0: 158 267 140 295 785 442 548 855 
5	0.0: 145 281 1 341 786 380 515 542 
5	0.0: 122 373 182 317 761 482 524 384 
5	0.0: 201 375 48 264 779 481 531 914 
5	0.0: 162 247 185 270 763 432 530 791 
5	0.0: 258 295 89 334 746 456 499 665 
5	0.0: 183 342 18 265 739 499 498 797 
5	0.0: 118 418 45 305 743 450 544 784 
5	0.0: 195 242 6 251 754 472 529 723 
5	0.0: 164 440 1 430 776 481 505 887 
5	0.0: 231 280 1 348 752 418 545 752 
5	0.0: 240 280 50 324 810 502 496 706 
5	0.0: 147 398 1 228 730 473 524 576 
5	0.0: 59 305 64 356 743 446 508 699 
5	0.0: 199 250 1 275 743 455 538 783 
5	0.0: 153 310 1 226 782 541 509 655 
5	0.0: 263 384 181 337 753 404 495 971 
5	0.0: 111 257 197 316 743 426 517 708 
5	0.0: 228 387 168 284 756 452 542 447 
5	0.0: 183 362 193 311 759 503 508 870 
5	0.0: 159 227 51 354 755 479 537 663 
5	0.0: 134 372 205 250 768 404 545 636 
5	0.0: 159 355 1 339 800 412 515 879 
5	0.0: 131 273 16 375 731 540 561 1099 
5	0.0: 165 304 1 336 763 465 527 679 
5	0.0: 71 321 31 304 762 476 528 839 
5	0.0: 249 322 1 296 748 410 527 720 
5	0.0: 192 443 13 279 738 485 536 887 
5	0.0: 123 393 1 200 761 490 554 644 
5	0.0: 120 383 1 271 787 417 559 906 
5	0.0: 170 348 1 344 744 516 475 418 
5	0.0: 91 329 125 275 771 482 511 831 
5	0.0: 132 257 103 288 762 343 552 829 
5	0.0: 274 295 6 307 731 518 519 703 
5	0.0: 166 284 1 295 818 450 482 856 
5	0.0: 146 358 78 318 750 473 521 966 
5	0.0: 118 253 40 334 825 417 526 829 
5	0.0: 89 290 1 407 795 471 508 839 
5	0.0: 152 290 1 276 767 473 522 839 
5	0.0: 137 359 123 326 807 296 511 975 
5	0.0: 97 398 133 379 753 480 503 715 
5	0.0: 99 309 224 275 788 427 516 507 
5	0.0: 136 194 1 334 770 413 532 656 
5	0.0: 192 192 8 340 724 549 522 878 
5	0.0: 180 270 108 373 787 396 534 464 
5	0.0: 199 274 43 306 801 504 516 630 
5	0.0: 221 363 63 292 800 543 505 626 
5	0.0: 131 319 224 288 767 511 528 933 
5	0.0: 80 336 1 387 764 463 497 732 
5	0.0: 133 313 41 288 747 446 510 790 
5	0.0: 126 185 122 324 747 365 529 790 
5	0.0: 162 279 19 331 807 431 505 679 
5	0.0: 249 343 42 304 754 461 490 760 
5	0.0: 191 281 457 299 746 470 532 928 
5	0.0: 221 262 171 321 772 429 525 760 
5	0.0: 141 336 124 343 780 481 513 1066 
5	0.0: 109 317 221 357 790 417 527 657 
5	0.0: 191 355 54 400 758 494 519 795 
5	0.0: 132 235 47 235 763 438 521 808 
5	0.0: 147 369 23 398 753 496 530 857 
5	0.0: 190 426 69 307 772 446 498 829 
5	0.0: 212 323 1 399 801 461 527 1008 
5	0.0: 221 299 55 289 773 501 556 883 
5	0.0: 39 298 26 310 803 378 520 702 
5	0.0: 132 350 1 317 768 498 545 716 
5	0.0: 145 292 175 239 775 471 531 857 
5	0.0: 213 169 178 335 776 492 528 598 
5	0.0: 105 337 105 363 841 370 520 836 
5	0.0: 115 336 299 388 756 486 496 824 
5	0.0: 89 375 77 228 769 407 515 778 
5	0.0: 140 304 9 244 789 520 524 856 
5	0.0: 238 347 138 297 697 380 530 814 
5	0.0: 139 301 51 392 750 473 521 716 
5	0.0: 108 272 209 328 773 398 528 725 
5	0.0: 202 242 118 241 788 449 524 688 
5	0.0: 113 263 264 300 784 405 523 686 
5	0.0: 183 138 184 302 751 461 524 828 
5	0.0: 182 316 168 241 770 399 542 578 
5	0.0: 102 390 67 319 799 520 504 786 
5	0.0: 131 218 1 352 769 439 530 993 
5	0.0: 133 321 18 341 784 401 526 617 
5	0.0: 93 319 395 330 757 535 499 866 
5	0.0: 223 380 148 261 795 476 523 779 
5	0.0: 229 229 1 259 778 412 529 871 
5	0.0: 154 283 1 359 821 545 510 390 
5	0.0: 96 277 77 331 794 474 519 584 
5	0.0: 70 346 2 227 765 477 521 717 
5	0.0: 218 402 26 398 764 469 513 1043 
5	0.0: 224 288 1 364 817 448 530 826 
5	0.0: 274 291 1 344 767 535 525 914 
5	0.0: 144 408 81 307 806 449 508 943 
5	0.0: 154 237 158 285 764 541 531 579 
5	0.0: 123 408 186 388 757 561 500 687 
5	0.0: 182 260 36 276 750 437 518 905 
5	0.0: 169 276 319 375 786 441 533 851 
5	0.0: 123 246 1 304 722 486 510 619 
5	0.0: 224 329 21 286 776 441 491 910 
5	0.0: 144 282 184 347 779 507 538 789 
5	0.0: 213 292 1 397 758 492 533 618 
5	0.0: 288 215 316 300 741 411 516 912 
5	0.0: 88 386 1 407 806 469 540 515 
5	0.0: 213 256 88 326 776 508 510 639 
5	0.0: 226 281 109 349 770 407 532 713 
5	0.0: 333 349 2 303 779 404 526 557 
5	0.0: 165 233 1 333 779 468 540 820 
5	0.0: 198 352 127 224 789 433 513 689 
5	0.0: 259 212 73 291 763 454 484 847 
5	0.0: 210 297 1 289 785 458 512 830 
5	0.0: 230 306 94 320 766 473 502 848 
5	0.0: 161 364 175 326 720 439 530 922 
5	0.0: 173 318 7 291 780 413 531 1024 
5	0.0: 237 287 1 299 757 376 526 652 
5	0.0: 193 385 1 298 787 404 506 1218 
5	0.0: 75 294 40 333 831 519 520 683 
5	0.0: 215 265 35 287 758 441 517 729 
5	0.0: 30 384 356 362 776 495 509 642 
5	0.0: 209 223 1 282 759 499 527 817 
5	0.0: 78 378 192 302 792 470 523 587 
5	0.0: 116 366 224 340 780 464 491 570 
5	0.0: 62 273 126 298 787 388 537 570 
5	0.0: 277 350 1 279 760 480 522 651 
5	0.0: 196 405 105 243 777 507 506 797 
5	0.0: 183 299 1 352 758 465 530 592 
5	0.0: 217 326 183 309 729 461 512 797 
5	0.0: 153 200 248 348 755 437 540 651 
5	0.0: 174 430 1 341 750 449 528 888 
5	0.0: 123 379 1 267 762 421 544 837 
5	0.0: 37 329 47 272 757 437 510 780 
5	0.0: 155 287 1 277 774 449 527 662 
5	0.0: 145 330 9 314 794 407 522 896 
5	0.0: 197 285 96 403 758 464 502 401 
5	0.0: 253 376 86 298 738 469 530 1181 
5	0.0: 78 284 197 312 795 420 499 894 
5	0.0: 160 310 42 249 790 498 518 756 
5	0.0: 132 400 63 289 778 405 525 815 
5	0.0: 148 275 1 259 786 458 532 718 
5	0.0: 178 274 251 321 810 465 515 760 
5	0.0: 204 272 142 357 768 492 509 796 
5	0.0: 130 251 155 253 790 470 517 613 
5	0.0: 146 303 307 376 768 434 532 1020 
5	0.0: 168 358 1 295 767 476 515 701 
5	0.0: 222 306 173 308 783 499 490 838 
5	0.0: 166 313 75 367 712 479 555 749 
5	0.0: 113 315 18 288 689 530 554 483 
5	0.0: 342 265 1 249 738 484 520 776 
5	0.0: 97 186 69 295 740 378 517 886 
5	0.0: 255 284 218 393 763 539 543 721 
5	0.0: 179 331 88 302 749 384 514 764 
5	0.0: 291 367 103 270 827 457 545 695 
5	0.0: 203 247 1 256 757 463 527 845 
5	0.0: 61 333 1 330 739 412 538 532 
5	0.0: 218 276 95 220 740 436 516 753 
5	0.0: 133 247 30 392 771 486 535 966 
5	0.0: 128 237 1 361 782 440 512 913 
5	0.0: 130 232 1 311 758 509 531 739 
5	0.0: 113 345 78 251 768 545 488 781 
5	0.0: 102 351 1 270 806 421 523 831 
5	0.0: 125 330 279 265 815 434 512 905 
5	0.0: 147 252 114 305 766 492 503 855 
5	0.0: 226 351 3 230 754 402 490 423 
5	0.0: 175 176 1 295 751 421 539 515 
5	0.0: 200 215 1 284 773 426 550 759 
5	0.0: 215 299 209 322 782 464 541 801 
5	0.0: 116 362 163 251 755 489 487 735 
5	0.0: 114 285 17 339 794 521 522 722 
5	0.0: 119 393 1 333 790 482 494 899 
5	0.0: 134 378 140 350 797 476 522 658 
5	0.0: 115 309 118 405 763 433 527 760 
5	0.0: 236 278 135 296 763 448 541 1087 
5	0.0: 146 355 165 379 779 422 491 573 
5	0.0: 177 412 1 287 777 451 521 888 
5	0.0: 174 399 1 284 774 477 549 698 
5	0.0: 95 338 34 276 812 467 511 920 
5	0.0: 159 344 146 230 769 498 508 470 
5	0.0: 116 327 102 359 792 457 505 621 
5	0.0: 171 321 219 341 723 472 542 963 
5	0.0: 117 375 210 405 738 438 504 958 
5	0.0: 181 366 1 311 785 442 515 978 
5	0.0: 270 281 1 205 736 403 503 649 
5	0.0: 176 325 33 370 726 522 520 702 
5	0.0: 136 261 1 322 765 436 519 864 
5	0.0: 162 298 16 281 721 346 515 601 
5	0.0: 64 390 126 240 793 507 509 807 
5	0.0: 143 282 248 334 764 414 486 827 
5	0.0: 228 266 1 218 738 554 517 665 
5	0.0: 233 338 1 376 774 446 522 830 
5	0.0: 209 408 1 375 809 477 515 553 
5	0.0: 312 171 174 266 801 446 516 705 
5	0.0: 99 332 35 318 767 486 534 733 
5	0.0: 49 345 60 399 802 473 532 819 
5	0.0: 129 291 1 376 726 428 524 803 
5	0.0: 223 276 114 241 803 504 532 712 
5	0.0: 206 350 99 382 776 483 526 567 
5	0.0: 266 275 1 217 741 478 512 665 
5	0.0: 86 210 1 269 752 405 516 828 
5	0.0: 154 360 92 308 779 436 491 733 
5	0.0: 156 262 1 334 776 418 538 846 
5	0.0: 167 364 74 356 763 443 498 704 
5	0.0: 176 357 1 353 783 521 538 905 
5	0.0: 151 219 216 319 761 515 502 786 
5	0.0: 165 272 1 356 737 443 500 679 
5	0.0: 197 233 186 334 739 506 536 774 
5	0.0: 211 352 62 337 773 461 518 712 
5	0.0: 159 257 177 328 783 446 524 834 
5	0.0: 215 310 138 215 710 425 536 842 
5	0.0: 248 232 96 372 760 422 496 729 
5	0.0: 241 284 163 317 794 477 552 839 
5	0.0: 161 311 126 284 787 532 525 857 
5	0.0: 195 348 1 302 734 491 527 952 
5	0.0: 126 444 1 277 759 398 510 782 
5	0.0: 166 450 230 343 783 472 552 580 
5	0.0: 119 180 116 356 731 439 501 734 
5	0.0: 214 336 261 319 760 391 531 918 
5	0.0: 273 290 31 322 799 430 546 544 
5	0.0: 149 352 42 356 728 504 507 905 
5	0.0: 173 359 33 298 767 518 539 745 
5	0.0: 137 214 11 304 777 505 533 963 
5	0.0: 28 338 1 200 822 448 521 786 
5	0.0: 157 286 37 284 775 446 506 839 
5	0.0: 154 150 79 208 768 502 523 556 
5	0.0: 149 290 97 278 744 442 532 935 
5	0.0: 178 412 128 424 828 506 520 908 
5	0.0: 115 239 217 204 761 450 504 796 
5	0.0: 151 323 105 387 755 554 534 952 
5	0.0: 216 266 1 350 735 529 519 896 
5	0.0: 77 264 1 318 723 448 504 890 
5	0.0: 198 312 1 432 736 471 504 806 
5	0.0: 141 250 20 342 781 463 526 927 
5	0.0: 29 365 67 343 682 507 533 712 
5	0.0: 168 342 27 242 793 472 521 853 
5	0.0: 347 356 96 346 762 550 526 855 
5	0.0: 199 412 1 293 748 424 535 651 
5	0.0: 149 459 1 379 786 481 500 850 
5	0.0: 130 298 71 368 769 509 518 643 
5	0.0: 109 250 109 335 759 472 496 842 
5	0.0: 73 265 223 295 812 441 529 685 
5	0.0: 153 277 1 437 773 470 488 842 
5	0.0: 191 242 32 249 755 534 530 765 
5	0.0: 257 293 232 301 795 420 520 752 
5	0.0: 133 271 220 254 718 438 515 811 
5	0.0: 119 283 1 228 759 424 523 657 
5	0.0: 207 411 308 328 764 378 491 1113 
5	0.0: 104 222 1 291 787 473 525 1039 
5	0.0: 143 222 1 414 717 411 519 972 
5	0.0: 174 268 48 244 775 535 499 932 
5	0.0: 82 261 94 255 759 450 499 689 
5	0.0: 143 391 1 304 775 467 538 830 
5	0.0: 173 309 118 288 747 434 541 901 
5	0.0: 171 319 69 262 785 452 509 700 
5	0.0: 219 339 171 212 833 457 511 755 
5	0.0: 49 243 1 274 763 508 487 813 
5	0.0: 184 226 1 282 778 461 516 763 
5	0.0: 185 295 181 319 810 505 534 890 
5	0.0: 205 251 73 284 764 501 503 481 
5	0.0: 48 272 104 270 766 449 529 853 
5	0.0: 217 359 1 359 778 424 513 727 
5	0.0: 177 328 76 406 763 436 514 650 
5	0.0: 114 313 1 272 745 446 512 670 
5	0.0: 208 275 1 366 796 457 513 671 
5	0.0: 143 232 85 294 768 458 526 581 
5	0.0: 145 345 30 360 749 442 536 584 
5	0.0: 143 327 54 289 745 508 506 886 
5	0.0: 183 183 62 303 751 445 546 797 
5	0.0: 132 306 215 402 805 366 535 771 
5	0.0: 176 312 1 316 798 487 507 640 
5	0.0: 161 325 1 246 800 499 518 627 
5	0.0: 208 306 1 253 762 498 500 703 
5	0.0: 154 336 1 312 736 456 524 1003 
5	0.0: 159 307 1 261 779 525 527 706 
5	0.0: 1 340 198 366 853 483 538 798 
5	0.0: 194 400 345 323 767 463 514 631 
5	0.0: 122 310 115 283 766 470 513 550 
5	0.0: 166 412 61 379 778 466 525 858 
5	0.0: 203 284 269 286 762 501 509 833 
5	0.0: 118 448 297 190 770 383 534 627 
5	0.0: 75 336 259 333 756 476 533 650 
5	0.0: 116 350 1 309 760 473 514 793 
5	0.0: 122 296 206 258 824 435 494 907 
5	0.0: 244 308 9 324 802 467 518 723 
5	0.0: 192 283 79 260 789 442 485 684 
5	0.0: 146 283 1 320 771 410 528 578 
5	0.0: 93 242 80 365 750 410 513 738 
5	0.0: 239 325 1 295 749 463 521 772 
5	0.0: 108 283 128 309 791 408 515 656 
5	0.0: 220 172 1 295 781 417 500 443 
5	0.0: 190 322 1 338 752 504 508 747 
5	0.0: 100 287 1 346 792 450 484 694 
5	0.0: 128 297 125 304 781 415 529 759 
5	0.0: 157 347 1 257 754 535 492 594 
5	0.0: 297 159 1 313 807 424 533 341 
5	0.0: 156 364 1 320 770 521 475 531 
5	0.0: 249 385 214 330 792 431 533 851 
5	0.0: 170 368 49 342 776 444 500 808 
5	0.0: 224 245 1 429 751 478 526 967 
5	0.0: 154 346 1 340 788 525 548 1153 
5	0.0: 157 319 136 326 748 436 515 718 
5	0.0: 65 275 147 294 814 478 525 783 
5	0.0: 121 322 136 227 733 512 487 594 
5	0.0: 171 386 132 301 804 489 505 858 
5	0.0: 213 253 1 286 825 404 520 962 
5	0.0: 230 296 141 358 785 482 527 623 
5	0.0: 258 428 251 372 769 462 533 812 
5	0.0: 231 442 72 316 788 513 489 618 
5	0.0: 326 286 1 343 754 459 524 938 
5	0.0: 181 357 146 334 764 469 475 941 
5	0.0: 217 242 217 318 806 469 501 758 
5	0.0: 106 347 1 292 749 441 531 862 
5	0.0: 149 361 46 314 737 446 519 725 
5	0.0: 88 327 1 348 761 476 504 779 
5	0.0: 221 171 1 382 740 486 532 599 
5	0.0: 81 309 115 247 744 433 522 838 
5	0.0: 90 259 1 297 747 451 526 947 
5	0.0: 180 436 78 376 774 437 552 1012 
5	0.0: 124 217 244 282 815 380 530 629 
5	0.0: 253 360 1 284 769 492 540 916 
5	0.0: 128 229 103 243 777 535 508 467 
5	0.0: 227 285 74 272 788 519 537 985 
5	0.0: 174 275 51 340 768 437 504 592 
5	0.0: 200 166 1 321 806 455 512 586 
5	0.0: 237 274 157 269 786 414 519 762 
5	0.0: 144 394 56 336 756 495 557 791 
5	0.0: 186 457 159 279 732 523 543 689 
5	0.0: 144 236 59 303 717 483 528 925 
5	0.0: 144 328 84 323 741 400 529 821 
5	0.0: 74 401 33 244 750 513 507 839 
5	0.0: 183 295 167 287 717 490 486 878 
5	0.0: 158 247 143 399 774 448 544 810 
5	0.0: 195 251 1 274 774 463 498 901 
5	0.0: 76 166 39 266 754 481 502 536 
5	0.0: 181 393 112 309 754 418 535 917 
5	0.0: 266 232 1 270 778 391 531 620 
5	0.0: 169 353 158 380 727 432 526 659 
5	0.0: 151 207 57 382 786 470 546 935 
5	0.0: 120 372 1 310 748 449 498 565 
5	0.0: 104 355 1 278 781 441 508 741 
5	0.0: 191 311 1 349 756 497 535 686 
5	0.0: 267 290 26 387 758 486 522 816 
5	0.0: 100 348 11 317 760 545 522 747 
5	0.0: 209 338 71 383 799 426 513 863 
5	0.0: 115 328 1 312 762 493 529 578 
5	0.0: 116 383 38 287 781 345 515 944 
5	0.0: 142 303 225 355 814 502 536 778 
5	0.0: 141 278 58 230 771 452 509 956 
5	0.0: 190 205 146 316 740 477 546 955 
5	0.0: 52 349 111 316 788 442 510 1120 
5	0.0: 198 368 1 340 780 464 517 839 
5	0.0: 167 380 159 299 818 428 512 810 
5	0.0: 192 355 1 368 757 508 524 566 
5	0.0: 246 287 78 350 773 430 502 740 
5	0.0: 160 354 1 314 710 533 509 612 
5	0.0: 165 294 1 313 772 451 505 552 
5	0.0: 144 309 54 375 770 472 513 796 
5	0.0: 213 306 52 264 799 595 537 741 
5	0.0: 172 329 55 306 725 447 504 578 
5	0.0: 133 363 48 302 726 446 504 766 
5	0.0: 93 226 168 357 736 419 533 671 
5	0.0: 210 377 38 354 788 547 506 760 
5	0.0: 132 354 21 409 770 460 522 420 
5	0.0: 99 393 30 345 800 487 523 655 
5	0.0: 210 247 1 276 785 450 537 804 
5	0.0: 245 308 1 275 774 430 509 543 
5	0.0: 182 356 1 271 782 480 544 791 
5	0.0: 118 297 127 372 774 462 541 675 
5	0.0: 172 330 1 328 753 506 489 965 
5	0.0: 96 323 166 301 767 442 515 768 
5	0.0: 261 299 1 330 798 427 521 990 
5	0.0: 72 151 3 370 824 410 504 837 
5	0.0: 225 322 1 286 777 420 510 685 
5	0.0: 204 300 1 281 756 508 515 688 
5	0.0: 68 285 184 332 768 466 523 473 
5	0.0: 207 132 1 324 744 501 508 675 
5	0.0: 190 286 46 394 782 513 516 902 
5	0.0: 134 319 200 315 765 472 507 846 
5	0.0: 179 279 214 275 763 447 523 882 
5	0.0: 155 237 1 255 741 529 487 870 
5	0.0: 158 266 130 287 759 407 522 764 
5	0.0: 200 261 66 267 747 447 502 833 
5	0.0: 141 163 1 322 737 418 525 852 
5	0.0: 219 365 1 337 770 448 553 696 
5	0.0: 147 312 15 291 778 451 516 579 
5	0.0: 120 382 205 294 835 485 505 774 
5	0.0: 183 323 47 357 766 445 501 549 
5	0.0: 185 260 1 376 809 454 497 767 
5	0.0: 173 370 1 300 785 438 513 789 
5	0.0: 109 277 100 360 759 488 525 882 
5	0.0: 217 410 1 206 762 538 519 821 
5	0.0: 250 414 1 326 767 512 517 1012 
5	0.0: 109 270 45 324 784 440 510 774 
5	0.0: 192 333 183 306 756 460 509 638 
5	0.0: 174 232 1 386 796 442 518 655 
5	0.0: 209 155 1 298 802 453 512 627 
5	0.0: 134 381 93 288 770 400 504 737 
5	0.0: 188 331 1 237 752 485 509 637 
5	0.0: 167 350 56 253 746 388 524 939 
5	0.0: 201 264 1 371 759 400 502 895 
5	0.0: 53 226 102 328 782 496 519 820 
5	0.0: 147 221 1 238 810 421 504 738 
5	0.0: 189 387 76 296 808 514 511 876 
5	0.0: 194 357 102 175 747 462 537 824 
5	0.0: 178 331 1 235 749 442 512 880 
5	0.0: 123 401 1 400 794 556 518 879 
5	0.0: 140 310 134 347 751 487 516 721 
5	0.0: 135 299 145 278 785 419 538 773 
5	0.0: 130 397 1 351 783 510 533 646 
5	0.0: 93 328 45 324 752 476 525 695 
5	0.0: 146 314 1 340 735 435 539 591 
5	0.0: 181 270 88 297 730 430 498 860 
5	0.0: 222 336 138 300 781 494 505 733 
5	0.0: 217 332 225 364 759 520 504 850 
5	0.0: 118 277 150 448 811 451 510 766 
5	0.0: 113 228 1 309 762 453 530 509 
5	0.0: 178 379 1 389 733 432 534 664 
5	0.0: 135 340 88 319 779 354 510 627 
5	0.0: 157 332 1 324 845 486 524 683 
5	0.0: 215 301 71 341 753 444 526 626 
5	0.0: 168 317 1 415 791 474 542 851 
5	0.0: 171 386 1 338 743 449 544 486 
5	0.0: 165 254 86 304 799 450 493 798 
5	0.0: 93 230 34 287 757 507 516 1023 
5	0.0: 235 287 1 317 779 492 512 695 
5	0.0: 123 314 84 151 754 386 493 944 
5	0.0: 59 253 332 308 752 398 504 769 
5	0.0: 144 199 1 326 756 463 506 761 
5	0.0: 106 330 183 267 789 432 528 657 
5	0.0: 214 373 193 316 735 457 497 821 
5	0.0: 222 298 97 342 778 441 520 711 
5	0.0: 131 276 90 326 780 466 517 911 
5	0.0: 76 264 43 282 772 440 539 877 
5	0.0: 107 245 50 343 745 448 521 742 
5	0.0: 170 374 232 282 800 513 528 799 
5	0.0: 112 384 1 405 751 511 517 711 
5	0.0: 147 286 165 357 785 474 498 918 
5	0.0: 115 300 1 313 740 502 522 688 
5	0.0: 239 384 41 359 758 432 523 763 
5	0.0: 212 384 42 336 791 466 522 795 
5	0.0: 101 299 129 322 797 507 508 940 
5	0.0: 164 348 64 399 790 396 520 769 
5	0.0: 260 266 100 356 838 523 519 778 
5	0.0: 145 393 1 360 802 455 490 702 
5	0.0: 191 387 132 284 770 395 528 834 
5	0.0: 72 371 10 278 788 441 524 615 
5	0.0: 139 358 19 270 759 497 574 1014 
5	0.0: 167 406 91 393 773 426 500 716 
5	0.0: 154 393 1 267 786 415 504 934 
5	0.0: 193 160 57 327 740 382 544 901 
5	0.0: 94 433 15 363 734 513 515 949 
5	0.0: 52 300 5 314 752 422 528 450 
5	0.0: 144 264 1 347 770 423 501 755 
5	0.0: 104 413 174 293 767 481 555 878 
5	0.0: 159 461 358 309 797 475 545 750 
5	0.0: 216 369 77 315 768 371 512 583 
5	0.0: 189 310 98 302 794 506 500 512 
5	0.0: 79 277 230 296 714 476 523 830 
5	0.0: 168 244 1 318 794 505 516 937 
5	0.0: 81 341 1 337 767 513 507 865 
5	0.0: 103 344 193 403 780 500 519 764 
5	0.0: 260 331 91 406 738 474 510 968 
5	0.0: 144 312 133 324 785 493 529 671 
5	0.0: 168 456 1 370 745 472 519 776 
5	0.0: 202 348 9 336 807 499 513 627 
5	0.0: 116 278 237 330 756 487 532 837 
5	0.0: 180 352 1 365 787 399 500 693 
5	0.0: 174 179 8 249 791 444 503 798 
5	0.0: 97 324 77 227 745 391 544 848 
5	0.0: 82 230 198 268 727 416 522 761 
5	0.0: 123 228 71 244 786 480 524 516 
5	0.0: 116 319 165 427 796 442 497 865 
5	0.0: 156 355 31 377 723 478 514 933 
5	0.0: 228 350 32 231 765 454 524 795 
5	0.0: 131 344 48 333 786 474 528 669 
5	0.0: 162 282 31 317 801 473 552 884 
5	0.0: 208 369 163 289 807 462 536 803 
5	0.0: 150 312 118 403 817 432 537 805 
5	0.0: 177 222 1 321 782 425 515 688 
5	0.0: 243 333 1 330 753 429 510 783 
5	0.0: 137 346 1 290 785 403 537 879 
5	0.0: 254 335 124 278 741 576 533 636 
5	0.0: 122 267 83 331 739 510 482 793 
5	0.0: 193 246 1 359 735 480 511 826 
5	0.0: 198 225 55 288 788 485 499 770 
5	0.0: 120 278 225 315 723 476 524 705 
5	0.0: 160 269 145 250 808 442 524 811 
5	0.0: 276 375 181 374 804 479 515 946 
5	0.0: 100 316 153 277 782 458 508 788 
5	0.0: 142 281 102 313 782 499 508 798 
5	0.0: 199 321 9 319 779 526 542 868 
5	0.0: 56 241 251 351 735 468 525 757 
5	0.0: 228 478 72 254 784 412 523 863 
5	0.0: 171 308 53 317 733 431 543 573 
5	0.0: 95 324 1 219 767 431 494 1111 
5	0.0: 132 355 108 184 771 483 527 542 
5	0.0: 167 325 1 337 764 429 500 633 
5	0.0: 110 295 242 300 783 414 539 663 
5	0.0: 188 271 158 387 782 491 490 794 
5	0.0: 148 277 1 338 775 561 529 681 
5	0.0: 151 385 1 317 722 422 518 856 
5	0.0: 183 310 17 265 749 462 519 712 
5	0.0: 129 307 1 412 745 523 493 651 
5	0.0: 181 266 52 273 739 490 502 731 
5	0.0: 159 483 1 205 770 470 549 995 
5	0.0: 94 432 132 381 785 462 529 882 
5	0.0: 258 352 136 359 756 404 488 702 
5	0.0: 158 304 154 341 804 485 548 837 
5	0.0: 161 277 1 275 800 551 531 599 
5	0.0: 192 354 78 293 791 414 519 726 
5	0.0: 173 376 1 357 784 532 506 929 
5	0.0: 243 367 61 262 781 478 478 683 
5	0.0: 146 359 70 278 745 459 504 912 
5	0.0: 213 418 181 224 756 434 521 785 
5	0.0: 161 402 1 384 777 397 509 826 
5	0.0: 214 318 277 301 798 489 530 582 
5	0.0: 123 309 24 395 749 450 523 578 
5	0.0: 60 280 179 310 812 511 548 555 
5	0.0: 208 246 187 456 769 456 514 397 
5	0.0: 120 300 169 368 817 452 546 702 
5	0.0: 124 301 12 338 780 473 488 729 
5	0.0: 175 318 75 371 758 503 526 802 
5	0.0: 148 345 221 207 724 487 510 668 
5	0.0: 63 285 71 318 760 520 515 1093 
5	0.0: 209 325 1 374 793 473 524 814 
5	0.0: 148 262 13 377 797 421 514 876 
5	0.0: 179 403 79 287 774 377 524 775 
5	0.0: 159 296 1 283 768 489 522 887 
5	0.0: 129 403 1 286 765 449 520 722 
5	0.0: 81 319 102 277 712 405 539 866 
5	0.0: 188 372 177 325 803 444 510 698 
5	0.0: 134 311 1 362 739 447 545 708 
5	0.0: 79 244 10 255 748 504 474 835 
5	0.0: 164 307 61 326 777 436 516 881 
5	0.0: 193 240 1 317 785 502 517 846 
5	0.0: 148 314 46 387 791 514 516 640 
5	0.0: 154 317 20 325 741 503 508 607 
5	0.0: 101 398 102 327 741 445 527 879 
5	0.0: 210 249 302 305 778 488 493 849 
5	0.0: 213 376 121 351 800 366 486 800 
5	0.0: 155 400 167 322 776 451 506 1001 
5	0.0: 199 336 1 309 785 479 544 821 
5	0.0: 247 357 1 187 787 521 512 735 
5	0.0: 196 364 182 282 737 450 494 768 
5	0.0: 178 436 88 329 793 448 524 924 
5	0.0: 179 325 43 218 804 495 498 952 
5	0.0: 99 273 170 365 763 478 508 430 
5	0.0: 77 255 224 279 759 404 527 556 
5	0.0: 163 328 175 388 811 483 511 902 
5	0.0: 136 305 1 312 767 423 487 687 
5	0.0: 154 358 1 408 761 428 505 725 
5	0.0: 301 355 208 338 754 425 528 906 
5	0.0: 194 348 291 284 785 480 507 625 
5	0.0: 179 308 1 313 777 514 542 842 
5	0.0: 162 302 1 240 795 492 549 916 
5	0.0: 198 370 40 291 784 463 545 585 
5	0.0: 138 312 46 290 756 415 534 917 
5	0.0: 181 382 117 302 754 525 531 417 
5	0.0: 176 341 1 338 746 511 535 836 
5	0.0: 147 226 50 289 793 457 501 665 
5	0.0: 39 365 175 222 728 543 533 1005 
5	0.0: 190 285 194 236 771 413 518 649 
5	0.0: 236 269 1 321 788 448 527 695 
5	0.0: 206 367 137 295 758 449 518 731 
5	0.0: 183 300 1 367 750 459 506 655 
5	0.0: 22 308 95 330 754 434 521 778 
5	0.0: 127 299 187 342 726 435 539 976 
5	0.0: 133 369 16 304 754 432 501 893 
5	0.0: 183 374 1 325 784 533 519 682 
5	0.0: 159 241 1 394 796 393 525 959 
5	0.0: 126 313 59 219 723 413 521 831 
5	0.0: 206 425 223 224 743 451 514 711 
5	0.0: 89 351 114 274 763 492 517 765 
5	0.0: 198 279 129 317 742 469 526 604 
5	0.0: 81 259 166 203 769 437 523 832 
5	0.0: 32 341 99 329 750 375 501 468 
5	0.0: 118 261 64 347 778 450 544 901 
5	0.0: 188 383 11 280 762 450 540 607 
5	0.0: 151 261 54 346 705 431 519 841 
5	0.0: 153 339 248 290 767 468 505 809 
5	0.0: 99 391 83 364 732 529 474 794 
5	0.0: 182 302 139 373 771 421 544 632 
5	0.0: 210 370 79 332 780 421 491 866 
5	0.0: 252 187 142 385 760 471 496 964 
5	0.0: 189 244 105 258 756 423 516 780 
5	0.0: 243 257 108 272 756 413 530 858 
5	0.0: 177 360 1 326 779 490 505 744 
5	0.0: 196 250 1 346 802 501 523 1073 
5	0.0: 134 406 1 371 790 468 545 633 
5	0.0: 150 393 1 382 792 394 514 468 
5	0.0: 136 210 48 345 805 470 523 446 
5	0.0: 146 353 80 285 765 518 505 1043 
5	0.0: 271 340 165 335 825 445 496 685 
5	0.0: 196 221 1 339 781 386 490 780 
5	0.0: 127 261 344 366 778 460 508 977 
5	0.0: 141 309 113 245 739 437 543 1066 
5	0.0: 182 328 41 248 780 454 496 758 
5	0.0: 142 467 46 391 739 409 533 1008 
5	0.0: 178 302 46 271 744 497 517 747 
5	0.0: 141 246 123 363 778 428 539 774 
5	0.0: 206 313 1 266 797 484 517 981 
5	0.0: 263 328 126 235 777 432 515 799 
5	0.0: 130 342 1 275 760 387 514 614 
5	0.0: 149 325 1 319 737 479 489 903 
5	0.0: 222 204 83 328 753 402 486 862 
5	0.0: 59 287 1 447 739 540 535 525 
5	0.0: 148 195 52 273 747 503 515 764 
5	0.0: 187 328 175 328 793 369 531 975 
5	0.0: 202 284 74 357 822 456 547 921 
5	0.0: 209 251 162 276 784 491 539 881 
5	0.0: 91 311 1 232 726 539 523 677 
5	0.0: 149 366 228 356 758 429 524 843 
5	0.0: 141 290 92 402 739 444 526 389 
5	0.0: 193 260 157 288 775 444 497 726 
5	0.0: 165 156 255 358 763 488 500 922 
5	0.0: 123 331 1 308 762 451 516 706 
5	0.0: 232 347 43 265 769 437 501 797 
5	0.0: 142 449 91 325 783 355 523 1005 
5	0.0: 133 337 21 299 738 405 512 812 
5	0.0: 74 343 58 318 765 401 516 911 
5	0.0: 205 362 393 322 776 499 519 849 
5	0.0: 144 351 150 345 788 479 500 833 
5	0.0: 49 359 169 314 771 492 519 770 
5	0.0: 204 439 62 276 780 553 520 827 
5	0.0: 108 225 1 276 753 465 539 651 
5	0.0: 210 229 14 299 821 489 527 961 
5	0.0: 264 349 1 339 768 498 504 807 
5	0.0: 133 288 169 310 790 435 542 1009 
5	0.0: 216 369 1 305 790 487 499 794 
5	0.0: 179 335 1 280 788 543 496 655 
5	0.0: 128 354 128 289 744 511 521 1005 
5	0.0: 215 299 1 278 779 464 509 768 
5	0.0: 165 347 5 337 730 429 516 718 
5	0.0: 207 208 1 362 717 435 543 1024 
5	0.0: 177 256 44 323 774 464 503 640 
5	0.0: 108 305 98 226 748 457 536 581 
5	0.0: 206 282 95 274 706 385 538 808 
5	0.0: 215 269 1 353 762 420 514 859 
5	0.0: 169 302 73 302 783 437 499 1224 
5	0.0: 180 239 1 325 809 506 502 929 
5	0.0: 149 244 211 389 750 442 511 935 
5	0.0: 178 266 111 318 755 417 534 765 
5	0.0: 212 378 1 332 748 479 533 969 
5	0.0: 128 261 16 353 758 435 486 774 
5	0.0: 70 391 145 335 801 505 548 803 
5	0.0: 141 252 1 314 719 487 539 693 
5	0.0: 141 329 270 257 771 463 496 954 
5	0.0: 203 229 1 286 754 468 501 916 
5	0.0: 155 200 35 284 787 461 536 759 
5	0.0: 185 354 225 332 739 407 512 993 
5	0.0: 126 269 133 384 765 447 514 967 
5	0.0: 215 342 27 239 755 392 535 737 
5	0.0: 256 269 1 324 749 458 509 910 
5	0.0: 159 225 56 354 771 435 518 781 
5	0.0: 107 354 66 328 788 476 536 1084 
5	0.0: 140 257 291 364 756 474 498 795 
5	0.0: 196 256 1 301 819 476 515 701 
5	0.0: 131 119 129 281 778 476 503 684 
5	0.0: 139 413 38 341 749 456 502 568 
5	0.0: 222 370 78 233 743 380 522 649 
5	0.0: 224 317 1 282 768 433 511 577 
5	0.0: 156 304 1 279 772 480 525 746 
5	0.0: 177 292 4 333 770 424 537 670 
5	0.0: 114 251 234 240 751 523 523 1001 
5	0.0: 215 228 78 264 803 408 514 872 
5	0.0: 167 381 33 316 753 412 510 969 
5	0.0: 152 408 1 297 785 486 519 541 
5	0.0: 101 241 116 253 788 448 514 1118 
5	0.0: 39 317 74 427 780 526 504 603 
5	0.0: 170 217 183 168 782 482 524 1108 
5	0.0: 155 182 292 333 806 427 514 839 
5	0.0: 134 216 1 396 757 450 512 986 
5	0.0: 165 277 68 273 765 452 480 885 
5	0.0: 154 373 1 305 809 500 515 629 
5	0.0: 203 392 1 402 762 477 551 584 
5	0.0: 216 291 68 387 802 518 514 760 
5	0.0: 1 360 14 300 726 452 542 886 
5	0.0: 191 317 58 274 788 442 510 751 
5	0.0: 107 396 1 367 778 426 522 793 
5	0.0: 194 351 4 300 797 449 509 865 
5	0.0: 198 242 215 234 772 331 557 846 
5	0.0: 212 331 1 308 755 475 513 695 
5	0.0: 145 392 125 271 754 409 520 1037 
5	0.0: 248 310 66 349 773 490 523 734 
5	0.0: 160 209 1 216 743 449 508 782 
5	0.0: 122 327 1 418 785 554 514 773 
5	0.0: 147 388 189 396 796 540 518 722 
5	0.0: 73 290 231 372 740 501 504 753 
5	0.0: 332 321 174 332 752 477 523 761 
5	0.0: 195 251 111 319 805 511 511 660 
5	0.0: 49 292 194 251 801 382 526 753 
5	0.0: 177 464 53 274 785 404 502 812 
5	0.0: 208 223 26 235 764 437 504 689 
5	0.0: 244 324 155 324 789 438 531 1012 
5	0.0: 134 276 56 323 746 475 521 865 
5	0.0: 222 386 145 303 759 429 480 818 
5	0.0: 184 281 1 283 735 492 516 625 
5	0.0: 126 259 1 294 785 514 523 629 
5	0.0: 150 307 13 408 743 429 496 685 
5	0.0: 126 266 1 298 769 372 506 965 
5	0.0: 251 356 135 270 743 453 488 612 
5	0.0: 196 225 1 287 820 450 525 824 
5	0.0: 223 302 1 337 736 437 545 743 
5	0.0: 217 393 1 366 767 479 501 809 
5	0.0: 124 286 34 315 800 448 510 811 
5	0.0: 45 306 1 325 785 470 493 817 
5	0.0: 96 310 87 331 765 463 511 758 
5	0.0: 70 347 9 338 723 475 512 731 
5	0.0: 162 340 409 369 747 330 528 633 
5	0.0: 179 317 8 358 834 455 508 726 
5	0.0: 152 249 97 294 745 440 519 899 
5	0.0: 250 276 9 278 801 506 520 783 
5	0.0: 133 251 127 257 775 426 502 1034 
5	0.0: 213 250 38 294 777 508 503 866 
5	0.0: 103 167 118 343 787 467 547 754 
5	0.0: 130 335 1 284 784 460 525 1112 
5	0.0: 158 341 117 317 759 421 554 632 
5	0.0: 166 382 169 325 734 415 515 660 
5	0.0: 229 318 1 328 813 405 519 768 
5	0.0: 188 412 107 350 806 449 504 898 
5	0.0: 210 305 125 385 752 472 527 827 
5	0.0: 96 479 1 282 772 482 518 694 
5	0.0: 132 293 171 309 802 437 507 1026 
5	0.0: 78 167 35 278 762 484 518 630 
5	0.0: 116 201 1 398 762 455 514 941 
5	0.0: 134 352 23 274 750 360 513 853 
5	0.0: 265 337 2 325 773 529 510 758 
5	0.0: 161 224 1 324 792 460 522 640 
5	0.0: 268 267 62 265 790 444 536 625 
5	0.0: 213 189 68 393 772 477 533 519 
5	0.0: 175 260 31 268 785 409 520 830 
5	0.0: 228 252 127 281 773 473 506 705 
5	0.0: 144 318 161 274 775 441 523 972 
5	0.0: 146 317 43 333 762 432 484 878 
5	0.0: 92 240 1 349 757 465 543 661 
5	0.0: 50 199 1 368 798 390 512 849 
5	0.0: 147 383 257 411 750 462 523 785 
5	0.0: 195 281 60 269 805 510 511 450 
5	0.0: 162 278 28 307 730 475 531 643 
5	0.0: 183 250 1 333 754 418 484 847 
5	0.0: 174 257 1 237 777 434 566 902 
5	0.0: 152 246 1 283 778 476 516 805 
5	0.0: 157 188 1 321 773 411 511 724 
5	0.0: 81 267 1 242 781 418 554 616 
5	0.0: 188 244 62 291 808 437 528 584 
5	0.0: 232 353 82 204 788 453 509 480 
5	0.0: 135 236 36 420 799 398 524 995 
5	0.0: 90 276 1 258 802 459 501 856 
5	0.0: 149 289 1 234 784 441 529 682 
5	0.0: 67 414 16 389 750 446 529 539 
5	0.0: 146 295 78 347 820 414 534 764 
5	0.0: 152 203 89 318 741 447 523 1092 
5	0.0: 143 168 103 314 795 492 537 777 
5	0.0: 161 294 1 247 775 485 496 1027 
5	0.0: 153 318 1 390 773 430 519 689 
5	0.0: 228 228 122 350 774 465 517 832 
5	0.0: 310 319 179 367 775 505 484 862 
5	0.0: 84 318 1 348 741 514 527 743 
5	0.0: 124 325 37 415 783 537 514 786 
5	0.0: 112 319 202 309 788 522 525 848 
5	0.0: 242 254 41 262 785 509 544 837 
5	0.0: 190 309 1 298 758 397 497 853 
5	0.0: 280 329 1 221 759 477 549 540 
5	0.0: 98 311 1 269 735 510 520 911 
5	0.0: 46 412 23 372 760 499 491 554 
5	0.0: 212 328 1 281 727 407 523 944 
5	0.0: 1 350 1 260 764 464 486 728 
5	0.0: 246 292 1 249 750 402 534 803 
5	0.0: 96 362 71 341 774 404 539 482 
5	0.0: 111 279 7 434 761 422 527 1077 
5	0.0: 128 417 79 346 790 472 512 792 
5	0.0: 179 172 150 291 786 411 508 970 
5	0.0: 238 430 111 337 770 523 516 891 
5	0.0: 100 270 48 281 803 565 497 910 
5	0.0: 110 222 3 294 766 439 517 581 
5	0.0: 99 150 180 286 739 470 500 621 
5	0.0: 241 286 1 306 759 568 526 640 
5	0.0: 115 305 95 301 757 394 490 756 
5	0.0: 107 243 203 246 749 460 502 561 
5	0.0: 226 305 1 318 722 541 502 1019 
5	0.0: 258 378 1 270 746 487 514 385 
5	0.0: 26 289 1 326 773 433 508 734 
5	0.0: 42 333 73 265 738 487 517 763 
5	0.0: 243 254 1 317 742 484 497 936 
5	0.0: 288 303 1 338 706 455 503 758 
5	0.0: 96 364 35 208 784 449 512 591 
5	0.0: 227 227 121 272 773 407 555 655 
5	0.0: 236 269 17 302 737 490 516 737 
5	0.0: 169 270 170 316 799 483 505 802 
5	0.0: 234 274 1 352 756 506 499 588 
5	0.0: 118 314 96 324 789 500 514 856 
5	0.0: 206 350 152 259 749 429 521 642 
5	0.0: 238 286 1 352 818 484 517 798 
5	0.0: 140 344 141 359 765 511 487 729 
5	0.0: 132 326 37 401 757 490 517 705 
5	0.0: 162 295 165 377 777 518 548 907 
5	0.0: 20 323 140 283 774 497 523 677 
5	0.0: 179 364 1 293 744 510 525 1011 
5	0.0: 157 389 13 316 758 411 512 775 
5	0.0: 84 367 1 307 726 444 514 687 
5	0.0: 206 386 1 251 757 522 519 812 
5	0.0: 110 310 215 322 799 473 534 759 
5	0.0: 284 340 1 295 778 428 525 670 
5	0.0: 104 325 233 376 808 433 505 468 
5	0.0: 62 265 1 285 785 481 515 760 
5	0.0: 145 336 2 306 761 511 543 880 
5	0.0: 163 247 70 312 761 460 537 535 
5	0.0: 203 354 27 315 769 528 546 740 
5	0.0: 132 421 1 327 787 496 527 471 
5	0.0: 185 386 108 353 768 415 530 676 
5	0.0: 209 376 1 257 765 457 544 690 
5	0.0: 106 363 193 275 741 497 540 967 
5	0.0: 199 164 1 295 770 509 508 1021 
5	0.0: 168 250 43 305 810 476 532 635 
5	0.0: 185 273 144 290 811 381 532 726 
5	0.0: 32 337 8 333 746 503 521 858 
5	0.0: 111 431 94 281 725 437 528 683 
5	0.0: 121 381 2 297 765 476 522 969 
5	0.0: 204 380 175 380 801 352 516 651 
5	0.0: 183 258 146 344 796 416 518 581 
5	0.0: 255 320 1 329 815 456 507 728 
5	0.0: 180 219 51 331 786 403 513 913 
5	0.0: 268 300 1 347 743 416 539 1093 
5	0.0: 75 359 1 319 782 515 514 992 
5	0.0: 190 300 1 255 770 528 479 833 
5	0.0: 215 301 1 316 820 439 532 866 
5	0.0: 117 211 133 201 744 457 523 1092 
5	0.0: 150 372 104 290 757 444 555 925 
5	0.0: 190 177 1 336 807 480 532 649 
5	0.0: 219 360 1 309 780 468 528 788 
5	0.0: 163 316 1 303 788 499 512 964 
5	0.0: 172 206 129 302 754 391 533 1066 
5	0.0: 252 317 129 317 772 420 532 812 
5	0.0: 237 422 1 199 765 543 523 818 
5	0.0: 35 238 30 344 779 412 521 758 
5	0.0: 201 272 1 287 784 416 519 816 
5	0.0: 113 388 271 331 750 435 515 797 
5	0.0: 237 268 69 307 781 403 511 492 
5	0.0: 236 234 1 299 758 441 490 575 
5	0.0: 90 275 55 335 756 439 523 696 
5	0.0: 174 209 56 308 752 478 508 647 
5	0.0: 160 333 122 360 768 429 492 628 
5	0.0: 48 310 42 321 776 455 518 936 
5	0.0: 197 428 29 321 757 439 532 770 
5	0.0: 199 376 106 314 733 439 519 837 
5	0.0: 186 226 83 362 794 505 517 601 
5	0.0: 186 208 1 352 740 459 522 639 
5	0.0: 227 348 71 286 759 440 502 366 
5	0.0: 172 278 1 274 732 549 518 699 
5	0.0: 262 368 1 319 820 436 517 783 
5	0.0: 119 234 39 281 753 457 531 569 
5	0.0: 312 467 1 305 749 446 539 799 
5	0.0: 174 297 253 281 770 537 507 705 
5	0.0: 83 379 1 365 749 409 498 898 
5	0.0: 177 292 213 379 792 542 525 497 
5	0.0: 158 317 65 259 744 473 551 749 
5	0.0: 194 317 1 311 732 447 517 669 
5	0.0: 153 237 101 280 760 401 526 882 
5	0.0: 180 379 1 336 729 495 510 594 
5	0.0: 213 338 130 333 804 422 512 895 
5	0.0: 282 298 57 338 716 436 527 680 
5	0.0: 241 340 80 323 720 422 482 654 
5	0.0: 118 280 30 272 762 553 500 853 
5	0.0: 191 221 81 349 776 485 494 877 
5	0.0: 139 314 143 279 778 378 484 664 
5	0.0: 140 247 1 248 801 410 505 782 
5	0.0: 197 230 1 320 759 515 506 714 
5	0.0: 184 298 267 306 742 491 535 741 
5	0.0: 124 364 1 336 801 405 537 795 
5	0.0: 177 301 25 318 748 451 515 802 
5	0.0: 168 267 1 352 738 465 531 777 
5	0.0: 183 340 16 321 756 464 533 962 
5	0.0: 244 374 220 313 754 529 523 705 
5	0.0: 105 274 288 327 772 499 531 732 
5	0.0: 195 263 200 267 775 534 522 468 
5	0.0: 142 312 195 272 778 502 523 334 
5	0.0: 225 256 140 380 755 516 506 777 
5	0.0: 106 278 82 348 759 426 524 875 
5	0.0: 125 362 158 287 712 522 547 926 
5	0.0: 189 329 1 335 793 396 522 659 
5	0.0: 91 284 159 246 775 456 503 673 
5	0.0: 267 377 1 291 805 497 532 814 
5	0.0: 133 272 98 255 741 453 520 848 
5	0.0: 199 250 1 271 743 440 477 913 
5	0.0: 111 238 1 256 771 474 504 813 
5	0.0: 245 330 1 246 761 352 548 962 
5	0.0: 76 341 130 315 753 471 508 683 
5	0.0: 131 337 9 286 782 427 506 595 
5	0.0: 250 214 28 332 721 516 527 640 
5	0.0: 128 248 1 293 778 448 564 587 
5	0.0: 44 228 66 300 805 436 516 693 
5	0.0: 213 419 153 371 775 434 572 1059 
5	0.0: 155 346 115 292 770 455 507 810 
5	0.0: 105 300 34 357 771 474 534 524 
5	0.0: 125 288 74 224 771 456 531 1066 
5	0.0: 149 355 298 295 806 526 528 662 
5	0.0: 102 355 1 374 798 479 491 953 
5	0.0: 209 260 26 266 771 485 534 963 
5	0.0: 203 407 182 341 734 466 509 444 
5	0.0: 172 279 112 331 759 466 504 696 
5	0.0: 161 338 141 327 784 420 540 836 
5	0.0: 269 278 70 393 768 538 522 853 
5	0.0: 39 214 64 266 737 509 519 868 
5	0.0: 118 245 1 342 792 451 512 793 
5	0.0: 217 236 28 298 739 529 538 795 
5	0.0: 121 285 1 266 752 479 513 671 
5	0.0: 117 300 10 297 739 483 498 669 
5	0.0: 164 246 76 282 789 493 515 659 
5	0.0: 139 387 101 297 774 416 508 856 
5	0.0: 192 311 191 325 792 445 516 851 
5	0.0: 147 182 1 267 759 531 498 740 
5	0.0: 188 245 1 345 754 441 510 1085 
5	0.0: 293 330 51 276 767 486 522 780 
5	0.0: 82 419 103 218 765 524 505 472 
5	0.0: 166 471 116 296 759 489 497 907 
5	0.0: 165 122 25 325 796 441 517 930 
5	0.0: 118 304 222 293 742 495 530 758 
5	0.0: 66 320 1 333 751 479 530 716 
5	0.0: 244 246 1 286 809 382 512 1126 
5	0.0: 253 220 106 315 712 451 491 775 
5	0.0: 216 311 276 349 796 435 529 665 
5	0.0: 153 406 1 384 769 460 516 1017 
5	0.0: 166 370 35 369 780 486 552 872 
5	0.0: 157 363 1 348 763 476 504 583 
5	0.0: 244 419 1 206 756 503 535 869 
5	0.0: 147 181 1 228 778 411 521 1075 
5	0.0: 183 275 156 301 777 495 502 609 
5	0.0: 121 247 1 271 786 432 527 677 
5	0.0: 165 265 1 411 764 465 532 400 
5	0.0: 112 175 106 160 784 407 512 655 
5	0.0: 135 224 1 417 776 428 504 824 
5	0.0: 284 294 48 269 783 375 502 923 
5	0.0: 173 284 72 275 794 477 495 924 
5	0.0: 133 344 252 328 758 444 529 777 
5	0.0: 102 286 1 340 768 452 506 1157 
5	0.0: 162 289 225 333 751 486 501 625 
5	0.0: 101 390 1 273 803 486 523 743 
5	0.0: 110 226 56 283 752 447 525 889 
5	0.0: 67 283 63 311 796 432 508 780 
5	0.0: 182 387 204 273 744 422 502 859 
5	0.0: 248 344 48 434 850 426 521 868 
5	0.0: 100 240 1 178 730 457 514 695 
5	0.0: 86 325 141 220 749 488 521 587 
5	0.0: 91 321 48 240 780 428 539 616 
5	0.0: 119 282 343 341 760 418 553 761 
5	0.0: 72 303 1 343 805 463 512 960 
5	0.0: 226 249 234 322 786 496 542 789 
5	0.0: 178 324 133 312 715 505 515 725 
5	0.0: 180 354 1 246 804 462 526 699 
5	0.0: 251 305 1 261 771 524 496 1131 
5	0.0: 219 390 103 326 775 402 525 665 
5	0.0: 182 305 186 273 763 534 497 794 
5	0.0: 246 423 137 263 744 409 541 828 
5	0.0: 135 267 94 269 751 526 502 758 
5	0.0: 91 343 165 390 756 478 506 722 
5	0.0: 85 370 120 335 744 473 506 446 
5	0.0: 142 202 81 301 748 475 530 929 
5	0.0: 127 375 322 276 778 432 491 868 
5	0.0: 194 219 128 244 761 475 506 835 
5	0.0: 226 372 1 292 761 408 501 821 
5	0.0: 76 288 109 354 784 509 539 733 
5	0.0: 179 335 42 349 736 449 516 822 
5	0.0: 204 392 1 316 754 389 553 764 
5	0.0: 135 362 44 254 778 432 512 883 
5	0.0: 211 350 229 373 765 423 518 651 
5	0.0: 210 239 102 265 777 467 520 710 
5	0.0: 75 371 1 297 757 459 533 902 
5	0.0: 214 384 134 246 748 461 518 645 
5	0.0: 273 385 104 325 729 412 532 762 
5	0.0: 160 354 108 231 773 523 526 933 
5	0.0: 170 289 135 224 787 428 504 655 
5	0.0: 150 331 163 375 769 421 546 1007 
5	0.0: 142 357 191 261 771 472 522 816 
5	0.0: 167 346 85 362 765 370 509 943 
5	0.0: 182 389 1 355 773 552 521 734 
5	0.0: 189 291 53 301 794 456 552 723 
5	0.0: 120 233 237 276 773 477 523 698 
5	0.0: 151 219 1 274 717 453 503 786 
5	0.0: 276 366 90 406 794 507 501 964 
5	0.0: 159 217 1 261 775 446 512 992 
5	0.0: 149 342 1 319 799 459 536 999 
5	0.0: 130 458 1 307 791 444 493 565 
5	0.0: 204 364 222 240 764 466 517 705 
5	0.0: 132 294 83 339 782 474 542 921 
5	0.0: 252 308 153 283 790 451 546 1059 
5	0.0: 117 381 1 412 767 469 518 524 
5	0.0: 163 124 1 361 724 404 517 828 
5	0.0: 235 291 26 281 776 427 511 875 
5	0.0: 44 275 215 349 755 459 552 1151 
5	0.0: 180 357 79 222 801 516 525 752 
5	0.0: 178 247 1 385 816 451 520 851 
5	0.0: 269 352 155 349 791 453 512 917 
5	0.0: 205 340 1 251 776 438 489 786 
5	0.0: 184 357 15 308 776 420 517 905 
