5144
5089
6507
7332
3013
4237
5544
7734
3402
5119
4205
6247
5508
7894
4927
6702
4801
2950
3020
3864
7121
3137
3144
6219
7726
4791
4021
3050
5478
4395
3762
6940
4835
3698
5455
3067
4652
3070
4854
6453
7681
6861
3821
5682
3544
6445
7544
4404
7540
3791
4246
6954
6801
4100
4254
7944
6429
4368
5321
7913
5344
6928
5793
7040
6923
6475
6716
7306
5228
6783
4449
6884
3098
4726
4057
7065
7886
7433
5314
7064
6651
4690
7975
7651
6544
5471
6365
7862
5042
7512
7412
4639
7598
2943
4388
5990
4445
4932
6424
3529
7833
4412
7322
3626
7558
7590
3473
4789
5583
7199
5309
7230
4106
4468
3246
3193
7960
6139
6796
4387
7497
4877
4240
6116
5519
7137
5697
7272
7221
5876
6694
6352
6356
3029
6573
3496
3405
4544
4978
5120
6952
6624
2883
7029
5330
7515
7994
3585
3875
4676
6204
4820
2806
3408
6261
3418
7556
6105
5935
7964
6881
6620
6942
5608
4128
4268
4995
5596
5222
4414
7745
5244
5295
4349
7375
6607
7411
6612
4867
7478
6683
6973
3746
5736
4709
4354
4817
5654
6531
4244
6085
3471
7095
3369
4961
4625
5906
7063
7075
6434
4813
3574
4247
7570
5427
4643
2969
3896
7885
5126
3603
3612
5053
3183
4755
6341
3828
3923
4783
3437
6383
4336
5885
4524
2880
5684
5790
5351
6107
2982
6165
5854
5031
3477
5227
7155
7851
7996
2976
3993
4878
2958
4713
5265
4044
7962
6040
7682
4189
5461
4587
6522
4977
3620
7991
4600
6925
7182
5503
7248
7538
6972
7561
4942
5183
7892
3136
4912
4631
7806
3566
7101
5895
7016
5581
3804
5102
3706
4670
6048
4165
3724
7990
3419
3398
7035
3332
4407
7792
6664
5200
5789
5744
6795
5755
7926
4270
7959
3257
4500
7584
7141
6391
3262
6401
6135
4370
3017
3220
4702
3055
4910
6679
2908
7831
5065
7103
6918
6190
5113
7890
6185
6030
4767
3717
6443
6776
6917
6577
6613
6975
4840
4029
4159
3456
6982
6253
5254
4608
3407
5248
3552
4243
4437
5204
6117
6552
3607
7039
7079
7392
3798
6259
7819
6278
2954
3577
6793
4074
6256
3455
4804
7899
5343
7778
3417
6068
5859
7626
3506
7201
3616
5358
4020
4300
6321
7354
7122
5860
5020
6003
3415
6163
5055
5566
6013
6887
5203
3237
6343
7172
6669
6905
5920
4734
6078
2989
5603
6439
3012
7376
6501
6524
6405
7543
2918
3205
5708
3096
7273
7759
6883
6720
4826
5936
3541
7117
4421
7866
3320
3889
4346
4136
3989
7347
6410
3485
4553
4072
7109
4721
5137
6375
6181
3710
3099
5005
3862
3119
4010
3505
5081
7582
6890
6355
3470
7222
3091
7014
5954
4839
4902
5867
6895
6870
3949
3722
5873
3640
5348
7061
4175
7977
6730
5063
7214
5347
7725
4715
5668
4054
6471
6874
4340
4539
5807
6488
3590
7076
6158
7909
3111
7523
4124
5027
4139
4557
5045
5305
5815
7880
3120
3464
6184
6757
3312
7245
6017
7715
4975
3071
6339
3647
3944
2889
5127
7760
5278
3361
3981
2885
3892
7506
6075
4186
6634
5499
7092
3036
6961
5258
4957
6326
5787
3630
5068
5428
6893
7764
6146
3519
1649
2936
6788
1818
3768
6956
6853
6373
5646
5341
4543
4052
3436
5649
5951
3212
6104
7919
7398
3900
2905
4138
4831
5996
3601
3049
4289
6112
5298
4101
6070
4546
7041
5665
5964
4214
3517
3650
4828
3668
6822
7728
4496
4959
2978
7761
5930
3935
5435
7060
5421
3424
4732
5848
4046
7152
5075
4194
4499
7262
3648
6043
4685
4003
5356
6790
5527
2953
3185
3891
3656
7444
3793
5901
5923
4611
7661
4229
6255
4971
3277
3045
5083
5495
4001
2990
5457
6611
7906
7344
3931
3687
5188
4798
3218
3818
3069
6330
6773
3226
4808
7338
4122
4153
3725
4185
5590
5786
3532
6579
6378
6699
7642
6015
4923
6012
4583
3379
5678
4078
3116
6594
7821
6851
7702
4973
6889
3553
5216
3937
4031
3274
3472
6588
3712
3360
7114
7127
7956
7004
7501
3381
7924
6038
3914
5077
2956
7124
4815
6499
4345
3011
4169
5924
6460
7008
5696
3557
3872
7713
6446
5562
3852
7684
7056
3181
6565
4983
6993
3179
4860
2947
3959
7699
3026
4383
4723
4366
4691
3561
7581
7260
5758
4091
4118
2932
7608
5506
5158
3545
4188
3238
4236
6718
6221
4556
7602
4802
5677
5446
4664
5513
7674
6995
5712
6126
3602
3708
5273
5013
3019
6976
3061
4090
7802
5431
3786
6025
4264
7308
6342
3876
7058
6210
7701
2960
5983
3941
7698
7993
3086
7915
3385
6838
5698
3674
4288
2920
7954
5658
5198
4607
3835
6872
3318
7119
4569
3383
3570
4796
4249
6977
6215
3239
5393
3427
7834
4453
5928
7276
2899
3920
5657
3727
3474
5949
5599
7254
7691
5625
5104
6230
3723
3463
4818
3525
7328
3397
3867
4981
5101
4822
3736
4529
7246
7295
7096
7015
5349
5407
4915
5040
7436
6823
3147
5722
3009
4276
4958
6519
5617
5375
3488
6295
4747
7859
7483
7712
3280
4467
4304
7331
4006
3635
5376
3117
4034
7484
5675
3442
5598
6892
6091
4807
3143
3376
7466
7629
6724
3378
6879
5234
4284
5741
7224
4477
5426
6419
4970
4287
6459
4635
7952
3041
7430
3195
7509
3644
3372
5952
7249
3921
4418
4424
6122
2970
4491
6897
4763
3155
7498
5691
7820
4419
7946
7902
6697
6645
7766
5610
3324
3703
5669
5266
5211
4821
5403
6943
3755
6676
3563
7670
4891
6751
3236
4771
3539
7971
4903
4733
3964
7053
5368
6543
6089
7313
6138
5282
3740
7945
3420
6855
4964
6175
7482
7729
3759
3301
7865
3002
4225
6035
6888
7057
7621
4330
3778
6396
3175
3625
6850
5124
6714
6639
7277
5369
6073
3484
6647
3531
7708
7800
6244
7132
7746
6052
6009
5018
7850
6029
3080
3300
4457
7492
6228
6473
4252
5724
6965
6470
6852
3141
6546
5224
7044
4687
4899
7634
6867
3794
2887
4876
5880
5730
5515
3151
5879
3926
7756
6770
4628
7970
5307
7511
4281
3156
7531
7097
5225
7464
7364
2938
4401
3351
7586
7782
6856
6951
6537
6733
3874
4063
5483
4551
6121
7259
3839
3542
4907
7657
3149
5889
3451
5841
5131
5655
3109
7100
6232
4469
4260
4303
5558
5945
6213
6859
7368
6120
6409
4171
3605
6723
6177
5605
6306
4965
6479
4811
7161
4780
3844
4830
4262
2910
7811
3168
3688
7379
2933
6359
7370
4812
4990
3197
3516
6581
4442
5397
4137
5707
6605
6617
3911
5086
4227
2911
4671
5486
5630
4989
4092
4928
5791
6584
7279
4321
6705
3594
4735
3382
3219
5316
6799
6444
3916
3715
5438
3367
3088
5550
5785
7903
3665
3362
3064
5094
6369
4621
4576
6263
7787
5526
6021
7380
6037
1502
3526
4427
7932
3053
6200
4864
7206
5327
6557
4896
3269
5769
7989
7921
3901
2224
7080
7189
3508
5950
6203
3537
4115
5207
6785
7383
5827
6902
5592
5718
7736
5832
5579
6784
6422
4578
5960
2896
6402
5850
5402
7426
3707
6254
4269
3583
6987
5288
5205
7062
5378
7754
4893
7973
4017
6836
4748
4462
3253
7439
3761
7967
6542
1622
4456
5905
7281
6328
3770
2893
7030
3066
6906
6527
4174
4955
7388
4301
6137
5147
3260
5202
6161
7553
3990
5268
6787
6490
6314
4649
7603
3819
4875
5253
7904
3284
3042
7550
7330
7714
6520
4673
6590
7891
5672
3550
7539
4098
5105
4792
6807
5824
7812
5798
5121
7957
5908
5145
3032
4089
5184
3720
6640
4757
4048
6974
6549
5001
7753
6667
6465
3866
3963
7050
3079
6907
4856
5481
3546
5567
3823
5493
7950
5752
6610
4966
3363
3536
3480
5927
5215
3820
5919
4143
4241
5652
5809
4362
6939
3691
3494
7462
3619
7639
3157
5995
5578
5594
6258
3887
6846
3158
6646
4008
3227
5843
6022
5622
5999
2923
7881
4428
5738
7077
5074
4882
3618
5259
5749
3596
3729
6130
6093
3913
5212
3339
5125
4221
3547
4454
5834
4022
4834
7530
7601
3633
3951
3645
7869
7479
5840
7315
7791
4793
3925
4777
5671
6681
7678
3719
5795
3564
3812
6411
6806
7054
4228
5525
6602
2888
7468
5715
3790
3072
6097
3684
3805
7599
3591
6863
7652
7700
4646
4365
7268
3377
7693
3680
6034
4049
6955
5796
3016
3278
7622
5181
4581
3235
5256
6414
5396
3413
5252
4549
5078
6515
4559
3837
2957
4741
5653
5962
3880
5828
4119
6132
3481
4758
7966
7297
7644
3490
3292
7129
5694
7671
4464
4634
4697
4212
5475
6098
4000
3827
6981
3479
2987
3696
5772
6094
6131
5666
6580
6568
2321
6058
6061
3444
1795
4291
4716
6260
3540
4575
5542
3513
3113
6055
5154
4293
7453
5891
5987
4485
3190
6682
5476
4261
4348
5357
7828
7767
4476
4898
6388
4722
7933
3692
3856
6362
4438
3966
3728
3199
3957
6147
3501
4011
4433
3845
6072
4093
5564
5352
6217
5626
7244
5651
7816
6143
6553
6363
6178
4147
4311
5405
4463
5385
5166
3105
4151
3410
3535
3449
3323
3276
7093
5521
6390
4355
7577
6031
5142
4929
5944
7216
4746
5839
4203
5766
7978
3733
6086
4443
4480
7142
6436
4081
3646
4972
4665
4512
6002
4271
6587
5553
7672
6502
4200
5293
6350
3214
7139
5760
4674
6202
3831
3184
5267
4744
3331
7963
5329
7112
6324
6737
6693
6252
4554
7722
7001
7592
6523
6512
7735
4863
3579
3780
3893
4594
6626
6069
4963
5193
5303
6057
7727
3514
5588
4565
6959
6591
6310
3879
3387
3335
5504
7158
3595
5683
4684
6071
7359
3186
5271
4984
4459
4384
7399
6847
3933
7943
5761
7421
5529
3670
3092
7136
6592
5501
5555
7936
7326
5425
6437
4692
4446
7094
4667
7910
3281
3349
4987
7314
5230
4146
3732
4273
5226
4309
4263
3815
3675
6551
4986
4333
6235
4450
6550
3556
6816
7490
7916
7707
6081
4540
5323
4707
6548
7420
7339
6860
7407
7755
3196
3543
3048
4317
4630
3734
4056
5315
5247
4584
5816
4736
3726
6692
7120
5938
5194
3507
4730
7625
5350
3534
3232
2915
6629
3108
4082
7106
5877
5331
6875
3813
5957
5249
6340
6992
5374
7413
6830
4654
5164
7145
3014
7555
5833
7980
3007
6555
5695
5085
4953
3386
4367
6496
7765
6510
4698
5804
3313
3869
4941
6985
4265
5861
5490
2892
4266
6648
3031
3311
4475
4917
4083
7611
5881
4123
3162
6036
3965
5400
3409
5690
4513
6752
2952
5517
3623
5611
6004
4613
6435
7000
5496
4564
4794
7801
4328
5595
3918
5573
4653
6532
5098
3131
3170
5263
4486
6283
6753
7459
7776
4283
7929
2755
4040
4997
7717
7251
4390
6080
5916
7409
7005
5262
3636
3153
6220
5269
3366
6233
6919
3043
7683
5220
4511
3224
6743
7627
4905
5377
7422
7287
5857
5589
5464
7664
5251
6334
4714
7923
6193
4127
7532
4531
5447
3664
7025
2881
7930
5836
6438
4797
4231
7329
6243
3266
6832
3743
5162
4658
5634
6616
6245
6154
5412
5745
4313
7873
6498
5511
7138
3915
3177
5552
6675
1688
4297
6748
7931
6732
7215
6196
3530
4708
4087
5584
7446
2928
3581
4393
6153
5134
4843
5364
1573
5115
3682
5917
5613
5991
3849
4157
3575
6803
3661
5662
4530
6216
4472
3983
4859
4884
7144
5039
4848
4068
6813
5242
5277
3803
3084
7104
6578
7632
3286
5910
3766
7788
7166
7428
7425
3551
7739
6364
4007
6489
2922
4204
7400
4490
4038
6450
4391
3833
6011
4296
3005
4272
4879
3662
5261
3677
4579
3811
2967
5713
6392
7938
3348
7784
3751
7218
7051
6744
7600
7208
4939
5977
3110
6606
5704
7797
6862
3690
3940
6412
5756
6791
4921
5129
7653
4805
5648
5281
4937
6250
4956
5156
4586
5167
5201
5750
7521
3125
2884
4568
5143
4799
7237
3429
7146
7870
6300
3104
4931
3608
7576
5007
6868
4015
6608
6944
5510
3589
4352
5180
6644
7863
5289
4255
4725
7655
3165
5629
6767
7481
1939
5709
3189
7278
7220
4398
3673
7549
3868
7744
5888
6495
6374
4070
6525
7613
3443
2894
3982
4392
5706
7046
4825
4571
5497
5088
5466
6421
2994
7356
3571
6049
3749
7423
4482
6010
5918
6691
6462
5206
3221
7003
3268
2939
4504
7690
3319
4130
4305
3462
7551
6931
7826
4483
5571
5743
3705
6818
4561
7774
5939
4678
6129
3265
5842
7649
7562
7637
3822
4113
7548
6286
5436
3799
7205
6018
3775
3788
7010
7284
7204
5988
3223
5808
6380
3897
3453
3961
3847
6199
5780
3748
7113
6768
6480
3044
3352
5989
4605
7469
4870
4680
6222
4408
6041
6660
4117
5806
7716
3884
4102
7545
3094
3767
6734
2965
4055
5779
5186
6371
4976
6063
5320
6454
7790
7502
1645
3922
4426
4027
6265
6076
7631
4470
6700
7209
3701
5123
6316
5070
7263
5048
5333
7299
4019
4385
3434
5627
4739
7888
3671
7352
6570
7666
4695
3881
5355
7130
3492
3515
5788
5110
7487
6780
3502
5856
5969
7346
6136
7031
5239
4548
4016
5921
4938
5072
6913
4638
3027
4406
4668
2725
4588
3611
5947
3130
5572
5414
5381
6671
7898
3180
5441
5429
2972
5006
6206
5003
4415
6950
5021
2919
4624
5825
5725
4018
5163
5922
5313
6663
5079
6839
7432
3322
6750
6486
6264
3843
6487
4819
2464
4329
7072
3432
2332
6703
3898
6425
5128
6509
7630
6650
5822
6231
3303
6811
3493
2934
4435
3927
3814
5335
5545
6583
7537
4209
5500
3341
6924
6006
3010
7986
5312
6843
3491
3588
6292
7573
4251
6469
5577
4550
5409
6493
5477
6560
5139
6635
3138
6877
4058
5334
6299
4084
7258
4181
4738
6934
4655
5933
5940
2072
7149
6514
5967
4688
5606
5559
6680
2940
5612
7738
7393
7614
3627
6497
7574
7591
4177
4280
6313
6033
6331
7419
4582
5178
6083
4222
5100
5884
5111
7533
4772
5998
4787
5871
3906
7718
4620
7043
6979
5342
6361
4701
5770
2809
7457
2886
4833
3739
7646
7500
5479
3861
6269
5389
4505
7752
5138
6065
7211
4061
7027
6416
5275
3676
3962
7768
6315
2199
6641
5721
6124
5118
6240
7528
2992
4924
5539
7296
1911
7335
3282
3308
6333
4342
3060
4573
4933
4593
6837
4622
4071
5897
5782
7928
5346
6898
6305
5731
3520
4206
3254
5487
6191
5141
3261
7777
3051
5458
5830
7917
3521
7107
4619
3240
3356
5087
3025
4359
3610
6828
6108
6077
5953
3135
3554
5817
6833
5338
4377
3234
1829
6406
7953
3683
3373
5956
7772
3350
6970
7282
4960
5547
6572
4886
5729
7134
4292
4502
7125
6674
2925
7387
3225
7270
4302
7507
5661
4430
4525
3756
6082
3022
3106
6500
3810
5187
2912
6775
3163
4506
7942
3390
5582
3988
4497
7510
2975
7941
3252
6564
3860
6781
7405
5855
6415
7173
7935
4440
5792
4109
5728
3943
5022
7217
7394
4005
6484
6603
6701
5813
6095
3469
3173
2731
5097
3314
4659
7449
5016
7034
4156
4282
2964
5304
3979
5639
7667
6741
5175
5968
5019
5686
5452
7665
4765
5322
4121
4331
6911
6652
5080
5976
5619
5549
7384
7231
6817
7102
7871
4380
6914
7471
4094
6866
6423
7737
6967
7832
7369
5865
2951
6736
6456
6815
3452
7583
3112
7724
4982
5875
4332
7997
6920
6621
4974
7567
5560
6896
6999
5064
3853
3658
7709
7517
6407
4827
4140
5391
6996
6728
3139
4800
3169
6032
7896
4829
5523
7465
3593
7748
5858
4338
6312
2983
5010
3522
6238
3495
7390
3107
6932
7635
7976
7300
7009
5270
3364
5637
5386
3686
4250
5882
3101
5213
5109
7108
5797
3977
6335
6810
4862
5071
4719
4640
6246
3629
6601
5975
5035
6574
7181
7982
3631
4180
7275
2873
4103
7995
6127
7948
7867
3928
3744
7118
5904
3524
3204
6721
6739
7239
6686
4853
6026
2948
7918
5663
7723
6281
4267
3353
4432
3152
3586
6915
4465
5759
3056
7463
3431
4047
7541
7283
7643
3123
5739
4998
2909
7452
5416
5732
6706
6566
5528
5520
5440
4233
2997
5067
4466
3450
7037
4916
5863
6461
5062
3358
7720
7059
4353
1936
7212
7147
5411
5767
4756
3899
5165
7002
5082
4012
2235
2968
5853
4857
5151
3842
7770
6722
4749
7018
4164
4162
6865
5973
6983
7266
7961
5821
3021
5705
3642
7563
5238
3000
7658
6771
6106
5958
7969
6420
3753
5379
4350
6586
3695
3917
6933
6997
4451
3438
7438
7289
2565
5509
2074
3368
7547
3858
5155
3201
6533
5623
3393
4104
3655
6769
4431
6413
6585
4351
3548
6180
5208
6589
6376
6275
3483
7852
7190
6988
5090
4195
2862
7947
6960
5883
7154
7250
7105
3999
3955
5404
4727
5638
7455
5017
6209
4361
7927
4999
1507
4858
7068
4533
7849
5747
5232
7111
6214
3886
2999
3789
6759
6678
6360
5700
6242
5771
5734
4806
5398
7324
7747
6727
5177
6417
5514
5236
3077
5587
6176
6690
3678
6794
4399
5093
7875
4706
3345
3840
5469
6382
4994
7785
3299
5965
7198
2435
7042
4694
5311
5084
5359
2667
7090
4160
3621
6966
5384
2962
7887
4849
6503
7441
6618
5597
7696
1921
6007
6308
4042
5290
6712
1753
6110
3709
7236
7513
3716
7032
6786
6677
7660
3327
5210
7434
4838
2917
7148
5524
4316
3685
7013
1637
5190
3528
6779
6001
3001
3396
5783
6234
5946
7984
5985
4949
1800
7813
7495
5746
5966
5061
7267
6762
7179
5171
7884
6582
5159
4213
5899
4760
5693
4448
4661
5030
3459
4824
5943
3857
5591
4148
3987
6593
6430
6998
3958
3404
4239
3907
4308
5046
6020
6742
7133
4679
5942
2068
3435
5442
5279
4683
5692
7447
6688
7514
6482
6655
7662
7648
3210
4645
2413
7817
6984
6195
1525
7827
7992
3802
7261
7307
3182
4764
4610
5533
6704
5038
3426
5984
7304
3078
6322
3365
6125
7719
3718
2556
3850
7486
7703
6684
7408
7835
2767
3100
6173
6141
7843
4883
5176
4778
6599
4596
6447
6201
3167
7473
6631
3207
3702
5008
3468
6908
4379
3882
6274
4887
5445
7732
5153
6633
5451
5060
4503
4980
3087
4889
7160
4672
3388
7588
4150
3846
5633
4488
4030
7357
7234
7522
2446
6099
6841
3523
7207
7605
6194
6188
7184
5720
7687
5467
5699
3796
6248
6166
4754
5931
6358
5781
2991
5862
6707
5250
5174
2076
3558
4922
5913
6296
5362
5702
7620
4184
3628
5456
4951
7730
4842
3711
3785
4217
3217
5049
5264
5336
4037
7689
4911
4542
3919
3555
4230
5296
6809
3649
6367
6596
3758
7305
5002
3259
3063
7677
6294
7135
5838
4405
4770
6719
7900
3018
4211
7654
5114
6239
4322
1771
5541
4591
5586
7668
2930
6393
5472
3504
3428
3576
7274
3457
5852
3763
6047
3617
5099
5716
4220
5454
7491
7519
7568
6403
6187
7316
3065
4711
6192
6619
7168
6637
3592
4940
3807
2966
3315
5896
6600
6485
7645
3587
4728
5057
5301
4547
4371
2998
7238
3222
2944
3172
5297
6926
5140
5576
7673
3004
5302
6963
5339
5485
3264
6174
6170
5874
5851
3774
5650
4436
3783
3447
5235
7341
7557
3639
6297
6348
6953
2961
5754
6708
4327
3133
6067
4026
3787
4422
7311
3745
2931
3735
2834
4705
3208
3978
5037
4784
4562
7350
6271
6945
5009
5907
4479
6005
5802
7298
3781
7641
4238
5294
7391
7418
3209
4509
7115
7594
4337
7358
3817
5449
2633
3938
5548
4002
3249
6563
7360
3582
5887
3118
4218
5149
7333
3699
4178
4279
4035
3370
3950
4158
7320
3124
7786
6288
6659
6336
3247
7829
4768
3052
5092
5742
7604
5971
5170
5370
5900
4256
5367
4161
6994
3200
2916
4135
7656
5814
6894
7319
3046
3040
4816
7171
6385
4699
5534
4394
3754
4988
5710
7293
4142
7226
4602
5462
6778
4274
6797
3128
2208
3458
3422
7697
5574
4560
4651
6354
4570
5912
6559
2578
3082
5069
6123
6301
6946
3024
4724
7110
3681
7456
3567
4009
4481
3910
5570
5593
4567
5051
5505
6969
3309
6826
7365
2133
3102
6709
5892
4900
6016
6903
3304
6670
3097
3403
5221
4341
3995
7895
7805
7804
5388
7382
7815
2691
4028
4339
5229
4866
7554
5737
4343
4166
7363
5784
7868
2433
4099
4693
7560
6066
3960
4397
4790
4861
4934
3171
6534
7580
5641
6368
7830
5443
3342
5317
3969
4750
2902
6929
4962
3003
7775
6289
4460
7373
7579
3395
3679
4036
6642
7789
7188
3338
6119
7202
7750
7743
4656
6395
4850
2981
3946
7163
7616
5681
2973
4290
5963
6060
5189
4306
3666
7020
4908
3006
3384
6319
6249
4363
3953
7410
3231
5819
4788
3738
6428
7504
7256
7367
6198
6511
5285
6627
5326
2979
7647
3421
3334
3806
6050
5775
1482
5245
3568
1835
1983
7052
4535
5546
4131
5197
7348
6541
7911
7074
6186
5026
3737
5488
7126
6351
6088
6346
6947
3511
5468
4872
3273
3454
4740
5992
3512
2410
4873
5345
3081
7123
4577
4682
2924
4208
7186
3062
3967
5354
6014
7981
5217
4410
2929
4523
6000
4253
4657
7679
7922
4519
7798
6276
4144
7355
3441
6223
7012
4669
7572
2788
4452
6494
2937
3779
5433
3797
7488
6400
5122
7569
4514
7889
4275
7445
7099
7082
6910
4105
4369
4737
3392
4439
4215
4248
4145
5812
2444
3089
6320
6792
4310
4943
4096
5380
3034
3467
5831
6662
5058
7607
7877
1521
5353
6197
4742
7255
6558
6821
4993
5701
4039
5015
3211
7908
7225
2993
7232
7386
7612
3433
6760
5893
3873
6337
1716
2963
2955
5740
4079
5209
7028
6789
4242
5886
4532
7318
7595
7882
7437
3824
6064
5036
3800
7294
5866
6183
7480
1872
5363
5418
6772
5532
5424
6729
6756
3801
3203
7292
6638
5460
6829
6262
3288
5324
3954
6389
6044
4776
3263
5959
4710
4375
5034
4592
6149
5117
3188
4968
2113
1951
7024
7685
3572
5994
4786
6710
2897
2548
7853
6427
3637
3782
4199
4097
7542
4378
2986
5420
3694
5801
3272
5195
4487
6665
4677
7710
4753
7475
2045
4606
6745
6019
3336
5679
4508
3945
6562
5726
7351
3176
6092
7178
3142
3599
4781
3825
4597
5937
6980
3134
7362
6168
7397
3509
5033
3039
3503
3651
5869
4173
3930
4751
5554
5024
4865
7159
7606
4895
7905
3851
4024
4944
4718
5551
7838
7999
4629
7618
3908
7937
4067
4599
5073
4202
5849
6825
5635
4285
5823
3924
7825
1595
6912
7247
3127
3375
4073
3446
3689
7663
5774
4536
4967
4326
7372
3445
6798
7619
7045
4417
6118
6464
7402
5870
7450
4992
4528
5535
3090
7793
3624
6285
5902
7404
7803
5044
7615
3909
2204
7162
6302
1969
1613
7424
2655
6842
5507
5799
6696
3132
6636
4779
6372
7879
7496
6765
2898
6891
4112
5632
7417
6455
6111
3160
4434
7177
7706
6142
7578
7019
4286
3344
7253
5214
6689
6404
3578
5161
7575
5561
6535
3166
6538
5276
3721
7860
2635
3890
3609
6632
6189
3830
3903
3974
5029
7704
3164
5773
7676
3229
4107
7269
5192
7771
7415
4307
5366
3878
2285
6844
5868
7925
6687
5914
3406
3980
4648
6672
6831
3932
6418
4050
3641
6323
4066
6477
7169
4076
7460
6526
5776
7505
6273
4187
7085
6968
7861
6103
3414
7864
3865
5518
1542
4510
4766
6804
4163
2254
6904
4312
7675
7033
2901
4785
5328
5568
6059
3191
4108
6290
7897
5059
4769
3255
3832
7312
5423
3008
5543
4566
4494
4069
2152
3230
6835
6814
5981
3764
5494
6958
4809
6812
7624
7317
7525
3894
7342
7733
4696
4357
5463
6024
3354
3976
4376
1610
2977
6277
7847
5185
2216
7837
5777
6819
3059
7443
3213
6938
3192
4474
4471
6506
5274
5243
7494
4589
6463
4601
2935
4775
3150
4926
5602
7855
4095
7196
6916
5811
5417
3606
5489
3975
3613
7493
3146
4632
4538
3275
6169
4954
6740
6325
5580
7876
7721
6167
6604
6160
6448
1629
4580
6991
5043
6668
6857
4782
1549
5757
6051
4014
4868
4517
2907
4650
7389
6280
7912
4080
7150
6433
2781
7974
7213
6575
7848
1721
4897
4455
5616
3632
7858
4909
5805
6873
5286
4223
7559
3328
5392
2317
4116
4196
3478
4059
7636
7749
4585
6394
4616
4759
2242
7640
4633
4025
7623
2005
5408
5530
6654
4880
7593
5845
3500
6056
2760
7769
6858
5399
3161
4295
3895
5260
4334
3663
3411
4358
4373
4617
6749
4232
6802
2946
5864
2006
3206
3498
7361
4641
3905
6885
5615
7609
5585
3584
7628
6623
5459
7448
7088
4335
4323
5569
7474
4841
7321
5810
7395
6800
7334
6989
2400
7949
6673
1173
2151
3243
6408
3215
4572
5878
2050
6513
5762
6140
7078
3115
3267
1560
5925
4372
7694
7795
6561
7153
4837
4396
3399
5000
5980
2974
5733
7164
3075
2250
3657
2419
4609
7824
4360
7223
7233
7451
7893
3076
6303
7381
7742
7596
3773
1500
7529
3233
7377
5130
4855
3228
3302
6284
3730
4132
5004
4534
3371
5106
7485
3760
5157
5872
4752
2280
4234
1887
6990
4386
5410
5621
6685
4216
7071
4402
1575
6211
5970
7087
4675
3037
6927
3752
3033
7839
1813
2274
4555
2193
3834
2903
3400
3093
5372
5032
7524
3283
3412
5903
6023
4182
2291
7345
3194
7007
3440
1838
7808
5800
5240
7972
6476
3622
6399
7200
4521
7565
2995
7140
3765
7021
4154
3126
2324
7084
4703
5955
5014
7435
7526
3829
3970
5299
4062
2942
3747
6046
3085
2941
7243
5557
6332
6962
4126
2797
6715
5659
1523
4168
5482
6698
1648
7349
4155
6653
4315
5182
6876
6008
5246
5607
6236
6441
4170
4258
7883
3948
5719
6614
5406
7823
3934
2371
5926
4729
4325
4904
6491
7589
3994
2028
5390
6518
5727
6871
5096
7017
2714
7414
4888
4644
2356
3140
3792
6267
6291
3973
6763
3317
4344
5609
6598
3154
3877
2622
2239
7477
6150
3538
5498
3841
5703
4663
6922
1718
3888
5997
7070
1533
3187
4120
7047
6151
7192
6936
2022
6472
3559
3291
7131
3704
7235
3439
6625
3693
3809
5272
3294
3986
2871
6282
4761
2913
3271
6717
6468
2268
7427
4615
4134
1868
6458
7023
3597
4803
4190
2141
4298
6571
7857
2266
6309
4411
3939
7006
5465
6293
4773
2403
2866
5480
3389
4515
4235
6661
7822
4324
7401
7229
4913
6845
3202
7170
2890
7461
4051
2792
6656
6045
6451
7467
2641
4492
5643
5439
6237
4952
5642
7638
6508
3653
4845
7240
4647
3285
4114
7856
6886
3159
5600
3604
4060
1561
7022
4869
4717
1611
5837
4936
6467
7197
5674
7878
4473
7773
5169
2628
6318
2594
5664
1944
5614
6764
2320
7527
7965
4425
5283
4914
6397
3757
3023
5196
6054
7089
5401
3466
5565
4409
3248
5890
1896
6882
2579
6643
4890
5025
2926
4522
7280
5437
6726
3054
4224
4201
7073
5219
2194
6386
6481
5076
3329
3700
5502
7476
1705
7066
7167
2300
3489
3340
2156
7489
1539
5011
4700
3912
7086
4210
3244
7552
5717
7458
5444
3816
2891
5979
3854
3357
5056
3251
4493
3290
4541
7429
1576
6725
5844
6941
6353
6381
5536
6329
3750
6345
2417
1987
2227
7807
4686
1663
3216
4043
5982
1930
7845
4413
3074
4991
5847
2388
5108
7988
6880
5993
7416
4762
2846
2719
6102
6144
5450
4389
1515
3293
5961
6370
3697
2959
2393
7193
7968
5012
3838
4810
6521
1999
6152
5191
2256
3672
3425
6115
7810
4603
7440
7939
1578
5173
7799
5470
5233
3836
3997
6827
2612
7958
7157
1884
6113
5680
1817
7934
4320
3660
5764
3296
5687
7241
1931
5516
6311
6357
4948
4149
3615
2787
3028
4226
3984
3333
4626
4731
5413
2716
5255
1974
2327
7508
7680
3129
5340
6207
2117
2187
4489
5360
5670
7195
7844
1791
2337
3148
4176
7836
6212
3306
7069
5332
4065
3569
1618
6027
2231
4032
1745
2352
5116
3326
7128
6148
6225
7617
5636
5934
4552
6754
5763
4851
5337
6134
7081
6731
5768
2357
7705
5284
2646
5932
2882
4192
2487
5748
7907
4458
3863
7286
3316
6900
6957
3346
6384
7695
4198
7610
6087
3808
4191
4382
4207
6630
2222
4947
2390
7291
4441
3947
2492
1642
2396
7914
6505
3448
6478
3777
5676
3270
5656
7083
5150
2432
1839
3122
5318
6483
4894
4604
1616
4704
5556
4836
7520
6218
2625
6899
3936
3968
6227
1882
4197
1707
2872
6241
939
3533
6257
2213
2372
5107
7669
2670
5644
2042
4642
6074
5714
2286
1666
2099
2092
3035
5915
3359
2015
2139
4689
7546
7650
3499
5647
1782
4945
2815
2252
3654
4846
1536
1640
1559
7518
1605
2304
1598
5640
1738
6901
2739
2638
2382
7203
2248
4832
3714
1846
4637
5430
1677
3784
5132
6556
6349
5491
6777
6042
2895
6492
4946
3991
2900
7809
5152
2303
1962
7176
1812
6039
2839
2580
1947
2036
3870
3305
3904
7180
2087
2238
6808
2366
3298
5711
3713
5909
3073
6156
2980
6937
2032
3250
5199
1469
3374
4795
2448
1890
6266
6971
2450
3952
5645
1904
6053
4277
7499
4152
1822
2784
5473
6268
3956
3731
5689
2158
6628
2463
3482
2523
6466
2510
2927
6432
5394
2769
7257
3015
6452
7818
4498
5512
2171
6530
7098
1669
7340
6536
5667
4520
4075
3279
6398
7840
7288
5826
7920
7758
2453
5538
5091
6344
5563
4874
6545
2481
6307
5432
5395
4823
4045
3325
7219
4614
7566
6516
1480
7516
2056
7985
4033
1566
7740
7442
6182
3573
6597
6978
2333
3942
5308
6504
5941
4356
6909
2011
7783
6133
5948
2988
7796
5387
3321
6658
7366
7252
4179
2163
2190
4901
6921
4278
1485
5604
6930
5688
7470
7337
3174
7151
3083
6528
1653
4516
5103
4892
2070
6145
2134
4985
1526
1774
6711
1828
2669
7688
4501
1965
1512
1620
2662
3855
4314
1913
2665
7955
3310
6755
7264
5280
2281
6164
2490
6474
4077
3057
5112
2971
4518
6746
2061
2147
1786
1513
5287
2279
6440
3614
2756
1814
2945
2014
2712
4133
5218
7353
7271
1701
5135
4563
5846
1943
7757
4598
4447
2921
7323
6287
1737
3659
4950
1159
5160
2503
1660
4558
4299
4814
6949
2349
6304
6208
2863
7951
6567
2129
7309
5382
6547
4245
3518
1635
4662
1562
5818
6935
5371
6179
4172
2351
5383
2526
2661
1423
5148
6426
1222
4129
1593
4847
4110
3859
2378
7841
4347
6738
6157
5835
4925
2025
2651
4294
4461
7285
7472
7979
3902
5735
2008
2848
7987
6279
1484
2724
1863
2258
2630
2294
4774
3527
2169
7731
5660
3600
4720
6171
6986
4085
3380
1636
1935
6622
3510
1639
3826
3114
1686
5911
4023
3996
2476
1932
2847
7711
6162
1825
1844
2501
7454
7227
2744
1732
2288
7659
1373
7327
4996
1667
2181
5054
5829
3972
6948
2804
5241
1755
3565
3771
2779
3416
2682
1764
1727
4193
5628
5620
2175
4930
2184
1528
2996
3460
2552
1845
4111
2672
4259
7378
6649
2085
2033
3475
7048
2777
7692
5484
7403
4627
3401
4041
7503
1888
7325
2671
3772
6096
3638
5223
6805
5929
2616
1524
3669
1934
2531
6854
5794
5023
6114
2562
2049
3769
2064
2346
5751
5422
2546
1327
5028
1848
2020
1877
5319
4844
6100
2790
2219
1938
1792
3929
2170
1646
7183
1869
2631
1503
7228
3742
1979
7310
6824
3121
3476
4429
5522
1534
4681
4979
1903
5310
7564
3289
3295
5146
4495
3497
6379
3776
3287
7026
2904
7431
1729
4574
5778
7091
7846
7301
4167
2122
5179
1617
3307
1577
4318
2104
1587
6128
1739
6576
1703
1790
3178
2906
3355
4918
5618
2706
3347
5047
1857
7116
2949
3848
2517
1644
1568
7779
2143
2461
4595
7265
7396
2439
6155
2369
2780
5095
2698
4381
6766
7534
2338
2861
1588
1531
2648
7940
2116
6595
6540
4852
1889
2841
7571
7165
6848
7633
5765
915
7842
1695
5601
1741
4969
2306
4526
2115
2699
2201
2047
5974
2610
2360
6869
7210
1836
3985
2307
2529
3667
7049
6457
3423
2613
1514
1600
1683
2634
2518
6387
5453
5685
2859
4484
6713
2048
4219
4478
2914
2709
2833
1488
4712
2160
1788
1742
2272
1735
2483
3241
2295
7055
7175
2053
1520
3256
2627
5723
1555
2676
2071
6224
5803
5972
2726
6774
2870
2837
2459
1910
5291
1806
6840
4919
2140
6529
4920
7874
2217
6849
2041
3198
7385
5231
3245
7998
2558
2477
3394
1609
6338
5673
2615
6554
1714
2507
2611
5753
1603
1650
6615
6431
5306
2645
7854
2620
7303
1778
2209
2673
6782
3562
1897
6747
7302
2159
1602
7794
2591
2119
6109
2257
4403
2807
7290
4906
6366
1519
6062
1763
2218
3885
2750
1614
2228
2865
2086
2447
5624
6028
4257
6084
3486
4088
7536
2205
1927
1535
2080
2551
2009
2550
2142
1837
1743
7343
2148
2479
1509
2515
1684
1680
3992
1685
2038
7067
5540
1628
2386
1580
1917
2411
5136
2026
3741
3634
1787
7011
2109
4885
6864
2775
6159
2404
1760
1759
4537
4527
2752
2829
2763
1946
6101
5820
1780
4141
5373
2539
1978
5575
2854
2561
2445
3795
2821
1925
2200
2406
5419
2599
4444
7585
2770
1906
4623
1894
2077
2273
2534
1626
3337
7686
2391
4420
1483
3871
2588
1624
2312
2838
2563
2803
1976
1066
1777
2836
2212
2621
1736
4545
2592
5050
2810
6347
2636
3095
4636
1647
2114
2522
1870
1971
2326
2723
7194
1486
5041
5631
6964
2062
2715
2802
5257
5052
2315
5325
3391
1673
1691
2004
2090
1967
1608
2176
2874
6666
1827
6761
1940
1746
5292
3242
2407
5133
2688
7901
1717
7174
4660
1476
3047
2776
2018
5894
3643
3330
2824
1658
6251
1679
2857
2125
1744
1589
1585
5531
2557
7587
2168
1657
2389
1661
7872
2265
2692
3038
1871
1915
1858
5168
5474
2559
7187
1554
2220
1064
2240
3343
1656
2178
2617
1631
4423
1957
2659
2380
4666
2733
2478
2984
7185
6834
1945
2016
1481
1807
1862
2126
2649
2244
1654
2486
2564
1632
2381
3258
1924
7763
2549
1919
1767
6270
5415
2736
1874
1824
2442
3652
1984
6317
2316
2488
2449
2762
2737
3297
2195
4612
1339
2157
3103
1785
2605
7741
3971
5361
1820
2626
2246
1926
2455
2259
3883
5986
3549
2497
3430
7036
3058
1538
2597
1779
1699
2001
1895
2067
7371
1883
3580
6539
2653
2536
4374
1773
2063
2512
1853
2687
1993
1615
2394
1850
2496
5434
2727
6272
2421
2584
5978
2495
2137
1089
1316
2166
5300
2264
2856
1592
7242
1912
2253
2545
2040
2305
6820
2704
2701
1847
1124
6878
4086
2422
2376
2805
2055
2031
2604
1633
2582
1783
1121
2761
2520
1278
2470
2794
972
1909
2359
1752
1141
2683
2746
2738
1590
1715
2223
2007
1789
2035
5365
4507
1553
1630
5492
2089
1708
2206
2791
2186
1950
2017
3487
7535
2440
2835
1670
3145
2524
2172
2108
2826
1487
6449
1612
1873
1101
4416
2773
2182
2436
2408
927
6327
6569
1956
902
4004
2800
1948
1711
1022
3598
1859
2083
2877
2654
2489
4590
2452
1975
4881
4400
1772
1584
1674
2681
1625
2587
1572
4125
1856
2624
1851
1107
6517
1248
2236
2675
2107
1728
2532
1712
2570
2207
2192
2237
2814
6090
2798
4319
2543
1821
1676
2608
2759
2817
1550
968
2879
1627
6226
7983
6657
2766
6229
7191
970
2322
6695
2772
2771
1879
2677
1958
7780
2232
2785
1776
1730
1794
1802
2647
1664
2121
6609
1634
1545
1567
1861
1731
2663
3465
2377
2364
2424
1901
5448
2144
2325
2849
5172
2308
7814
1989
1036
2283
1546
2262
6205
7156
907
3461
2375
1866
1900
1775
2329
1565
1582
2695
1992
2678
4183
1893
2748
1855
1842
1960
2845
2708
2379
6298
7762
2482
2215
2637
1724
1953
1972
2569
2278
2096
2703
7143
1756
2722
2985
1492
1961
2758
2574
7038
1591
2425
1543
2560
2058
2078
2467
2155
1307
2485
3030
1929
1098
2167
1694
2540
1781
7781
2358
1498
2513
941
2374
2313
2705
1793
2287
7406
4064
1607
6735
2270
1516
1881
4871
2657
2354
1709
1265
2514
1875
2544
1169
2328
2145
2292
1805
1831
1594
2057
1758
1114
2466
2385
2586
2084
5237
2365
1762
5898
2173
1641
7374
2457
1460
2225
2525
2384
1427
2241
2743
2729
7597
1949
1532
2105
1966
2547
2415
1816
1115
1599
2392
1558
2383
1713
2789
2339
2765
4935
1988
2774
1955
1547
2754
1952
2277
1981
950
2473
2602
2426
2684
1529
1057
2398
1986
2783
3560
1928
1571
1854
2589
2508
1527
2632
2002
1491
1734
1537
2581
6079
2721
1112
7751
2832
2852
2233
1747
2154
2214
2174
2603
2082
1473
2840
2499
2494
1570
2844
2535
6377
2368
1749
1623
2210
1010
1748
2314
1191
2309
1833
1444
4364
2730
1982
2585
2230
2146
1597
2030
1522
5537
1671
1354
2813
2639
2568
1710
1886
2542
2711
1040
2718
2128
2537
1441
2555
2069
2598
2350
2427
1604
2484
2267
1865
1314
2282
2027
2441
1039
1769
1672
1700
1697
2284
1410
2713
2260
1294
2820
2778
2480
1801
2702
2347
1665
1325
1540
2456
2255
2818
2876
2679
1472
2165
1308
2409
1199
1504
2437
2132
2596
1964
1706
2319
1920
2700
1372
1579
2693
1757
1497
2842
1479
2097
1815
4618
1914
2120
2538
923
1489
1852
1478
2162
2060
2850
988
2740
1583
2825
2363
2728
1810
1474
2474
2697
1662
1998
2462
2418
1267
2399
1826
2786
2401
2234
1811
2343
2029
1797
2431
2801
2342
2764
779
3068
1954
2732
1364
1880
2576
2498
2707
2782
1147
1796
1832
4053
2768
2519
1223
2226
2458
1506
1470
4013
2434
2188
2353
1601
2034
2822
2135
2373
4745
2095
2149
1916
2079
2012
1026
2136
2355
2271
2261
2566
2203
2100
1750
1448
2469
2161
1149
2180
2747
1726
1385
2341
2658
2533
1830
1505
2019
1918
2021
6758
2430
2229
2853
2793
2179
1823
2423
1193
1499
1450
1493
1475
2428
2553
2528
1843
2530
2812
1798
1574
2451
1447
2527
2460
2867
2348
1970
2696
2340
1891
1766
2066
1878
2177
889
2429
1985
1761
1241
2335
895
1541
1689
2689
2694
7336
1556
4743
1977
1471
2600
1206
910
2720
1557
1496
911
995
2127
2197
6442
1273
2345
1032
1740
905
1056
2189
2387
975
2073
2098
1994
946
2851
1517
1145
2091
1511
964
1980
1361
1899
2471
2298
2858
1621
2868
1401
1619
2037
1037
2318
926
2521
2003
1238
2402
1687
1581
5066
1377
1996
3998
1530
1937
1819
2493
1902
1997
2595
2827
2395
2405
1720
1017
1187
1465
1174
2000
2361
1251
1454
2830
2710
2735
2243
2101
2571
1443
1004
2275
2013
1422
1849
1702
1864
2749
1142
1494
2362
2642
2878
2046
1959
1358
1544
1696
951
1876
1334
1432
2301
1164
2331
2290
2652
1569
1397
1375
1564
1305
876
1898
2334
1840
2843
1510
1907
2575
1456
1253
843
1905
1733
2221
2153
2088
2010
2344
996
2869
1768
2124
1227
1003
1490
1495
2336
1402
1076
1099
1908
1412
2690
2590
2475
2660
2680
2059
1803
924
1025
2506
2043
1698
1181
1249
1366
2202
1885
1548
1287
1725
1692
1643
2511
1426
2311
1370
1215
2656
2198
1784
2619
2247
1413
1363
2505
2330
2414
2618
2289
2468
1320
1596
2249
2601
1068
1968
2118
2860
1681
2593
933
1302
2504
1128
1477
1055
1232
2745
2572
1289
1942
2614
1442
2643
1235
1651
1991
2297
1378
2310
2742
2734
1345
1770
2269
1365
2123
1675
1360
2753
987
1213
2567
1808
930
2472
2668
1244
1362
1799
2075
2757
1095
2138
2811
2044
2370
2185
2717
2110
2554
1429
1087
2302
1135
1062
1258
2438
1417
2741
956
1021
1279
1990
1284
1508
1860
1283
2245
2051
1079
1751
2686
1552
1197
1175
1933
2103
2465
2875
2183
993
1052
758
928
1044
1834
1201
1180
1075
967
1123
2106
2864
1841
1119
2573
2819
2094
2420
1754
1424
2831
1659
1313
2065
1183
2855
999
980
2093
1638
2577
2541
1214
1091
1012
1338
1093
982
1335
1171
1892
1693
2609
1153
1134
1210
2164
1139
903
1328
1586
1332
1216
2500
2674
1501
1184
1453
1252
2583
1065
1152
1399
958
1111
1704
1719
717
1923
1048
1311
1995
971
1963
1425
1074
1466
2816
2666
2054
1002
1035
1176
1306
1070
2502
2130
1023
2491
2299
1331
2131
2808
929
1080
1205
1059
1092
899
2607
1072
1275
1723
2623
2685
981
1209
1368
1391
1563
1414
906
1297
1166
1379
1138
2111
6172
1029
1290
1262
974
2024
1652
1277
976
961
992
2081
2412
1867
2296
1606
1071
914
1394
1195
1804
1415
2443
1301
2606
1140
2039
954
1381
1081
1348
1467
960
1268
2211
1179
1449
1224
977
1295
618
1234
2629
937
1668
1315
1722
1009
1225
1151
1350
2509
2052
869
1212
947
794
1411
2023
1310
806
2454
1270
755
953
1406
1518
1395
891
1765
1285
1398
1132
1018
1168
2751
2397
1105
1110
1038
1257
896
1094
969
921
1678
893
1396
827
1020
1922
1430
1319
2367
1433
1340
1462
2799
2796
1419
1357
2644
2828
1131
1389
751
1240
1007
2196
917
710
1324
888
1097
1126
1100
1299
686
2416
919
1033
986
1236
1400
1226
1690
940
2323
1403
997
1261
1157
1380
1343
2640
925
1809
1063
1333
1347
1551
2251
1351
811
913
1129
1346
952
689
1941
696
1434
2112
639
949
1096
1349
2823
1053
1109
1272
604
1189
2150
1292
1231
2191
2293
628
1146
1228
1973
1000
800
1188
1008
816
1054
1404
1300
978
617
1148
979
1359
804
1158
712
1269
1296
729
1369
1163
897
2263
856
1137
482
1060
1682
1172
1042
1061
1250
1125
1405
1122
1150
1005
1407
904
669
1237
1077
1043
1393
1049
1655
777
812
1161
1027
735
918
1050
1455
1177
989
1136
701
1446
746
1264
1353
881
1341
848
754
650
1185
1298
1204
847
657
1200
1127
943
676
1371
1203
682
1382
654
737
1182
866
1374
1344
1218
1229
1045
727
851
1239
1421
1015
1323
1016
1220
1082
1263
2516
1170
1435
898
963
655
1130
1440
2795
1318
1352
1221
823
948
1120
1386
920
850
801
1102
634
1254
1437
991
909
658
994
766
1067
1342
1438
1024
1282
771
1219
684
1445
2650
836
1337
700
677
1034
1178
1436
741
1013
1463
817
1001
1390
1242
901
711
839
678
796
1190
1160
706
763
983
1047
536
838
605
1247
1457
1255
1154
1088
552
1367
966
1030
455
1117
1202
1233
685
942
934
1051
1336
603
864
620
824
965
1162
643
1019
1383
636
936
2664
870
1303
789
900
785
1420
2102
1356
1073
656
1291
1083
1031
687
726
1387
1078
1108
875
1458
1271
458
1192
1116
990
674
742
663
623
1156
762
962
601
630
743
1376
935
852
1113
1256
1309
1428
593
871
780
1388
955
1452
1196
938
890
638
1028
1014
1259
790
621
1165
1046
813
1321
932
788
1041
1144
1086
908
612
1246
1451
1280
1276
872
1418
809
619
1085
749
668
985
738
719
1069
1155
1329
844
647
1186
945
770
760
437
1416
491
739
1408
1208
1090
786
1167
1245
1274
608
828
1468
732
765
1384
778
859
597
884
2276
1459
622
1304
998
1243
589
1217
799
1409
892
1288
1322
444
959
694
1198
730
912
1461
764
662
1317
680
805
1118
600
868
916
857
1431
931
666
624
703
1211
1260
693
673
598
721
853
565
697
831
606
707
1058
599
562
675
460
750
702
747
877
740
633
699
984
944
855
1084
648
878
842
579
882
1293
505
820
715
664
832
863
723
957
1230
1326
1207
797
625
724
1286
1104
537
1312
497
548
581
431
590
595
645
1133
854
614
670
1194
610
483
551
731
672
716
973
646
1106
403
1392
439
781
757
705
470
523
862
772
748
860
691
688
774
1266
845
626
815
885
803
846
736
659
745
886
1143
1011
752
499
665
887
819
667
474
550
454
453
649
714
501
709
841
879
722
615
594
791
651
829
428
922
467
661
808
679
833
1006
840
692
635
708
792
1330
759
830
861
555
681
713
515
644
660
511
894
1103
583
432
728
834
756
1464
1355
683
671
653
690
718
782
538
734
793
435
1439
784
567
768
744
484
591
883
631
514
445
825
527
807
611
468
526
858
753
1281
461
810
761
549
441
837
627
518
456
607
821
874
632
543
539
547
328
835
535
818
495
613
652
479
462
637
577
398
629
561
469
776
411
849
616
323
767
503
512
814
530
826
465
329
438
609
463
867
476
402
720
447
442
506
489
496
865
379
430
522
540
333
457
775
558
377
695
532
546
500
596
576
773
569
448
641
358
822
426
880
487
519
429
517
446
534
783
450
640
568
587
573
507
592
586
725
360
427
257
698
769
544
433
480
320
381
395
407
509
481
335
873
642
416
486
798
493
443
588
531
357
602
733
440
436
560
265
541
399
528
575
334
488
704
545
559
520
475
478
354
533
363
286
554
459
795
521
371
392
472
557
492
344
343
571
361
420
574
355
452
584
353
513
336
342
585
464
580
564
563
394
582
477
525
348
259
434
368
572
276
787
553
494
504
338
449
566
404
802
365
351
425
424
314
367
498
242
324
350
473
337
406
510
327
422
370
291
423
471
382
309
208
397
373
524
346
418
262
421
408
466
412
325
387
362
290
281
401
270
410
414
302
485
279
332
542
321
359
372
352
268
391
578
389
369
292
305
415
375
388
349
272
345
508
220
376
529
356
266
417
490
263
311
413
396
385
556
384
280
277
383
393
378
271
293
303
340
390
322
213
451
278
374
210
287
516
274
364
298
267
236
308
341
245
339
326
347
386
294
211
252
179
419
319
205
273
502
409
300
304
247
251
204
228
256
261
317
194
260
264
254
312
203
288
299
405
570
285
315
289
240
380
283
253
219
331
232
248
214
238
400
366
226
269
227
310
295
170
318
231
301
202
296
316
233
282
330
241
306
218
234
154
275
168
224
188
229
138
230
250
249
217
165
258
313
307
199
190
201
195
207
192
209
212
187
243
255
206
180
225
191
196
200
284
167
169
119
151
156
178
193
198
223
235
246
172
173
186
297
159
184
145
239
182
221
176
177
237
185
222
148
140
141
158
244
183
162
136
150
181
157
144
120
171
118
155
216
161
215
124
149
139
146
164
174
163
115
175
107
125
166
197
152
127
137
122
134
153
102
129
143
103
112
142
133
131
104
132
117
111
121
108
98
147
114
94
126
135
105
109
160
83
128
93
123
116
189
80
92
91
130
79
96
101
99
95
78
67
106
86
85
100
66
110
74
63
84
113
97
89
90
73
81
71
77
87
88
82
68
75
70
76
53
44
69
42
64
65
60
56
54
62
59
61
55
72
52
50
47
57
58
49
48
45
46
43
41
51
39
35
34
36
27
38
40
33
37
32
26
31
25
29
23
28
30
21
22
24
19
20
17
16
18
15
14
11
13
12
10
9
8
7
6
4
5
3
2
1
0
